# people-skills.mp4  1280x720  duration=2:07.67  step=0.5s  thr=45.0
# target: fixed 4 px at 720p (6 px at 1080p), Edit Spec section 5 (2026-09-26); widths are SOLID pixels at thr, true width is about +0.5
# time      color    stroke   L    R    T    B    bbox(x,y,w,h)
 0:29.00  violet     4.0   4.0  4.0  4.0  4.0   (516, 128, 286, 114)
 0:29.50  violet     4.0   4.0  4.0  4.0  4.0   (516, 126, 286, 116)
 0:30.00  violet     4.0   4.0  4.0  4.0  4.0   (516, 126, 286, 116)
 0:30.50  violet     4.0   4.0  4.0  4.0  4.0   (516, 126, 286, 116)
 0:31.00  violet     4.0   4.0  4.0  4.0  4.0   (516, 126, 286, 116)
 0:31.50  violet     4.0   4.0  4.0  4.0  4.0   (516, 126, 286, 116)
 0:32.00  violet     4.0   4.0  4.0  4.0  4.0   (516, 126, 286, 116)
 0:32.50  violet     4.0   4.0  4.0  4.0  4.0   (516, 126, 286, 116)
 0:33.00  violet     4.0   4.0  4.0  4.0  4.0   (516, 126, 287, 116)
 0:33.50  violet     4.0   4.0  4.0  4.0  4.0   (516, 126, 287, 116)
 0:34.00  violet     4.0   4.0  4.0  4.0  4.0   (206, 622, 870, 60)
 0:34.50  violet     4.0   4.0  4.0  4.0  4.0   (205, 622, 871, 60)
 0:35.00  violet     4.0   4.5  4.0  4.0  4.0   (205, 622, 871, 60)
 0:35.50  violet     4.0   5.0  4.0  4.0  4.0   (205, 622, 871, 60)
 0:53.00  purple     5.0   4.0  5.0  5.0  5.0   (239, 40, 803, 641)
 0:53.50  purple     5.0   4.0  5.0  5.0  5.0   (239, 40, 803, 641)
 0:54.00  purple     5.0   4.0  5.0  5.0  5.0   (239, 40, 803, 641)
 0:54.50  purple     5.0   4.0  5.0  5.0  5.0   (239, 40, 803, 641)
 0:55.00  purple     5.0   4.0  5.0  5.0  5.0   (239, 40, 803, 641)
 0:55.50  purple     5.0   4.0  5.0  5.0  5.0   (239, 40, 803, 641)
 0:56.00  purple     5.0   4.0  5.0  5.0  5.0   (239, 40, 803, 641)
 0:56.50  purple     5.0   4.0  5.0  5.0  5.0   (239, 40, 803, 641)
 0:57.00  purple     5.0   4.0  5.0  5.0  5.0   (239, 40, 803, 641)
 0:57.50  purple     5.0   4.0  5.0  5.0  5.0   (239, 40, 803, 641)
 0:58.00  purple     5.0   4.0  5.0  5.0  5.0   (239, 40, 803, 641)
 0:58.50  purple     5.0   4.0  5.0  5.0  5.0   (239, 40, 803, 641)
 0:59.00  purple     5.0   4.0  5.0  5.0  5.0   (239, 40, 803, 641)
 0:59.50  purple     5.0   4.0  5.0  5.0  5.0   (239, 40, 803, 641)
 1:00.00  purple     5.0   4.0  5.0  5.0  5.0   (239, 40, 803, 641)
 1:00.50  purple     5.0   4.0  5.0  5.0  5.0   (239, 40, 803, 641)
 1:01.00  purple     5.0   4.0  5.0  5.0  5.0   (239, 40, 803, 641)
 1:01.50  purple     5.0   4.0  5.0  5.0  5.0   (239, 40, 803, 641)
 1:02.00  purple     5.0   4.0  5.0  5.0  5.0   (239, 40, 803, 641)
 1:02.50  purple     4.5   4.0  4.0  5.0  5.0   (234, 40, 803, 641)
 1:03.00  purple     5.0   5.0  5.0  5.0  5.0   (0, 40, 398, 641)
 1:03.50  blue       4.0   4.0  4.0  4.0  4.0   (240, 40, 802, 640)
 1:04.00  blue       4.0   4.0  4.0  4.0  4.0   (240, 40, 802, 640)
 1:04.50  blue       4.0   4.0  4.0  4.0  4.0   (239, 40, 803, 640)
 1:05.00  blue       4.0   4.0  4.0  4.0  4.0   (239, 40, 803, 640)
 1:05.50  blue       4.0   4.0  4.0  4.0  4.0   (239, 40, 803, 640)
 1:06.00  blue       4.0   4.0  4.0  4.0  4.0   (239, 40, 803, 640)
 1:15.50  teal       5.0   5.0  5.0  5.0  5.0   (239, 40, 803, 641)
 1:16.00  teal       5.0   5.0  5.0  5.0  5.0   (239, 40, 803, 641)
 1:16.50  teal       5.0   5.0  5.0  5.0  5.0   (239, 40, 803, 641)
 1:17.00  teal       5.0   5.0  5.0  5.0  5.0   (239, 40, 803, 641)
 1:17.50  teal       5.0   5.0  5.0  5.0  5.0   (239, 40, 803, 641)
 1:18.00  teal       5.0   5.0  5.0  5.0  5.0   (239, 40, 803, 641)
 1:18.50  teal       5.0   5.0  5.0  5.0  5.0   (239, 40, 803, 641)
 1:19.00  teal       5.0   5.0  5.0  5.0  5.0   (239, 40, 803, 641)
 1:19.50  teal       5.0   5.0  5.0  5.0  5.0   (239, 40, 803, 641)
 1:20.00  teal       5.0   5.0  5.0  5.0  5.0   (239, 40, 803, 641)
 1:20.50  teal       5.0   5.0  5.0  5.0  5.0   (239, 40, 803, 641)
 1:21.00  teal       5.0   5.0  5.0  5.0  5.0   (239, 40, 803, 641)
 1:21.50  teal       5.0   5.0  5.0  5.0  5.0   (239, 40, 803, 641)
 1:22.00  teal       5.0   5.0  5.0  5.0  5.0   (239, 40, 803, 641)
 1:22.50  teal       5.0   5.0  5.0  5.0  5.0   (239, 40, 803, 641)
 1:23.00  teal       5.0   5.0  5.0  5.0  5.0   (239, 40, 803, 641)
 1:23.50  teal       5.0   5.0  5.0  5.0  5.0   (239, 40, 803, 641)
 1:24.00  teal       5.0   5.0  5.0  5.0  5.0   (173, 40, 803, 641)
 1:24.50  teal       5.0   5.0  5.0  5.0  5.0   (0, 41, 281, 641)
 1:25.00  amber      4.5   4.0  5.0  4.0  5.0   (239, 41, 803, 639)
 1:25.50  amber      4.5   4.0  5.0  4.0  5.0   (239, 41, 803, 639)
 1:26.00  amber      4.5   4.0  5.0  4.0  5.0   (239, 41, 803, 639)
 1:26.50  amber      4.5   4.0  5.0  4.0  5.0   (239, 41, 803, 639)
 1:27.00  amber      4.5   4.0  5.0  4.0  5.0   (239, 41, 803, 639)
 1:27.50  amber      4.5   4.0  5.0  4.0  5.0   (239, 41, 803, 639)
 1:38.50  purple     5.0   5.0  5.0  5.0  5.0   (27, 148, 399, 496)
 1:39.00  purple     5.0   5.0  5.0  5.0  5.0   (27, 148, 398, 496)
 1:39.50  purple     5.0   5.0  5.0  5.0  5.0   (27, 148, 398, 496)
 1:40.00  purple     5.0   5.0  5.0  5.0  5.0   (27, 148, 398, 496)
 1:40.50  purple     5.0   4.0  5.0  5.0  5.0   (26, 147, 399, 497)
 1:41.00  purple     5.0   4.0  5.0  5.0  5.0   (26, 147, 399, 497)
 1:41.50  purple     5.0   4.0  5.0  5.0  5.0   (26, 147, 399, 497)
 1:42.00  purple     5.0   4.0  5.0  5.0  5.0   (25, 147, 400, 498)
 1:42.50  purple     5.0   4.0  5.0  5.0  5.0   (25, 147, 400, 498)
 1:43.00  purple     5.0   4.0  5.0  5.0  5.0   (25, 147, 400, 498)
 1:44.50  blue       4.0   4.0  4.0  4.0  4.0   (440, 148, 402, 496)
 1:45.00  blue       4.0   4.0  4.0  5.0  4.0   (440, 146, 402, 498)
 1:45.50  blue       4.0   4.0  4.0  5.0  4.0   (440, 146, 402, 500)
 1:46.00  blue       4.0   4.0  4.0  5.0  4.0   (440, 146, 402, 500)
 1:46.50  blue       4.0   4.0  4.0  5.0  4.0   (440, 146, 402, 500)
 1:47.00  blue       4.0   4.0  4.0  5.0  4.0   (440, 146, 402, 500)
 1:47.50  blue       4.0   4.0  4.0  5.0  4.0   (440, 146, 402, 500)
 1:48.00  blue       4.0   4.0  4.0  5.0  4.0   (440, 146, 402, 500)
 1:48.50  blue       4.0   4.0  4.0  5.0  4.0   (440, 146, 402, 500)
 1:49.00  blue       4.0   4.0  4.0  5.0  4.0   (440, 146, 402, 500)
 1:49.50  teal       5.0   5.0  5.0  5.0  5.0   (859, 146, 402, 499)
 1:50.00  teal       5.0   5.0  5.0  5.0  5.0   (859, 145, 402, 500)
 1:50.50  teal       5.0   5.0  5.0  5.0  5.0   (859, 145, 402, 500)
 1:51.00  teal       5.0   5.0  5.0  5.0  5.0   (859, 145, 403, 500)
 1:51.50  teal       5.0   5.0  5.0  5.0  5.0   (859, 145, 403, 500)
 1:52.00  teal       5.0   5.0  5.0  5.0  5.0   (859, 145, 403, 500)
 1:52.50  teal       5.0   5.0  5.0  5.0  5.0   (859, 145, 403, 501)
 1:53.00  teal       5.0   5.0  5.0  5.0  5.0   (859, 145, 403, 501)
 1:53.50  teal       5.0   5.0  5.0  5.0  5.0   (859, 145, 403, 501)
 1:54.00  teal       5.0   5.0  5.0  5.0  5.0   (859, 145, 403, 501)
 1:54.50  teal       5.0   5.0  5.0  5.0  5.0   (859, 145, 403, 501)

# 97 ring samples in 12 runs; stroke histogram (rounded px): 4 px: 37, 5 px: 60
# runs (start, end, color, median stroke, min-max, samples)
 0:29.00 -  0:33.50  violet    4.0   4.0- 4.0   10
 0:34.00 -  0:35.50  violet    4.0   4.0- 4.0    4
 0:53.00 -  1:02.50  purple    5.0   4.5- 5.0   20
 1:03.00 -  1:03.00  purple    5.0   5.0- 5.0    1
 1:03.50 -  1:06.00  blue      4.0   4.0- 4.0    6
 1:15.50 -  1:23.50  teal      5.0   5.0- 5.0   17
 1:24.00 -  1:24.00  teal      5.0   5.0- 5.0    1
 1:24.50 -  1:24.50  teal      5.0   5.0- 5.0    1
 1:25.00 -  1:27.50  amber     4.5   4.5- 4.5    6
 1:38.50 -  1:43.00  purple    5.0   5.0- 5.0   10
 1:44.50 -  1:49.00  blue      4.0   4.0- 4.0   10
 1:49.50 -  1:54.50  teal      5.0   5.0- 5.0   11
