# ai-is-math.mp4  1280x720  duration=3:26.13  step=1.0s  thr=45.0
# target: fixed 4 px at 720p (6 px at 1080p), Edit Spec section 5 (2026-09-26); widths are SOLID pixels at thr, true width is about +0.5
# time      color    stroke   L    R    T    B    bbox(x,y,w,h)
 0:55.00  purple     4.0   4.0  4.0  4.0  4.0   (58, 220, 1164, 248)
 0:56.00  purple     4.0   4.0  4.0  4.0  4.0   (58, 220, 1164, 248)
 0:57.00  purple     4.0   4.0  4.0  4.0  4.0   (58, 220, 1164, 248)
 0:58.00  purple     4.0   4.0  4.0  4.0  4.0   (58, 220, 1164, 248)
 0:59.00  purple     4.0   4.0  4.0  4.0  4.0   (58, 220, 1164, 248)
 1:05.00  purple     3.0   8.0  4.0  2.0  2.0   (174, 96, 932, 80)
 1:06.00  purple     3.0   8.0  4.0  2.0  2.0   (174, 96, 932, 80)
 1:07.00  purple     3.0   8.0  4.0  2.0  2.0   (174, 96, 932, 80)
 1:08.00  purple     3.0   8.0  4.0  2.0  2.0   (174, 96, 932, 80)
 1:09.00  purple     3.0   8.0  4.0  2.0  2.0   (174, 96, 932, 80)
 1:10.00  violet     3.0   4.0  4.0  2.0  2.0   (222, 230, 858, 146)
 1:11.00  violet     3.0   4.0  4.0  2.0  2.0   (222, 230, 858, 146)
 1:12.00  violet     3.0   4.0  4.0  2.0  2.0   (222, 230, 858, 146)
 1:13.00  violet     3.0   4.0  4.0  2.0  2.0   (222, 230, 858, 146)
 1:14.00  violet     3.0   4.0  4.0  2.0  2.0   (222, 230, 858, 146)
 1:15.00  violet     3.0   4.0  4.0  2.0  2.0   (222, 230, 858, 146)
 1:16.00  violet     3.0   4.0  4.0  2.0  2.0   (222, 230, 858, 146)
 1:17.00  violet     3.0   4.0  4.0  2.0  2.0   (222, 230, 858, 146)
 1:18.00  green      4.0   4.0  4.0  4.0  4.0   (221, 229, 161, 148)
 1:19.00  green      4.0   4.0  4.0  4.0  4.0   (221, 229, 161, 148)
 1:20.00  purple     3.0   4.0  2.0  2.0  4.0   (304, 446, 632, 96)
 1:21.00  purple     3.0   4.0  2.0  2.0  4.0   (304, 446, 632, 96)
 1:22.00  purple     3.0   4.0  2.0  2.0  4.0   (304, 446, 632, 96)
 1:23.00  purple     3.0   4.0  2.0  2.0  4.0   (304, 446, 632, 96)
 1:24.00  violet     4.0   4.0  4.0  4.0  4.0   (174, 620, 932, 58)
 1:25.00  violet     4.0   4.0  4.0  4.0  4.0   (174, 620, 932, 58)
 2:01.00  red        2.0   2.0  2.0  2.0  2.0   (666, 246, 384, 144)
 2:02.00  red        2.0   2.0  2.0  2.0  2.0   (666, 246, 384, 144)
 2:03.00  red        2.0   2.0  2.0  2.0  2.0   (666, 246, 384, 144)
 2:04.00  red        2.0   2.0  2.0  2.0  2.0   (666, 246, 384, 144)
 2:05.00  red        2.0   2.0  2.0  2.0  2.0   (666, 246, 384, 144)
 2:07.00  violet     2.0   2.0  4.0  2.0  2.0   (236, 246, 394, 144)
 2:08.00  violet     2.0   2.0  4.0  2.0  2.0   (236, 246, 394, 144)
 2:09.00  violet     2.0   2.0  4.0  2.0  2.0   (236, 246, 394, 144)
 2:10.00  violet     2.0   2.0  4.0  2.0  2.0   (236, 246, 394, 144)
 2:11.00  green      4.0   4.0  4.0  4.0  4.0   (235, 245, 156, 146)
 2:12.00  green      4.0   4.0  4.0  4.0  4.0   (235, 245, 156, 146)
 2:13.00  green      4.0   4.0  4.0  4.0  4.0   (235, 245, 156, 146)
 2:14.00  green      4.0   4.0  4.0  4.0  4.0   (235, 245, 156, 146)
 2:15.00  green      4.0   4.0  4.0  4.0  4.0   (315, 454, 613, 93)
 2:16.00  green      4.0   4.0  4.0  4.0  4.0   (315, 454, 613, 93)
 2:17.00  green      4.0   4.0  4.0  4.0  4.0   (315, 454, 613, 93)
 2:18.00  green      4.0   4.0  4.0  4.0  4.0   (315, 454, 613, 93)
 2:25.00  violet     2.0   2.0  2.0  2.0  4.0   (192, 624, 896, 54)
 2:26.00  violet     2.0   2.0  2.0  2.0  4.0   (192, 624, 896, 54)
 2:27.00  violet     2.0   2.0  2.0  2.0  4.0   (192, 624, 896, 54)
 2:28.00  violet     2.0   2.0  2.0  2.0  4.0   (192, 624, 896, 54)
 2:46.00  purple     4.0   8.0  4.0  4.0  2.0   (74, 112, 1132, 98)
 2:47.00  purple     2.0   2.0  2.0  4.0  2.0   (420, 254, 436, 94)
 2:48.00  purple     2.0   2.0  2.0  4.0  2.0   (420, 254, 436, 94)
 2:49.00  purple     2.0   2.0  2.0  4.0  2.0   (420, 254, 436, 94)
 2:50.00  purple     2.0   2.0  2.0  4.0  2.0   (420, 254, 436, 94)
 2:51.00  purple     2.0   2.0  2.0  4.0  2.0   (420, 254, 436, 94)
 2:52.00  purple     2.0   2.0  2.0  4.0  2.0   (420, 254, 436, 94)
 2:53.00  purple     2.0   2.0  2.0  4.0  2.0   (420, 254, 436, 94)
 2:54.00  purple     3.0   4.0  4.0  2.0  2.0   (276, 398, 728, 110)
 2:55.00  purple     3.0   4.0  4.0  2.0  2.0   (276, 398, 728, 110)
 2:56.00  purple     3.0   4.0  4.0  2.0  2.0   (276, 398, 728, 110)
 2:57.00  purple     3.0   4.0  4.0  2.0  2.0   (276, 398, 728, 110)
 2:58.00  purple     3.0   4.0  4.0  2.0  2.0   (276, 398, 728, 110)
 2:59.00  purple     3.0   4.0  4.0  2.0  2.0   (276, 398, 728, 110)
 3:00.00  purple     3.0   4.0  4.0  2.0  2.0   (276, 398, 728, 110)
 3:01.00  purple     3.0   4.0  4.0  2.0  2.0   (276, 398, 728, 110)
 3:02.00  purple     3.0   4.0  4.0  2.0  2.0   (276, 398, 728, 110)
 3:03.00  purple     3.0   4.0  4.0  2.0  2.0   (276, 398, 728, 110)
 3:04.00  purple     3.0   4.0  4.0  2.0  2.0   (276, 398, 728, 110)
 3:05.00  purple     3.0   4.0  4.0  2.0  2.0   (276, 398, 728, 110)
 3:06.00  purple     3.0   4.0  4.0  2.0  2.0   (276, 398, 728, 110)

# 68 ring samples in 14 runs; stroke histogram (rounded px): 2 px: 20, 3 px: 30, 4 px: 18
# runs (start, end, color, median stroke, min-max, samples)
 0:55.00 -  0:59.00  purple    4.0   4.0- 4.0    5
 1:05.00 -  1:09.00  purple    3.0   3.0- 3.0    5
 1:10.00 -  1:17.00  violet    3.0   3.0- 3.0    8
 1:18.00 -  1:19.00  green     4.0   4.0- 4.0    2
 1:20.00 -  1:23.00  purple    3.0   3.0- 3.0    4
 1:24.00 -  1:25.00  violet    4.0   4.0- 4.0    2
 2:01.00 -  2:05.00  red       2.0   2.0- 2.0    5
 2:07.00 -  2:10.00  violet    2.0   2.0- 2.0    4
 2:11.00 -  2:14.00  green     4.0   4.0- 4.0    4
 2:15.00 -  2:18.00  green     4.0   4.0- 4.0    4
 2:25.00 -  2:28.00  violet    2.0   2.0- 2.0    4
 2:46.00 -  2:46.00  purple    4.0   4.0- 4.0    1
 2:47.00 -  2:53.00  purple    2.0   2.0- 2.0    7
 2:54.00 -  3:06.00  purple    3.0   3.0- 3.0   13
