# one-more-thing-v13.mp4  1280x720  duration=3:27.90  step=0.5s  thr=45.0
# target: fixed 4 px at 720p (6 px at 1080p), Edit Spec section 5 (2026-09-26); widths are SOLID pixels at thr, true width is about +0.5
# time      color    stroke   L    R    T    B    bbox(x,y,w,h)
 0:24.00  purple     3.0   4.0  2.0  2.0  4.0   (114, 224, 426, 320)
 0:24.50  purple     3.0   4.0  2.0  2.0  4.0   (114, 224, 426, 320)
 0:25.00  purple     2.0   2.0  4.0  2.0  2.0   (114, 224, 426, 320)
 0:25.50  purple     2.0   2.0  4.0  2.0  2.0   (114, 224, 426, 320)
 0:26.00  purple     2.0   2.0  4.0  2.0  2.0   (114, 224, 426, 320)
 0:26.50  purple     3.0   4.0  4.0  2.0  2.0   (112, 224, 428, 320)
 0:27.00  purple     3.0   4.0  4.0  2.0  2.0   (112, 224, 428, 320)
 0:27.50  purple     2.0   2.0  4.0  2.0  2.0   (112, 224, 428, 320)
 0:28.00  purple     4.0   2.0  4.0  4.0  4.0   (112, 222, 428, 324)
 0:28.50  purple     4.0   4.0  4.0  4.0  4.0   (110, 222, 430, 324)
 0:29.00  purple     4.0   4.0  4.0  4.0  4.0   (110, 222, 430, 324)
 0:29.50  purple     4.0   2.0  4.0  4.0  4.0   (110, 222, 430, 324)
 0:30.00  purple     4.0   2.0  4.0  4.0  4.0   (110, 222, 430, 324)
 0:30.50  purple     4.0   4.0  2.0  4.0  4.0   (108, 222, 430, 324)
 0:31.00  purple     3.0   4.0  2.0  4.0  2.0   (108, 222, 430, 324)
 0:31.50  purple     2.0   2.0  2.0  4.0  2.0   (108, 222, 430, 324)
 0:32.00  purple     2.0   2.0  2.0  2.0  2.0   (108, 222, 430, 324)
 0:32.50  purple     2.0   4.0  2.0  2.0  2.0   (106, 222, 432, 324)
 0:33.00  purple     2.0   4.0  2.0  2.0  2.0   (106, 222, 432, 324)
 0:33.50  purple     2.0   2.0  2.0  2.0  2.0   (106, 222, 432, 324)
 0:34.00  purple     2.0   2.0  2.0  2.0  2.0   (106, 222, 432, 324)
 0:34.50  purple     2.0   2.0  2.0  2.0  4.0   (106, 222, 432, 326)
 0:35.00  purple     2.0   2.0  2.0  2.0  4.0   (106, 222, 432, 326)
 0:35.50  purple     3.0   4.0  2.0  2.0  4.0   (104, 222, 434, 326)
 0:36.00  purple     3.0   4.0  2.0  2.0  4.0   (104, 222, 434, 326)
 0:36.50  purple     3.0   4.0  2.0  2.0  4.0   (104, 222, 434, 326)
 0:37.00  purple     3.0   4.0  2.0  2.0  4.0   (104, 222, 434, 326)
 0:48.50  purple     4.0   4.0  4.0  4.0  4.0   (744, 224, 434, 342)
 0:49.00  purple     3.0   2.0  2.0  4.0  4.0   (746, 224, 432, 342)
 0:49.50  purple     3.0   2.0  2.0  4.0  4.0   (746, 224, 432, 342)
 0:50.00  purple     3.0   2.0  2.0  4.0  4.0   (746, 224, 432, 342)
 0:50.50  purple     3.0   2.0  2.0  4.0  4.0   (746, 224, 432, 342)
 0:51.00  purple     3.0   2.0  2.0  4.0  4.0   (746, 224, 432, 342)
 0:51.50  purple     4.0   2.0  4.0  4.0  4.0   (746, 224, 434, 342)
 0:52.00  purple     4.0   2.0  4.0  4.0  4.0   (746, 224, 434, 342)
 0:52.50  purple     4.0   2.0  4.0  4.0  4.0   (746, 224, 434, 342)
 0:53.00  purple     3.0   4.0  2.0  4.0  2.0   (752, 288, 420, 40)
 0:53.50  purple     3.0   4.0  2.0  4.0  2.0   (752, 288, 420, 40)
 0:54.00  purple     3.0   4.0  4.0  2.0  2.0   (752, 328, 422, 40)
 0:54.50  purple     3.0   4.0  4.0  2.0  2.0   (752, 328, 422, 40)
 0:55.00  purple     3.0   4.0  4.0  2.0  2.0   (752, 328, 422, 40)
 0:55.50  purple     2.0   4.0  2.0  2.0  2.0   (752, 368, 422, 40)
 0:56.00  purple     2.0   4.0  2.0  2.0  2.0   (752, 368, 422, 40)
 0:56.50  purple     2.0   4.0  2.0  2.0  2.0   (752, 408, 422, 40)
 0:57.00  purple     3.0   4.0  4.0  2.0  2.0   (752, 408, 424, 40)
 0:57.50  purple     3.0   4.0  4.0  2.0  2.0   (752, 448, 424, 40)
 0:58.00  purple     3.0   4.0  4.0  2.0  2.0   (752, 448, 424, 40)
 0:58.50  purple     2.0   4.0  2.0  2.0  2.0   (752, 448, 424, 40)
 0:59.00  purple     4.0   4.0  4.0  2.0  4.0   (746, 224, 438, 344)
 0:59.50  purple     3.0   4.0  2.0  2.0  4.0   (746, 224, 438, 344)
 1:00.00  purple     4.0   4.0  2.0  4.0  4.0   (746, 222, 438, 346)
 1:00.50  purple     4.0   4.0  2.0  4.0  4.0   (746, 222, 438, 346)
 1:01.00  purple     4.0   4.0  4.0  4.0  4.0   (746, 222, 440, 346)
 1:01.50  purple     3.0   4.0  2.0  2.0  4.0   (752, 492, 428, 66)
 1:02.00  purple     3.0   4.0  2.0  2.0  4.0   (752, 492, 428, 66)
 1:02.50  purple     3.0   4.0  2.0  2.0  4.0   (752, 492, 428, 66)
 1:03.00  purple     4.0   4.0  4.0  2.0  4.0   (752, 492, 430, 66)
 1:03.50  purple     4.0   4.0  4.0  2.0  4.0   (752, 492, 430, 66)
 1:04.00  purple     3.0   4.0  4.0  2.0  2.0   (752, 492, 430, 66)
 1:04.50  purple     3.0   4.0  4.0  2.0  2.0   (752, 492, 430, 66)
 1:05.00  purple     3.0   4.0  4.0  2.0  2.0   (752, 492, 430, 66)
 1:05.50  purple     2.0   4.0  2.0  2.0  2.0   (752, 492, 430, 66)
 1:06.00  purple     2.0   4.0  2.0  2.0  2.0   (752, 492, 430, 66)
 1:06.50  purple     2.0   4.0  2.0  2.0  2.0   (752, 492, 430, 66)
 1:07.00  purple     2.0   4.0  2.0  2.0  2.0   (752, 492, 430, 66)
 1:07.50  violet     4.0   4.0  4.0  4.0  4.0   (68, 600, 1144, 74)
 1:08.00  violet     4.0   4.0  4.0  4.0  4.0   (68, 600, 1144, 74)
 1:08.50  violet     4.0   4.0  4.0  4.0  4.0   (68, 600, 1144, 74)
 1:09.00  violet     4.0   4.0  4.0  4.0  4.0   (68, 600, 1144, 74)
 1:09.50  violet     4.0   4.0  4.0  4.0  4.0   (68, 600, 1144, 74)
 1:39.00  purple     3.0   4.0  4.0  2.0  2.0   (334, 206, 256, 356)
 1:39.50  purple     4.0   4.0  4.0  2.0  4.0   (334, 206, 256, 358)
 1:40.00  purple     4.0   4.0  4.0  2.0  4.0   (334, 206, 256, 358)
 1:40.50  purple     4.0   4.0  4.0  2.0  4.0   (334, 206, 256, 358)
 1:41.00  purple     4.0   4.0  4.0  2.0  4.0   (334, 206, 256, 358)
 1:41.50  blue       3.0   2.0  4.0  2.0  4.0   (594, 206, 256, 358)
 1:42.00  blue       3.0   2.0  4.0  2.0  4.0   (594, 206, 256, 358)
 1:42.50  blue       3.0   2.0  4.0  2.0  4.0   (594, 206, 256, 358)
 1:43.00  blue       3.0   2.0  4.0  2.0  4.0   (594, 206, 256, 358)
 1:43.50  blue       4.0   2.0  4.0  4.0  4.0   (594, 204, 256, 360)
 1:44.00  blue       4.0   2.0  4.0  4.0  4.0   (594, 204, 256, 360)
 1:44.50  blue       4.0   2.0  4.0  4.0  4.0   (594, 204, 256, 360)
 1:45.00  blue       4.0   2.0  4.0  4.0  4.0   (594, 204, 256, 360)
 1:45.50  blue       3.0   2.0  4.0  4.0  2.0   (594, 204, 256, 360)
 1:46.00  blue       4.0   4.0  4.0  4.0  2.0   (592, 204, 258, 360)
 1:46.50  blue       3.0   4.0  2.0  2.0  4.0   (592, 270, 258, 54)
 1:47.00  blue       3.0   4.0  2.0  2.0  4.0   (592, 270, 258, 54)
 1:47.50  blue       3.0   4.0  2.0  2.0  4.0   (592, 270, 258, 54)
 1:48.00  blue       3.0   4.0  2.0  2.0  4.0   (592, 270, 258, 54)
 1:48.50  blue       3.0   4.0  2.0  2.0  4.0   (592, 270, 258, 54)
 1:49.00  blue       3.0   4.0  2.0  2.0  4.0   (592, 270, 258, 54)
 1:49.50  blue       3.0   4.0  2.0  2.0  4.0   (592, 270, 258, 54)
 1:50.00  blue       4.0   4.0  4.0  2.0  4.0   (592, 270, 260, 54)
 1:50.50  blue       4.0   4.0  4.0  4.0  4.0   (592, 268, 260, 56)
 1:51.00  red        2.0   2.0  2.0  2.0  4.0   (856, 204, 258, 362)
 1:51.50  red        3.0   2.0  4.0  2.0  4.0   (856, 204, 260, 362)
 1:52.00  red        3.0   2.0  4.0  2.0  4.0   (856, 204, 260, 362)
 1:52.50  red        3.0   2.0  4.0  2.0  4.0   (856, 204, 260, 362)
 1:53.00  red        2.0   4.0  2.0  2.0  2.0   (856, 204, 260, 362)
 1:53.50  red        3.0   4.0  2.0  4.0  2.0   (856, 202, 260, 364)
 1:54.00  red        3.0   4.0  2.0  4.0  2.0   (856, 202, 260, 364)
 1:54.50  red        4.0   4.0  4.0  4.0  2.0   (856, 202, 262, 364)
 1:55.00  red        4.0   4.0  4.0  4.0  2.0   (856, 202, 262, 364)
 1:55.50  red        3.0   4.0  2.0  4.0  2.0   (856, 202, 262, 364)
 1:56.00  red        3.0   2.0  2.0  4.0  4.0   (858, 202, 260, 366)
 1:56.50  red        3.0   2.0  2.0  4.0  4.0   (858, 202, 260, 366)
 1:57.00  red        4.0   2.0  4.0  4.0  4.0   (858, 202, 262, 366)
 1:57.50  red        4.0   2.0  4.0  4.0  4.0   (858, 202, 262, 366)
 1:58.00  red        3.0   2.0  4.0  2.0  4.0   (858, 202, 262, 366)
 1:58.50  red        2.0   2.0  2.0  2.0  4.0   (858, 202, 262, 366)
 1:59.00  red        3.0   4.0  2.0  2.0  4.0   (858, 268, 262, 56)
 1:59.50  red        3.0   4.0  2.0  2.0  4.0   (858, 268, 262, 56)
 2:00.00  red        4.0   4.0  4.0  2.0  4.0   (858, 268, 264, 56)
 2:00.50  red        4.0   4.0  4.0  2.0  4.0   (858, 268, 264, 56)
 2:01.00  red        4.0   4.0  4.0  2.0  4.0   (858, 268, 264, 56)
 2:01.50  red        2.0   4.0  2.0  2.0  2.0   (858, 268, 264, 54)
 2:02.00  violet     2.0   2.0  2.0  2.0  2.0   (326, 268, 796, 54)
 2:02.50  violet     2.0   2.0  4.0  2.0  2.0   (326, 268, 798, 54)
 2:03.00  violet     2.0   2.0  4.0  2.0  2.0   (326, 268, 798, 54)
 2:03.50  violet     3.0   4.0  4.0  2.0  2.0   (324, 268, 800, 54)
 2:04.00  violet     3.0   4.0  4.0  2.0  2.0   (324, 268, 800, 54)
 2:04.50  violet     2.0   4.0  2.0  2.0  2.0   (324, 268, 800, 54)
 2:05.00  violet     2.0   4.0  2.0  2.0  2.0   (324, 268, 800, 54)
 2:05.50  violet     2.0   4.0  2.0  2.0  2.0   (324, 268, 800, 54)
 2:06.00  violet     3.0   2.0  4.0  4.0  2.0   (324, 266, 802, 56)
 2:06.50  violet     3.0   2.0  4.0  4.0  2.0   (324, 266, 802, 56)
 2:07.00  violet     3.0   2.0  4.0  4.0  2.0   (324, 266, 802, 56)
 2:07.50  violet     3.0   2.0  4.0  4.0  2.0   (324, 266, 802, 56)
 2:08.00  violet     2.0   2.0  2.0  4.0  2.0   (324, 266, 802, 56)
 2:08.50  violet     2.0   2.0  2.0  4.0  2.0   (324, 266, 802, 56)
 2:09.00  violet     3.0   4.0  2.0  4.0  2.0   (322, 266, 804, 56)
 2:09.50  violet     3.0   4.0  2.0  4.0  2.0   (322, 266, 804, 56)
 2:10.00  violet     3.0   4.0  2.0  4.0  2.0   (322, 266, 804, 56)
 2:10.50  violet     4.0   4.0  4.0  4.0  2.0   (322, 266, 806, 56)
 2:11.00  violet     4.0   4.0  4.0  4.0  2.0   (322, 266, 806, 56)
 2:11.50  violet     4.0   4.0  4.0  4.0  4.0   (126, 616, 1028, 68)
 2:12.00  violet     4.0   4.0  4.0  2.0  4.0   (126, 618, 1028, 66)
 2:12.50  violet     4.0   4.0  4.0  2.0  4.0   (126, 618, 1028, 66)
 2:13.00  violet     2.0   2.0  2.0  2.0  4.0   (126, 618, 1028, 66)
 2:13.50  violet     2.0   2.0  2.0  2.0  4.0   (126, 618, 1028, 66)
 2:14.00  violet     2.0   2.0  2.0  2.0  4.0   (126, 618, 1028, 66)
 2:14.50  violet     2.0   2.0  2.0  2.0  4.0   (126, 618, 1028, 66)
 2:15.00  violet     2.0   2.0  2.0  2.0  4.0   (126, 618, 1028, 66)
 2:35.50  blue       4.0   2.0  4.0  4.0  4.0   (30, 100, 394, 486)
 2:36.00  blue       4.0   2.0  4.0  4.0  4.0   (30, 100, 394, 486)
 2:36.50  blue       4.0   2.0  4.0  4.0  4.0   (30, 100, 394, 486)
 2:37.00  blue       4.0   4.0  4.0  4.0  4.0   (28, 100, 396, 486)
 2:37.50  blue       4.0   4.0  4.0  4.0  4.0   (28, 100, 396, 486)
 2:38.00  blue       4.0   4.0  4.0  4.0  4.0   (28, 100, 396, 486)
 2:38.50  blue       4.0   4.0  4.0  4.0  4.0   (28, 100, 396, 486)
 2:39.00  blue       4.0   4.0  4.0  4.0  4.0   (28, 100, 396, 486)
 2:39.50  blue       4.0   4.0  4.0  4.0  4.0   (28, 100, 396, 486)
 2:40.00  blue       4.0   4.0  4.0  4.0  4.0   (28, 100, 396, 486)
 2:40.50  blue       4.0   4.0  4.0  4.0  4.0   (28, 100, 396, 486)
 2:41.00  blue       4.0   4.0  4.0  4.0  4.0   (28, 100, 396, 486)
 2:41.50  blue       4.0   4.0  4.0  2.0  4.0   (28, 100, 396, 486)
 2:42.00  blue       3.0   2.0  4.0  2.0  4.0   (28, 100, 396, 486)
 2:42.50  blue       2.0   2.0  2.0  2.0  4.0   (28, 100, 394, 486)
 2:43.00  blue       2.0   2.0  2.0  2.0  4.0   (28, 100, 394, 486)
 2:43.50  blue       2.0   2.0  2.0  2.0  4.0   (28, 100, 394, 486)
 2:44.00  blue       2.0   2.0  2.0  2.0  4.0   (28, 100, 394, 486)
 2:44.50  blue       2.0   2.0  2.0  2.0  4.0   (28, 100, 394, 486)
 2:45.00  blue       2.0   2.0  2.0  2.0  4.0   (28, 100, 394, 486)
 2:45.50  purple     3.0   4.0  2.0  2.0  4.0   (442, 100, 396, 486)
 2:46.00  purple     2.0   4.0  2.0  2.0  2.0   (442, 100, 396, 486)
 2:46.50  purple     2.0   4.0  2.0  2.0  2.0   (442, 100, 396, 486)
 2:47.00  purple     2.0   4.0  2.0  2.0  2.0   (442, 100, 396, 486)
 2:47.50  purple     2.0   2.0  2.0  2.0  2.0   (442, 100, 396, 486)
 2:48.00  purple     2.0   2.0  2.0  2.0  2.0   (442, 100, 396, 486)
 2:48.50  purple     2.0   2.0  2.0  2.0  2.0   (442, 100, 396, 486)
 2:49.00  purple     2.0   2.0  4.0  2.0  2.0   (442, 100, 398, 486)
 2:49.50  purple     3.0   2.0  4.0  4.0  2.0   (442, 98, 398, 488)
 2:50.00  purple     3.0   2.0  4.0  4.0  2.0   (442, 98, 398, 488)
 2:50.50  purple     3.0   2.0  4.0  4.0  2.0   (442, 98, 398, 488)
 2:51.00  purple     3.0   2.0  4.0  4.0  2.0   (442, 98, 398, 488)
 2:51.50  purple     3.0   2.0  4.0  4.0  2.0   (442, 98, 398, 488)
 2:52.00  purple     3.0   2.0  4.0  4.0  2.0   (442, 98, 398, 488)
 2:52.50  purple     3.0   2.0  4.0  4.0  2.0   (442, 98, 398, 488)
 2:53.00  purple     3.0   2.0  4.0  4.0  2.0   (442, 98, 398, 488)
 2:53.50  purple     3.0   2.0  4.0  4.0  2.0   (442, 98, 398, 488)
 2:54.00  purple     3.0   2.0  4.0  4.0  2.0   (442, 98, 398, 488)
 2:54.50  purple     4.0   2.0  4.0  4.0  4.0   (442, 98, 398, 490)
 2:55.00  purple     4.0   2.0  4.0  4.0  4.0   (442, 98, 398, 490)
 2:55.50  purple     4.0   2.0  4.0  4.0  4.0   (442, 98, 398, 490)
 2:56.00  purple     4.0   2.0  4.0  4.0  4.0   (442, 98, 398, 490)
 2:56.50  teal       4.0   2.0  4.0  4.0  4.0   (859, 98, 399, 490)
 2:57.00  teal       3.0   2.0  4.0  2.0  4.0   (859, 98, 399, 490)
 2:57.50  teal       3.0   2.0  4.0  2.0  4.0   (859, 98, 399, 490)
 2:58.00  teal       3.5   3.0  4.0  2.0  4.0   (860, 98, 398, 490)
 2:58.50  teal       3.5   3.0  4.0  2.0  4.0   (860, 98, 398, 490)
 2:59.00  teal       2.5   3.0  2.0  2.0  4.0   (860, 98, 398, 490)
 2:59.50  teal       2.5   3.0  2.0  2.0  4.0   (860, 98, 398, 490)
 3:00.00  teal       2.5   3.0  2.0  2.0  4.0   (860, 98, 398, 490)
 3:00.50  teal       2.5   3.0  2.0  2.0  4.0   (860, 98, 398, 490)
 3:01.00  teal       2.5   3.0  2.0  2.0  4.0   (860, 98, 398, 490)
 3:01.50  teal       2.5   3.0  2.0  2.0  4.0   (860, 98, 398, 490)
 3:02.00  teal       2.5   3.0  2.0  2.0  4.0   (860, 98, 398, 490)
 3:02.50  teal       2.5   3.0  2.0  2.0  4.0   (860, 98, 398, 490)
 3:03.00  teal       2.5   3.0  2.0  2.0  4.0   (860, 98, 398, 490)
 3:03.50  teal       2.5   3.0  2.0  2.0  4.0   (860, 98, 398, 490)
 3:04.00  teal       3.0   4.0  2.0  2.0  4.0   (860, 98, 398, 490)
 3:04.50  teal       4.0   4.0  4.0  2.0  4.0   (860, 98, 400, 490)
 3:05.00  teal       4.0   4.0  4.0  2.0  4.0   (860, 98, 400, 490)
 3:05.50  teal       4.0   4.0  4.0  2.0  4.0   (860, 98, 400, 490)
 3:06.00  teal       4.0   4.0  4.0  2.0  4.0   (860, 98, 400, 490)
 3:06.50  teal       4.0   4.0  4.0  2.0  4.0   (860, 98, 400, 490)
 3:07.00  teal       4.0   4.0  4.0  2.0  4.0   (860, 98, 400, 490)
 3:07.50  teal       4.0   4.0  4.0  2.0  4.0   (860, 98, 400, 490)
 3:16.00  violet     4.0   4.0  4.0  4.0  4.0   (28, 610, 1224, 78)
 3:16.50  violet     4.0   4.0  4.0  4.0  4.0   (28, 610, 1224, 78)
 3:17.00  violet     4.0   4.0  4.0  4.0  4.0   (28, 610, 1224, 78)
 3:17.50  violet     4.0   4.0  4.0  4.0  4.0   (28, 610, 1224, 78)
 3:18.00  violet     4.0   4.0  4.0  4.0  4.0   (28, 610, 1224, 78)
 3:18.50  violet     4.0   4.0  4.0  4.0  4.0   (28, 610, 1224, 78)
 3:19.00  violet     4.0   4.0  4.0  4.0  4.0   (28, 610, 1224, 78)

# 215 ring samples in 21 runs; stroke histogram (rounded px): 2 px: 60, 3 px: 77, 4 px: 78
# runs (start, end, color, median stroke, min-max, samples)
 0:24.00 -  0:37.00  purple    3.0   2.0- 4.0   27
 0:48.50 -  0:52.50  purple    3.0   3.0- 4.0    9
 0:53.00 -  0:53.50  purple    3.0   3.0- 3.0    2
 0:54.00 -  0:55.00  purple    3.0   3.0- 3.0    3
 0:55.50 -  0:56.00  purple    2.0   2.0- 2.0    2
 0:56.50 -  0:57.00  purple    2.5   2.0- 3.0    2
 0:57.50 -  0:58.50  purple    3.0   2.0- 3.0    3
 0:59.00 -  1:01.00  purple    4.0   3.0- 4.0    5
 1:01.50 -  1:07.00  purple    3.0   2.0- 4.0   12
 1:07.50 -  1:09.50  violet    4.0   4.0- 4.0    5
 1:39.00 -  1:41.00  purple    4.0   3.0- 4.0    5
 1:41.50 -  1:46.00  blue      3.5   3.0- 4.0   10
 1:46.50 -  1:50.50  blue      3.0   3.0- 4.0    9
 1:51.00 -  1:58.50  red       3.0   2.0- 4.0   16
 1:59.00 -  2:01.50  red       3.5   2.0- 4.0    6
 2:02.00 -  2:11.00  violet    3.0   2.0- 4.0   19
 2:11.50 -  2:15.00  violet    2.0   2.0- 4.0    8
 2:35.50 -  2:45.00  blue      4.0   2.0- 4.0   20
 2:45.50 -  2:56.00  purple    3.0   2.0- 4.0   22
 2:56.50 -  3:07.50  teal      3.0   2.5- 4.0   23
 3:16.00 -  3:19.00  violet    4.0   4.0- 4.0    7
