# ai-is-different.mp4  1280x720  duration=4:37.60  step=0.5s  thr=45.0
# target: fixed 4 px at 720p (6 px at 1080p), Edit Spec section 5 (2026-09-26); widths are SOLID pixels at thr, true width is about +0.5
# time      color    stroke   L    R    T    B    bbox(x,y,w,h)
 0:27.50  violet     4.0   4.0  4.0  4.0  4.0   (481, 144, 320, 74)
 0:28.00  violet     4.0   4.0  4.0  4.0  4.0   (481, 144, 320, 74)
 0:28.50  violet     4.0   4.0  4.0  4.0  4.0   (481, 144, 320, 74)
 0:29.00  violet     4.0   4.0  4.0  4.0  4.0   (481, 144, 320, 74)
 0:29.50  blue       4.0   4.0  4.0  4.0  4.0   (460, 272, 362, 72)
 0:30.00  blue       4.0   4.0  4.0  4.0  4.0   (460, 272, 362, 72)
 0:30.50  blue       4.0   4.0  4.0  4.0  4.0   (458, 270, 364, 74)
 0:31.00  green      5.0   5.0  5.0  5.0  5.0   (146, 449, 431, 87)
 0:31.50  green      5.0   5.0  5.0  5.0  5.0   (146, 449, 431, 87)
 0:32.00  green      5.0   5.0  5.0  5.0  5.0   (145, 449, 432, 88)
 0:32.50  red        4.0   4.0  5.0  4.0  4.0   (640, 424, 526, 132)
 0:33.00  red        4.0   4.0  5.0  4.0  4.0   (640, 424, 526, 132)
 0:33.50  red        4.0   4.0  4.0  4.0  4.0   (640, 424, 527, 132)
 0:34.00  red        4.0   4.0  5.0  4.0  4.0   (640, 424, 528, 132)
 0:34.50  red        4.0   4.0  5.0  4.0  4.0   (640, 424, 528, 132)
 0:35.00  red        4.0   4.0  4.0  4.0  4.0   (640, 426, 529, 130)
 0:35.50  red        4.0   4.0  4.0  4.0  4.0   (640, 424, 529, 132)
 0:36.00  red        4.0   4.0  4.0  4.0  4.0   (640, 426, 529, 130)
 0:36.50  red        4.0   4.0  4.0  4.0  4.0   (640, 425, 530, 131)
 0:37.00  red        4.0   4.0  4.0  4.0  4.0   (640, 425, 530, 131)
 0:37.50  red        4.0   4.0  4.0  4.0  4.0   (640, 425, 531, 131)
 0:38.00  violet     4.0   4.0  4.0  4.0  4.0   (78, 604, 1125, 72)
 0:38.50  violet     4.0   4.0  4.0  4.0  4.0   (77, 604, 1127, 72)
 0:39.00  violet     4.0   4.0  4.0  4.0  4.0   (77, 604, 1127, 72)
 0:39.50  violet     4.0   4.0  4.0  4.0  4.0   (77, 604, 1127, 72)
 0:40.00  violet     4.0   4.0  4.0  4.0  4.0   (77, 604, 1127, 72)
 0:40.50  violet     4.0   4.0  4.0  4.0  4.0   (77, 604, 1127, 72)
 0:41.00  violet     4.0   4.0  4.0  4.0  4.0   (76, 604, 1129, 72)
 0:54.50  purple     4.0   4.0  4.0  4.0  4.0   (44, 134, 479, 232)
 0:55.00  purple     4.0   4.0  4.0  4.0  4.0   (44, 134, 479, 232)
 0:55.50  purple     4.0   4.0  4.0  4.0  4.0   (44, 134, 479, 232)
 0:56.00  purple     4.0   4.0  4.0  4.0  4.0   (44, 134, 479, 232)
 0:56.50  purple     4.0   4.0  4.0  4.0  4.0   (44, 134, 479, 232)
 0:57.00  purple     4.0   4.0  4.0  4.0  4.0   (44, 134, 479, 232)
 0:57.50  purple     4.0   4.0  4.0  4.0  4.0   (44, 134, 479, 232)
 0:58.00  purple     4.0   4.0  4.0  4.0  4.0   (44, 134, 479, 232)
 0:58.50  purple     4.0   4.0  4.0  4.0  4.0   (44, 378, 479, 188)
 0:59.00  purple     4.0   4.0  4.0  4.0  4.0   (44, 378, 479, 188)
 0:59.50  purple     4.0   4.0  4.0  4.0  4.0   (44, 378, 479, 188)
 1:00.00  purple     4.0   4.0  4.0  4.0  4.0   (44, 378, 479, 188)
 1:00.50  purple     4.0   4.0  4.0  4.0  4.0   (44, 378, 479, 188)
 1:01.00  purple     4.0   4.0  4.0  4.0  4.0   (44, 378, 479, 188)
 1:01.50  purple     4.0   4.0  4.0  4.0  4.0   (44, 378, 479, 188)
 1:02.00  purple     4.0   4.0  4.0  4.0  4.0   (44, 378, 479, 188)
 1:02.50  purple     4.0   4.0  4.0  4.0  4.0   (44, 378, 479, 188)
 1:06.00  purple     4.0   4.0  4.0  4.0  4.0   (44, 378, 479, 188)
 1:06.50  purple     4.0   4.0  4.0  4.0  4.0   (44, 378, 479, 188)
 1:07.00  amber      5.0   5.0  5.0  4.0  5.0   (758, 134, 479, 232)
 1:07.50  amber      5.0   5.0  5.0  4.0  5.0   (758, 134, 479, 232)
 1:08.00  amber      5.0   5.0  5.0  4.0  5.0   (758, 134, 479, 232)
 1:08.50  amber      5.0   5.0  5.0  4.0  5.0   (758, 134, 479, 232)
 1:09.00  amber      5.0   5.0  5.0  4.0  5.0   (758, 134, 479, 232)
 1:09.50  amber      5.0   5.0  5.0  4.0  5.0   (758, 134, 479, 232)
 1:10.00  amber      5.0   5.0  5.0  4.0  5.0   (758, 134, 479, 232)
 1:10.50  amber      5.0   5.0  5.0  4.0  5.0   (758, 134, 479, 232)
 1:11.00  amber      5.0   5.0  5.0  4.0  5.0   (758, 134, 479, 232)
 1:11.50  amber      5.0   5.0  5.0  4.0  5.0   (758, 134, 479, 232)
 1:12.00  amber      5.0   5.0  5.0  4.0  5.0   (758, 134, 479, 232)
 1:12.50  amber      5.0   5.0  5.0  4.0  5.0   (758, 377, 479, 189)
 1:13.00  amber      5.0   5.0  5.0  4.0  5.0   (758, 377, 479, 189)
 1:13.50  amber      5.0   5.0  5.0  4.0  5.0   (758, 377, 479, 189)
 1:14.00  amber      4.0   4.0  5.0  4.0  4.0   (758, 377, 479, 189)
 1:14.50  amber      4.0   4.0  5.0  4.0  4.0   (758, 377, 479, 189)
 1:15.00  amber      4.0   4.0  5.0  4.0  4.0   (758, 377, 479, 189)
 1:15.50  amber      4.0   4.0  5.0  4.0  4.0   (758, 377, 479, 189)
 1:16.00  amber      4.0   4.0  5.0  4.0  4.0   (758, 377, 479, 189)
 1:16.50  amber      4.0   4.0  5.0  4.0  4.0   (758, 377, 479, 189)
 1:17.00  violet     4.0   4.0  4.0  4.0  4.0   (28, 602, 1224, 76)
 1:17.50  violet     4.0   4.0  4.0  4.0  4.0   (28, 602, 1224, 76)
 1:18.00  violet     4.0   4.0  4.0  4.0  4.0   (28, 602, 1224, 76)
 1:18.50  violet     4.0   4.0  4.0  4.0  4.0   (28, 602, 1224, 76)
 1:19.00  violet     4.0   4.0  4.0  4.0  4.0   (28, 602, 1224, 76)
 1:19.50  violet     4.0   4.0  4.0  4.0  4.0   (28, 602, 1224, 76)
 1:48.50  purple     5.0   6.0  5.0  4.0  5.0   (134, 118, 1011, 89)
 1:49.00  purple     5.0   6.0  5.0  4.0  5.0   (134, 118, 1011, 89)
 1:49.50  purple     5.0   6.0  5.0  4.0  5.0   (134, 118, 1011, 89)
 1:50.00  blue       4.0   4.0  4.0  4.0  4.0   (134, 216, 498, 504)
 1:50.50  blue       4.0   4.0  4.0  4.0  4.0   (334, 124, 498, 596)
 1:51.00  blue       4.0   4.0  4.0  4.0  4.0   (386, 40, 496, 640)
 1:51.50  blue       4.0   4.0  4.0  4.0  4.0   (386, 40, 496, 640)
 1:52.00  blue       4.0   4.0  4.0  4.0  4.0   (386, 40, 496, 640)
 1:52.50  blue       4.0   4.0  4.0  4.0  4.0   (386, 40, 496, 640)
 1:53.00  blue       4.0   4.0  4.0  4.0  4.0   (386, 40, 496, 640)
 1:53.50  blue       4.0   4.0  4.0  4.0  4.0   (386, 40, 496, 640)
 1:54.00  blue       4.0   4.0  4.0  4.0  4.0   (386, 40, 496, 640)
 1:54.50  blue       4.0   4.0  4.0  4.0  4.0   (394, 444, 480, 206)
 1:55.00  blue       4.0   4.0  4.0  4.0  4.0   (394, 444, 480, 206)
 1:55.50  blue       4.0   4.0  4.0  4.0  4.0   (394, 444, 480, 206)
 1:56.00  blue       4.0   4.0  4.0  4.0  4.0   (394, 444, 480, 206)
 1:56.50  blue       4.0   4.0  4.0  4.0  4.0   (394, 444, 480, 206)
 1:57.00  blue       4.0   4.0  4.0  4.0  4.0   (394, 444, 480, 206)
 1:57.50  blue       4.0   4.0  4.0  4.0  4.0   (394, 444, 480, 206)
 1:58.00  purple     4.0   4.0  4.0  4.0  5.0   (843, 40, 437, 641)
 1:58.50  purple     4.0   4.0  4.0  4.0  5.0   (416, 40, 497, 641)
 1:59.00  purple     4.0   4.0  4.0  4.0  5.0   (399, 40, 498, 641)
 1:59.50  purple     4.0   4.0  4.0  4.0  5.0   (399, 40, 498, 641)
 2:00.00  purple     4.0   4.0  4.0  4.0  5.0   (399, 40, 498, 641)
 2:00.50  purple     4.0   4.0  4.0  4.0  5.0   (399, 40, 498, 641)
 2:01.00  purple     4.0   4.0  4.0  4.0  5.0   (399, 40, 498, 641)
 2:01.50  purple     4.0   4.0  4.0  4.0  5.0   (399, 40, 498, 641)
 2:02.00  purple     4.0   4.0  4.0  4.0  5.0   (399, 40, 498, 641)
 2:02.50  purple     5.0   5.0  5.0  4.0  5.0   (399, 40, 498, 641)
 2:03.00  purple     5.0   5.0  5.0  4.0  5.0   (399, 40, 498, 641)
 2:03.50  purple     5.0   5.0  5.0  4.0  5.0   (399, 40, 498, 641)
 2:04.00  purple     5.0   5.0  5.0  4.0  5.0   (399, 40, 498, 641)
 2:04.50  purple     5.0   5.0  5.0  4.0  5.0   (399, 40, 498, 641)
 2:05.00  purple     4.0   4.0  4.0  4.0  4.0   (408, 512, 481, 68)
 2:05.50  purple     4.0   4.0  4.0  4.0  4.0   (408, 512, 481, 68)
 2:06.00  purple     4.0   4.0  4.0  4.0  4.0   (408, 512, 481, 68)
 2:06.50  purple     4.0   4.0  4.0  4.0  4.0   (408, 512, 481, 68)
 2:07.00  purple     4.0   4.0  4.0  4.0  4.0   (408, 512, 481, 68)
 2:07.50  purple     4.0   4.0  4.0  4.0  4.0   (408, 582, 481, 68)
 2:08.00  purple     4.0   4.0  4.0  4.0  4.0   (408, 582, 481, 68)
 2:08.50  purple     4.0   4.0  4.0  4.0  4.0   (408, 582, 481, 68)
 2:09.00  purple     4.0   4.0  4.0  4.0  4.0   (479, 570, 442, 64)
 2:09.50  purple     4.0   4.0  4.0  4.0  4.0   (637, 546, 357, 52)
 2:10.00  violet     4.0   4.0  4.0  4.0  4.0   (274, 624, 732, 50)
 2:10.50  violet     4.0   4.0  4.0  4.0  4.0   (274, 624, 732, 50)
 2:11.00  violet     4.0   4.0  4.0  4.0  4.0   (274, 624, 732, 50)
 2:11.50  violet     4.0   4.0  4.0  4.0  4.0   (274, 624, 732, 50)
 2:12.00  violet     4.0   4.0  4.0  4.0  4.0   (274, 624, 732, 50)
 2:12.50  violet     4.0   4.0  4.0  4.0  4.0   (274, 624, 732, 50)
 2:13.00  violet     4.0   4.0  4.0  4.0  4.0   (274, 624, 732, 50)
 2:13.50  violet     4.0   4.0  4.0  4.0  4.0   (274, 624, 732, 50)
 2:14.00  violet     4.0   4.0  4.0  4.0  4.0   (274, 624, 732, 50)
 2:14.50  violet     4.0   4.0  4.0  4.0  4.0   (274, 624, 732, 50)
 2:51.50  blue       4.0   4.0  4.0  4.0  4.0   (260, 82, 386, 528)
 2:52.00  blue       4.0   4.0  4.0  4.0  4.0   (310, 44, 462, 630)
 2:52.50  blue       4.0   4.0  4.0  4.0  4.0   (316, 40, 470, 640)
 2:53.00  blue       4.0   4.0  4.0  4.0  4.0   (316, 40, 470, 640)
 2:53.50  blue       4.0   4.0  4.0  4.0  4.0   (316, 40, 470, 640)
 2:54.00  blue       4.0   4.0  4.0  4.0  4.0   (316, 40, 470, 640)
 2:54.50  blue       4.0   4.0  4.0  4.0  4.0   (316, 40, 470, 640)
 2:55.00  blue       4.0   4.0  4.0  4.0  4.0   (316, 40, 470, 640)
 2:55.50  blue       4.0   4.0  4.0  4.0  4.0   (316, 40, 470, 640)
 2:56.00  blue       4.0   4.0  4.0  4.0  4.0   (316, 40, 470, 640)
 2:56.50  blue       4.0   4.0  4.0  4.0  4.0   (316, 40, 470, 640)
 2:57.00  blue       4.0   4.0  4.0  4.0  4.0   (316, 40, 470, 640)
 2:57.50  blue       4.0   4.0  4.0  4.0  4.0   (316, 40, 470, 640)
 2:58.00  blue       4.0   4.0  4.0  4.0  4.0   (316, 40, 470, 640)
 2:58.50  blue       4.0   4.0  4.0  4.0  4.0   (316, 40, 470, 640)
 2:59.00  blue       4.0   4.0  4.0  4.0  4.0   (316, 40, 470, 640)
 2:59.50  blue       4.0   4.0  4.0  4.0  4.0   (316, 40, 470, 640)
 3:00.00  blue       4.0   4.0  4.0  4.0  4.0   (316, 40, 470, 640)
 3:00.50  blue       4.0   4.0  4.0  4.0  4.0   (316, 40, 470, 640)
 3:01.00  purple     4.0   4.0  4.0  4.0  4.0   (630, 40, 472, 641)
 3:01.50  purple     4.0   4.0  4.0  4.0  4.0   (493, 40, 472, 641)
 3:02.00  purple     4.0   4.0  4.0  4.0  4.0   (493, 40, 472, 641)
 3:02.50  purple     4.0   4.0  4.0  4.0  4.0   (493, 40, 472, 641)
 3:09.00  purple     4.5   4.0  5.0  4.0  5.0   (493, 40, 472, 641)
 3:09.50  purple     4.5   4.0  5.0  4.0  5.0   (493, 40, 472, 641)
 3:25.00  violet     4.0   4.0  4.0  4.0  4.0   (255, 616, 771, 53)
 3:25.50  violet     4.0   4.0  4.0  4.0  4.0   (255, 616, 771, 53)
 3:26.00  violet     4.0   4.0  4.0  4.0  4.0   (255, 616, 771, 53)
 3:26.50  violet     4.0   4.0  4.0  4.0  4.0   (255, 616, 771, 53)
 3:27.00  violet     4.0   4.0  4.0  4.0  4.0   (255, 616, 771, 53)
 3:27.50  violet     4.0   4.0  4.0  4.0  4.0   (255, 616, 771, 53)
 3:28.00  violet     4.0   4.0  4.0  4.0  4.0   (255, 616, 771, 53)
 3:28.50  violet     4.0   4.0  4.0  4.0  4.0   (255, 616, 771, 53)
 3:48.00  blue       4.0   4.0  4.0  4.0  4.0   (30, 130, 394, 426)
 3:48.50  blue       4.0   4.0  4.0  4.0  4.0   (30, 130, 394, 426)
 3:49.00  blue       4.0   4.0  4.0  4.0  4.0   (28, 130, 396, 426)
 3:49.50  blue       4.0   4.0  4.0  4.0  4.0   (28, 130, 396, 426)
 3:50.00  blue       4.0   4.0  4.0  4.0  4.0   (28, 130, 396, 428)
 3:50.50  blue       4.0   4.0  4.0  4.0  4.0   (28, 130, 394, 428)
 3:51.00  blue       4.0   4.0  4.0  4.0  4.0   (28, 130, 394, 428)
 3:51.50  blue       4.0   4.0  4.0  4.0  4.0   (28, 130, 394, 428)
 3:52.00  blue       4.0   4.0  4.0  4.0  4.0   (26, 128, 396, 430)
 3:52.50  blue       4.0   4.0  4.0  4.0  4.0   (26, 128, 396, 430)
 3:53.00  blue       4.0   4.0  4.0  4.0  4.0   (26, 128, 397, 430)
 3:53.50  blue       4.0   4.0  4.0  4.0  4.0   (26, 128, 397, 430)
 3:54.00  blue       4.0   4.0  4.0  4.0  4.0   (26, 128, 396, 430)
 3:54.50  purple     4.0   4.0  4.0  5.0  4.0   (442, 128, 397, 431)
 3:55.00  purple     4.5   4.0  5.0  5.0  4.0   (441, 128, 399, 431)
 3:55.50  purple     4.0   4.0  5.0  4.0  4.0   (441, 128, 399, 431)
 3:56.00  purple     4.0   4.0  4.0  4.0  4.0   (441, 128, 399, 431)
 3:56.50  purple     4.0   4.0  4.0  4.0  4.0   (441, 127, 399, 432)
 3:57.00  teal       5.0   5.0  5.0  5.0  5.0   (859, 127, 399, 432)
 3:57.50  teal       5.0   5.0  5.0  5.0  5.0   (860, 127, 399, 432)
 3:58.00  teal       5.0   5.0  5.0  5.0  5.0   (860, 127, 399, 432)
 3:58.50  teal       5.0   5.0  5.0  5.0  5.0   (860, 127, 400, 433)
 3:59.00  teal       5.0   5.0  5.0  5.0  5.0   (860, 126, 400, 434)
 3:59.50  teal       5.0   5.0  5.0  5.0  5.0   (860, 126, 400, 434)
 4:00.00  teal       5.0   5.0  5.0  5.0  5.0   (860, 126, 401, 434)
 4:00.50  teal       5.0   5.0  5.0  5.0  5.0   (860, 126, 401, 434)
 4:01.00  teal       5.0   5.0  5.0  5.0  5.0   (860, 126, 401, 434)
 4:01.50  teal       5.0   5.0  5.0  5.0  5.0   (860, 126, 401, 434)
 4:02.00  teal       5.0   5.0  5.0  5.0  5.0   (860, 126, 402, 434)
 4:02.50  teal       5.0   5.0  5.0  5.0  5.0   (861, 126, 401, 434)
 4:03.00  teal       5.0   5.0  5.0  5.0  5.0   (861, 126, 401, 434)
 4:03.50  teal       5.0   5.0  5.0  5.0  5.0   (861, 126, 401, 434)
 4:04.00  teal       5.0   5.0  5.0  5.0  5.0   (861, 126, 401, 434)
 4:04.50  teal       5.0   5.0  5.0  5.0  5.0   (861, 126, 401, 434)
 4:05.00  teal       5.0   5.0  5.0  5.0  5.0   (861, 126, 401, 434)

# 194 ring samples in 32 runs; stroke histogram (rounded px): 4 px: 152, 5 px: 42
# runs (start, end, color, median stroke, min-max, samples)
 0:27.50 -  0:29.00  violet    4.0   4.0- 4.0    4
 0:29.50 -  0:30.50  blue      4.0   4.0- 4.0    3
 0:31.00 -  0:32.00  green     5.0   5.0- 5.0    3
 0:32.50 -  0:37.50  red       4.0   4.0- 4.0   11
 0:38.00 -  0:41.00  violet    4.0   4.0- 4.0    7
 0:54.50 -  0:58.00  purple    4.0   4.0- 4.0    8
 0:58.50 -  1:02.50  purple    4.0   4.0- 4.0    9
 1:06.00 -  1:06.50  purple    4.0   4.0- 4.0    2
 1:07.00 -  1:12.00  amber     5.0   5.0- 5.0   11
 1:12.50 -  1:16.50  amber     4.0   4.0- 5.0    9
 1:17.00 -  1:19.50  violet    4.0   4.0- 4.0    6
 1:48.50 -  1:49.50  purple    5.0   5.0- 5.0    3
 1:50.00 -  1:50.00  blue      4.0   4.0- 4.0    1
 1:50.50 -  1:50.50  blue      4.0   4.0- 4.0    1
 1:51.00 -  1:54.00  blue      4.0   4.0- 4.0    7
 1:54.50 -  1:57.50  blue      4.0   4.0- 4.0    7
 1:58.00 -  1:58.00  purple    4.0   4.0- 4.0    1
 1:58.50 -  2:04.50  purple    4.0   4.0- 5.0   13
 2:05.00 -  2:07.00  purple    4.0   4.0- 4.0    5
 2:07.50 -  2:08.50  purple    4.0   4.0- 4.0    3
 2:09.00 -  2:09.00  purple    4.0   4.0- 4.0    1
 2:09.50 -  2:09.50  purple    4.0   4.0- 4.0    1
 2:10.00 -  2:14.50  violet    4.0   4.0- 4.0   10
 2:51.50 -  2:51.50  blue      4.0   4.0- 4.0    1
 2:52.00 -  3:00.50  blue      4.0   4.0- 4.0   18
 3:01.00 -  3:01.00  purple    4.0   4.0- 4.0    1
 3:01.50 -  3:02.50  purple    4.0   4.0- 4.0    3
 3:09.00 -  3:09.50  purple    4.5   4.5- 4.5    2
 3:25.00 -  3:28.50  violet    4.0   4.0- 4.0    8
 3:48.00 -  3:54.00  blue      4.0   4.0- 4.0   13
 3:54.50 -  3:56.50  purple    4.0   4.0- 4.5    5
 3:57.00 -  4:05.00  teal      5.0   5.0- 5.0   17
