# support-trap-v6.mp4  1280x720  duration=4:20.30  step=0.5s  thr=45.0
# target: fixed 4 px at 720p (6 px at 1080p), Edit Spec section 5 (2026-09-26); widths are SOLID pixels at thr, true width is about +0.5
# time      color    stroke   L    R    T    B    bbox(x,y,w,h)
 0:15.00  purple     4.5   7.0  4.0  4.0  5.0   (301, 72, 679, 65)
 0:15.50  purple     4.5   7.0  4.0  4.0  5.0   (301, 72, 679, 65)
 0:16.00  purple     4.5   7.0  4.0  4.0  5.0   (301, 72, 679, 65)
 0:16.50  purple     4.5   7.0  4.0  4.0  5.0   (301, 72, 679, 65)
 0:17.00  purple     4.5   7.0  4.0  4.0  5.0   (301, 72, 679, 65)
 0:17.50  purple     4.5   7.0  4.0  4.0  5.0   (301, 72, 679, 65)
 0:18.00  purple     4.5   6.0  4.0  4.0  5.0   (301, 72, 679, 65)
 0:18.50  purple     4.5   6.0  4.0  4.0  5.0   (301, 72, 679, 65)
 0:19.00  purple     4.5   6.0  4.0  4.0  5.0   (301, 72, 679, 65)
 0:19.50  purple     4.5   6.0  4.0  4.0  5.0   (301, 72, 679, 65)
 0:20.00  purple     4.5   6.0  4.0  4.0  5.0   (301, 72, 679, 65)
 0:20.50  purple     4.5   6.0  4.0  4.0  5.0   (301, 72, 679, 65)
 0:21.00  purple     4.5   6.0  4.0  4.0  5.0   (301, 72, 679, 65)
 0:21.50  purple     4.5   6.0  4.0  4.0  5.0   (301, 72, 679, 65)
 0:22.00  purple     4.5   6.0  4.0  4.0  5.0   (301, 72, 679, 65)
 0:22.50  purple     4.5   6.0  4.0  4.0  5.0   (301, 72, 679, 65)
 0:23.00  purple     4.5   6.0  4.0  4.0  5.0   (301, 72, 679, 65)
 0:23.50  purple     4.5   8.0  4.0  4.0  5.0   (314, 56, 710, 67)
 0:24.50  blue       4.0   4.0  4.0  4.0  4.0   (404, 40, 448, 640)
 0:25.00  blue       4.0   4.0  4.0  4.0  4.0   (404, 40, 448, 640)
 0:25.50  blue       4.0   4.0  4.0  4.0  4.0   (404, 40, 448, 640)
 0:26.00  blue       4.0   4.0  4.0  4.0  4.0   (404, 40, 448, 640)
 0:26.50  blue       4.0   4.0  4.0  4.0  4.0   (404, 40, 448, 640)
 0:27.00  blue       4.0   4.0  4.0  4.0  4.0   (404, 40, 448, 640)
 0:27.50  blue       4.0   4.0  4.0  4.0  4.0   (404, 40, 448, 640)
 0:28.00  blue       4.0   4.0  4.0  4.0  4.0   (404, 40, 448, 640)
 0:28.50  blue       4.0   4.0  4.0  4.0  4.0   (404, 40, 448, 640)
 0:29.00  blue       4.0   4.0  4.0  4.0  4.0   (404, 40, 448, 640)
 0:37.50  amber      4.0   4.0  4.0  5.0  4.0   (428, 40, 449, 640)
 0:38.00  amber      4.0   4.0  4.0  5.0  4.0   (428, 40, 449, 640)
 0:38.50  amber      4.0   4.0  4.0  5.0  4.0   (428, 40, 449, 640)
 0:39.00  amber      4.0   4.0  4.0  5.0  4.0   (428, 40, 449, 640)
 0:39.50  amber      4.0   4.0  4.0  5.0  4.0   (428, 40, 449, 640)
 0:40.00  amber      4.0   4.0  4.0  5.0  4.0   (428, 40, 449, 640)
 0:40.50  amber      4.0   4.0  4.0  5.0  4.0   (428, 40, 449, 640)
 0:41.00  amber      4.0   4.0  4.0  5.0  4.0   (428, 40, 449, 640)
 0:41.50  amber      4.0   4.0  4.0  5.0  4.0   (428, 40, 449, 640)
 0:42.00  amber      4.0   4.0  4.0  5.0  4.0   (428, 40, 449, 640)
 0:42.50  amber      4.0   4.0  4.0  5.0  4.0   (428, 40, 449, 640)
 0:43.00  amber      4.0   4.0  4.0  5.0  4.0   (428, 40, 449, 640)
 0:43.50  amber      4.0   4.0  4.0  5.0  4.0   (428, 40, 449, 640)
 0:44.00  amber      4.0   4.0  4.0  5.0  4.0   (428, 40, 449, 640)
 0:44.50  amber      4.0   4.0  4.0  5.0  4.0   (428, 40, 449, 640)
 0:45.00  amber      4.0   4.0  4.0  5.0  4.0   (428, 40, 449, 640)
 0:45.50  amber      4.0   4.0  4.0  5.0  4.0   (428, 40, 449, 640)
 0:46.00  amber      4.5   5.0  4.0  5.0  4.0   (428, 40, 449, 640)
 0:46.50  amber      4.0   4.0  4.0  5.0  4.0   (447, 458, 411, 71)
 0:47.00  amber      4.0   4.0  4.0  5.0  4.0   (447, 458, 411, 71)
 0:47.50  amber      4.0   4.0  4.0  5.0  4.0   (447, 458, 411, 71)
 0:48.00  amber      4.0   4.0  4.0  4.0  4.0   (447, 530, 411, 68)
 0:48.50  amber      4.0   4.0  4.0  4.0  4.0   (447, 530, 411, 68)
 0:49.00  amber      4.0   4.0  4.0  4.0  4.0   (447, 530, 411, 68)
 0:49.50  amber      4.0   4.0  4.0  4.0  4.0   (447, 530, 411, 68)
 0:50.00  amber      4.0   4.0  4.0  4.0  4.0   (447, 530, 411, 68)
 0:50.50  amber      4.0   5.0  4.0  4.0  4.0   (447, 530, 411, 68)
 0:51.00  amber      4.0   5.0  4.0  4.0  4.0   (447, 530, 411, 68)
 0:51.50  amber      4.5   4.0  5.0  4.0  5.0   (447, 599, 411, 70)
 0:52.00  amber      4.5   4.0  5.0  4.0  5.0   (447, 599, 411, 70)
 0:52.50  amber      4.5   4.0  5.0  4.0  5.0   (447, 599, 411, 70)
 0:53.00  amber      4.5   4.0  5.0  4.0  5.0   (447, 599, 411, 70)
 0:53.50  amber      4.5   4.0  5.0  4.0  5.0   (447, 599, 411, 70)
 1:01.50  amber      4.0   4.0  4.0  4.0  4.0   (657, 560, 309, 54)
 1:02.00  amber      4.0   4.0  4.0  4.0  4.0   (657, 560, 309, 54)
 1:12.00  red        6.5   7.0  6.0 11.5  6.0   (698, 120, 107, 194)
 1:12.50  red        6.5   7.0  6.0 11.5  6.0   (698, 120, 107, 194)
 1:13.00  red        6.5   7.0  6.0 11.5  6.0   (698, 120, 107, 194)
 1:13.50  red        6.5   7.0  6.0 11.5  6.0   (698, 120, 107, 194)
 1:14.00  red        6.5   7.0  6.0 11.5  6.0   (698, 120, 107, 194)
 1:14.50  red        6.5   7.0  6.0 11.5  6.0   (698, 120, 107, 194)
 1:15.00  red        6.5   7.0  6.0 11.5  6.0   (698, 120, 107, 194)
 1:15.50  red        6.5   7.0  6.0 11.5  6.0   (698, 120, 107, 194)
 1:16.00  red        6.5   7.0  6.0 11.5  6.0   (698, 120, 107, 194)
 1:16.50  red        6.5   7.0  6.0 11.5  6.0   (698, 120, 107, 194)
 1:17.00  red        6.5   7.0  6.0 11.5  6.0   (698, 120, 107, 194)
 1:17.50  red        6.5   7.0  6.0 11.5  6.0   (698, 120, 107, 194)
 1:18.00  red        6.5   7.0  6.0 11.5  6.0   (698, 120, 107, 194)
 1:18.50  red        6.5   7.0  6.0 11.5  6.0   (698, 120, 107, 194)
 1:19.00  red        6.5   7.0  6.0 11.5  6.0   (698, 120, 107, 194)
 1:19.50  red        6.5   7.0  6.0 11.5  6.0   (698, 120, 107, 194)
 1:20.00  red        6.5   7.0  6.0 11.0  6.0   (698, 120, 107, 194)
 1:20.50  red        6.5   7.0  6.0 11.0  6.0   (698, 120, 107, 194)
 1:21.00  red        6.5   7.0  6.0 11.0  6.0   (698, 120, 107, 194)
 1:21.50  red        6.5   7.0  6.0 11.0  6.0   (698, 120, 107, 194)
 1:22.00  red        6.5   7.0  6.0 11.0  6.0   (698, 120, 107, 194)
 1:22.50  red        6.5   7.0  6.0 11.0  6.0   (698, 120, 107, 194)
 1:23.00  red        6.5   7.0  6.0 11.0  6.0   (698, 120, 107, 194)
 1:23.50  red        6.5   7.0  6.0 11.0  6.0   (698, 120, 107, 194)
 1:24.00  red        6.5   7.0  6.0 11.0  6.0   (698, 120, 107, 194)
 1:24.50  red        6.5   7.0  6.0 11.0  6.0   (698, 120, 107, 194)
 1:25.00  red        6.5   7.0  6.0 11.0  6.0   (698, 120, 107, 194)
 1:25.50  red        6.5   7.0  6.0 11.0  6.0   (698, 120, 107, 194)
 1:26.00  red        6.5   7.0  6.0 11.0  6.0   (698, 120, 107, 194)
 1:26.50  red        6.5   7.0  6.0 11.0  6.0   (698, 120, 107, 194)
 1:27.00  red        6.5   7.0  6.0 11.0  6.0   (698, 120, 107, 194)
 1:27.50  red        6.5   7.0  6.0 11.0  6.0   (698, 120, 107, 194)
 1:28.00  red        6.5   7.0  6.0 11.0  6.0   (698, 120, 107, 194)
 1:28.50  red        6.5   7.0  6.0 11.0  6.0   (697, 120, 108, 195)
 1:29.00  red        6.5   7.0  6.0 11.0  6.0   (697, 120, 108, 195)
 1:29.50  red        6.5   7.0  6.0 11.0  6.0   (697, 120, 108, 195)
 1:29.50  violet     4.0   4.0  4.0  4.0  4.0   (28, 608, 1225, 78)
 1:30.00  red        6.5   7.0  6.0 11.0  6.0   (697, 120, 108, 195)
 1:30.00  violet     4.0   4.0  4.0  4.0  4.0   (28, 608, 1225, 78)
 1:30.50  red        6.5   7.0  6.0 11.0  6.0   (697, 120, 108, 195)
 1:30.50  violet     4.0   4.0  4.0  4.0  4.0   (28, 608, 1225, 78)
 1:31.00  red        6.5   7.0  6.0 11.0  6.0   (697, 120, 108, 195)
 1:31.00  violet     4.0   4.0  4.0  4.0  4.0   (28, 608, 1225, 78)
 1:31.50  red        6.5   7.0  6.0 11.0  6.0   (697, 120, 108, 195)
 1:31.50  violet     4.0   4.0  4.0  4.0  4.0   (28, 608, 1225, 78)
 1:32.00  red        6.5   7.0  6.0 11.0  6.0   (697, 120, 108, 195)
 1:32.00  violet     4.0   4.0  4.0  4.0  4.0   (28, 608, 1225, 78)
 2:10.00  red        2.0   2.0  2.0  2.0  2.0   (820, 176, 324, 450)
 2:10.50  red        2.0   2.0  2.0  2.0  2.0   (820, 176, 324, 450)
 2:11.00  red        2.0   2.0  2.0  2.0  2.0   (820, 176, 324, 450)
 2:11.50  red        2.0   2.0  2.0  2.0  2.0   (820, 176, 324, 450)
 2:12.00  red        2.0   2.0  2.0  2.0  2.0   (820, 176, 324, 450)
 2:12.50  red        2.0   2.0  2.0  2.0  2.0   (820, 176, 324, 450)
 2:13.00  red        2.0   2.0  2.0  2.0  2.0   (820, 176, 324, 450)
 2:13.50  red        2.0   2.0  2.0  2.0  2.0   (820, 176, 324, 450)
 2:14.00  red        2.0   2.0  2.0  2.0  2.0   (820, 176, 324, 450)
 2:14.50  red        2.0   2.0  2.0  2.0  2.0   (820, 176, 324, 450)
 2:15.00  red        2.0   2.0  2.0  2.0  2.0   (820, 176, 324, 450)
 2:49.00  gold       6.8   6.0  7.5  6.0 10.0   (949, 542, 185, 174)
 2:49.50  gold       7.0   5.5  8.5  2.0 11.0   (949, 543, 185, 173)
 2:50.00  gold       7.0   5.5  8.5  2.0 11.0   (949, 543, 185, 173)
 2:50.50  gold       7.8   5.5 10.0  2.0 11.0   (949, 543, 185, 173)
 2:53.50  gold       6.0   4.0  8.0  4.0 10.0   (946, 602, 188, 114)
 3:31.00  red        4.0   4.0  4.0  5.0  4.0   (74, 116, 368, 458)
 3:31.50  red        4.0   4.0  4.0  5.0  4.0   (74, 116, 368, 458)
 3:32.00  red        4.0   4.0  4.0  5.0  4.0   (74, 116, 368, 458)
 3:32.50  red        4.0   4.0  4.0  5.0  4.0   (74, 116, 368, 458)
 3:33.00  red        4.0   4.0  4.0  5.0  4.0   (74, 116, 368, 458)
 3:33.50  red        4.0   4.0  4.0  5.0  4.0   (74, 116, 368, 458)
 3:34.00  red        4.0   4.0  4.0  5.0  4.0   (74, 116, 368, 458)
 3:34.50  red        4.0   4.0  4.0  5.0  4.0   (74, 116, 368, 458)
 3:35.00  red        4.0   4.0  4.0  5.0  4.0   (74, 116, 368, 458)
 3:35.50  red        4.0   4.0  4.0  5.0  4.0   (74, 116, 368, 458)
 3:36.00  red        4.0   4.0  4.0  5.0  4.0   (74, 116, 368, 458)
 3:36.50  red        4.0   4.0  4.0  5.0  4.0   (74, 116, 368, 458)
 3:37.00  red        4.0   4.0  4.0  5.0  4.0   (74, 116, 368, 458)
 3:37.50  red        4.0   4.0  4.0  5.0  4.0   (74, 116, 368, 458)
 3:38.00  red        4.0   4.0  4.0  5.0  4.0   (74, 116, 368, 458)
 3:38.50  red        4.0   4.0  4.0  5.0  4.0   (74, 116, 368, 458)
 3:39.00  red        4.0   4.0  4.0  5.0  4.0   (74, 116, 368, 458)
 3:39.50  red        4.0   4.0  4.0  5.0  4.0   (74, 116, 368, 458)
 3:40.00  red        4.0   4.0  4.0  5.0  4.0   (74, 116, 368, 458)
 3:40.50  red        4.0   4.0  4.0  5.0  4.0   (74, 116, 368, 458)
 3:50.50  red        4.0   4.0  4.0  5.0  4.0   (456, 116, 368, 458)
 3:58.50  violet     4.0   4.0  4.0  4.0  4.0   (74, 594, 1133, 74)
 3:59.00  violet     4.0   4.0  4.0  4.0  4.0   (74, 594, 1133, 74)
 3:59.50  violet     4.0   4.0  4.0  4.0  4.0   (74, 594, 1133, 74)
 4:00.00  violet     4.0   4.0  4.0  4.0  4.0   (74, 594, 1133, 74)
 4:00.50  violet     4.0   4.0  4.0  4.0  4.0   (74, 594, 1133, 74)
 4:01.00  violet     4.0   4.0  4.0  4.0  4.0   (74, 594, 1133, 74)
 4:01.50  violet     4.0   4.0  4.0  4.0  4.0   (74, 594, 1133, 74)
 4:02.00  violet     4.0   4.0  4.0  4.0  4.0   (74, 594, 1133, 74)
 4:02.50  violet     4.0   4.0  4.0  4.0  4.0   (74, 594, 1133, 74)
 4:03.00  violet     4.0   4.0  4.0  4.0  4.0   (74, 594, 1133, 74)
 4:03.50  violet     4.0   4.0  4.0  4.0  4.0   (74, 594, 1133, 74)
 4:04.00  violet     4.0   4.0  4.0  4.0  4.0   (74, 594, 1133, 74)
 4:04.50  violet     4.0   4.0  4.0  4.0  4.0   (74, 594, 1133, 74)
 4:05.00  violet     4.0   4.0  4.0  4.0  4.0   (74, 594, 1133, 74)
 4:05.50  violet     4.0   4.0  4.0  4.0  4.0   (74, 594, 1133, 74)

# 162 ring samples in 15 runs; stroke histogram (rounded px): 2 px: 11, 4 px: 105, 6 px: 42, 7 px: 3, 8 px: 1
# runs (start, end, color, median stroke, min-max, samples)
 0:15.00 -  0:23.50  purple    4.5   4.5- 4.5   18
 0:24.50 -  0:29.00  blue      4.0   4.0- 4.0   10
 0:37.50 -  0:46.00  amber     4.0   4.0- 4.5   18
 0:46.50 -  0:47.50  amber     4.0   4.0- 4.0    3
 0:48.00 -  0:51.00  amber     4.0   4.0- 4.0    7
 0:51.50 -  0:53.50  amber     4.5   4.5- 4.5    5
 1:01.50 -  1:02.00  amber     4.0   4.0- 4.0    2
 1:12.00 -  1:32.00  red       6.5   6.5- 6.5   41
 1:29.50 -  1:32.00  violet    4.0   4.0- 4.0    6
 2:10.00 -  2:15.00  red       2.0   2.0- 2.0   11
 2:49.00 -  2:50.50  gold      7.0   6.8- 7.8    4
 2:53.50 -  2:53.50  gold      6.0   6.0- 6.0    1
 3:31.00 -  3:40.50  red       4.0   4.0- 4.0   20
 3:50.50 -  3:50.50  red       4.0   4.0- 4.0    1
 3:58.50 -  4:05.50  violet    4.0   4.0- 4.0   15
