# avoid-traps-opener.mp4  1280x720  duration=3:35.27  step=0.5s  thr=45.0
# target: fixed 4 px at 720p (6 px at 1080p), Edit Spec section 5 (2026-09-26); widths are SOLID pixels at thr, true width is about +0.5
# time      color    stroke   L    R    T    B    bbox(x,y,w,h)
 0:00.00  gold       6.0   6.0  6.0  6.0  6.0   (76, 274, 494, 60)
 0:00.50  gold       6.0   6.0  6.0  6.0  6.0   (76, 274, 494, 60)
 0:01.00  gold       6.0   6.0  6.0  6.0  6.0   (76, 274, 494, 60)
 0:01.50  gold       6.0   6.0  6.0  6.0  6.0   (76, 274, 494, 60)
 0:02.00  gold       6.0   6.0  6.0  6.0  6.0   (76, 274, 494, 60)
 0:02.50  gold       6.0   6.0  6.0  6.0  6.0   (76, 274, 494, 60)
 0:03.00  gold       6.0   6.0  6.0  6.0  6.0   (76, 332, 438, 66)
 0:03.50  gold       6.0   6.0  6.0  6.0  6.0   (76, 332, 438, 66)
 0:04.00  gold       6.0   6.0  6.0  6.0  6.0   (76, 332, 438, 66)
 0:04.50  gold       6.0   6.0  6.0  6.0  6.0   (76, 332, 438, 66)
 0:05.00  gold       6.0   6.0  6.0  6.0  6.0   (76, 390, 366, 60)
 0:05.50  gold       6.0   6.0  6.0  6.0  6.0   (76, 390, 366, 60)
 0:06.00  gold       6.0   6.0  6.0  6.0  6.0   (76, 390, 366, 60)
 0:06.50  gold       6.0   6.0  6.0  6.0  6.0   (76, 390, 366, 60)
 0:07.00  gold       6.0   6.0  6.0  6.0  6.0   (76, 390, 366, 60)
 0:07.50  gold       6.0   6.0  6.0  6.0  6.0   (76, 390, 366, 60)
 0:08.00  gold       6.0   6.0  6.0  6.0  6.0   (76, 390, 366, 60)
 0:08.50  gold       6.0   6.0  6.0  6.0  6.0   (76, 390, 366, 60)
 0:09.00  gold       6.0   6.0  6.0  6.0  6.0   (76, 390, 366, 60)
 0:09.50  gold       6.0   6.0  6.0  6.0  6.0   (76, 390, 366, 60)
 0:10.00  gold       6.0   6.0  6.0  6.0  6.0   (76, 444, 564, 62)
 0:10.50  gold       6.0   6.0  6.0  6.0  6.0   (76, 444, 564, 62)
 0:11.00  gold       6.0   6.0  6.0  6.0  6.0   (76, 444, 564, 62)
 0:11.50  gold       6.0   6.0  6.0  6.0  6.0   (76, 444, 564, 62)
 0:12.00  gold       6.0   6.0  6.0  6.0  6.0   (76, 444, 564, 62)
 0:12.50  gold       6.0   6.0  6.0  6.0  6.0   (76, 444, 564, 62)
 0:13.00  gold       6.0   6.0  6.0  6.0  6.0   (76, 444, 564, 62)
 2:08.00  purple     6.0   6.0  6.0  6.0  6.0   (76, 124, 1146, 138)
 2:08.50  purple     6.0   6.0  6.0  6.0  6.0   (76, 124, 1146, 138)
 2:09.00  purple     6.0   6.0  6.0  6.0  6.0   (76, 124, 1146, 138)
 2:09.50  purple     6.0   6.0  6.0  6.0  6.0   (76, 124, 1146, 138)
 2:10.00  purple     6.0   6.0  6.0  6.0  6.0   (76, 124, 1146, 138)
 2:10.50  purple     6.0   6.0  6.0  6.0  6.0   (76, 124, 1146, 138)
 2:11.00  purple     6.0   6.0  6.0  6.0  6.0   (76, 124, 1146, 138)
 2:11.50  purple     6.0   6.0  6.0  6.0  6.0   (76, 124, 1146, 138)
 2:12.00  purple     6.0   6.0  6.0  6.0  6.0   (76, 124, 1146, 138)
 2:12.50  purple     6.0   6.0  6.0  6.0  6.0   (76, 124, 1146, 138)
 2:13.00  purple     6.0   6.0  6.0  6.0  6.0   (76, 124, 1146, 138)
 2:13.50  purple     6.0   6.0  6.0  6.0  6.0   (76, 124, 1146, 138)
 2:14.00  purple     6.0   6.0  6.0  6.0  6.0   (76, 124, 1146, 138)
 2:14.50  purple     6.0   6.0  6.0  6.0  6.0   (76, 124, 1146, 138)
 2:15.00  purple     6.0   6.0  6.0  6.0  6.0   (76, 124, 1146, 138)
 2:15.50  purple     6.0   6.0  6.0  6.0  6.0   (76, 124, 1146, 138)
 2:16.00  purple     6.0   6.0  6.0  6.0  6.0   (76, 124, 1146, 138)
 2:16.50  purple     6.0   6.0  6.0  6.0  6.0   (76, 124, 1146, 138)
 2:17.00  purple     6.0   6.0  6.0  6.0  6.0   (76, 124, 1146, 138)
 2:17.50  purple     6.0   6.0  6.0  6.0  6.0   (76, 124, 1146, 138)
 2:18.00  purple     6.0   6.0  6.0  6.0  6.0   (76, 124, 1146, 138)
 2:18.50  purple     6.0   6.0  6.0  6.0  6.0   (76, 124, 1146, 138)
 2:19.00  purple     6.0   6.0  6.0  6.0  6.0   (76, 124, 1146, 138)
 2:19.50  purple     6.0   6.0  6.0  6.0  6.0   (76, 124, 1146, 138)
 2:20.00  purple     6.0   6.0  6.0  6.0  6.0   (76, 124, 1146, 138)
 2:20.50  purple     6.0   6.0  6.0  6.0  6.0   (76, 124, 1146, 138)
 2:21.00  purple     6.0   6.0  6.0  6.0  6.0   (76, 124, 1146, 138)
 2:21.50  purple     6.0   6.0  6.0  6.0  6.0   (76, 124, 1146, 138)
 2:22.00  purple     6.0   6.0  6.0  6.0  6.0   (76, 124, 1146, 138)
 2:22.50  purple     6.0   6.0  6.0  6.0  6.0   (76, 124, 1146, 138)
 2:23.00  purple     6.0   6.0  6.0  6.0  6.0   (76, 124, 1146, 138)
 2:23.50  purple     6.0   6.0  6.0  6.0  6.0   (76, 124, 1146, 138)
 2:24.00  purple     6.0   6.0  6.0  6.0  6.0   (76, 124, 1146, 138)
 2:24.50  purple     6.0   6.0  6.0  6.0  6.0   (76, 124, 1146, 138)
 2:25.00  purple     6.0   6.0  6.0  6.0  6.0   (76, 124, 1146, 138)
 2:25.50  purple     6.0   6.0  6.0  6.0  6.0   (76, 124, 1146, 138)
 2:26.00  purple     6.0   6.0  6.0  6.0  6.0   (76, 124, 1146, 138)
 2:26.50  purple     6.0   6.0  6.0  6.0  6.0   (76, 124, 1146, 138)
 2:27.00  purple     6.0   6.0  6.0  6.0  6.0   (76, 124, 1146, 138)
 2:27.50  purple     6.0   6.0  6.0  6.0  6.0   (76, 124, 1146, 138)
 2:28.00  purple     6.0   6.0  6.0  6.0  6.0   (76, 124, 1146, 138)
 2:28.50  purple     6.0   6.0  6.0  6.0  6.0   (76, 124, 1146, 138)
 2:29.00  purple     6.0   6.0  6.0  6.0  6.0   (76, 124, 1146, 138)
 2:29.50  purple     6.0   6.0  6.0  6.0  6.0   (76, 124, 1146, 138)
 2:30.00  blue       6.0   6.0  6.0  6.0  6.0   (76, 278, 1146, 136)
 2:30.50  blue       6.0   6.0  6.0  6.0  6.0   (76, 278, 1146, 136)
 2:31.00  blue       6.0   6.0  6.0  6.0  6.0   (76, 278, 1146, 136)
 2:31.50  blue       6.0   6.0  6.0  6.0  6.0   (76, 278, 1146, 136)
 2:32.00  blue       6.0   6.0  6.0  6.0  6.0   (76, 278, 1146, 136)
 2:32.50  blue       6.0   6.0  6.0  6.0  6.0   (76, 278, 1146, 136)
 2:33.00  blue       6.0   6.0  6.0  6.0  6.0   (76, 278, 1146, 136)
 2:33.50  blue       6.0   6.0  6.0  6.0  6.0   (76, 278, 1146, 136)
 2:34.00  blue       6.0   6.0  6.0  6.0  6.0   (76, 278, 1146, 136)
 2:34.50  blue       6.0   6.0  6.0  6.0  6.0   (76, 278, 1146, 136)
 2:35.00  blue       6.0   6.0  6.0  6.0  6.0   (76, 278, 1146, 136)
 2:35.50  blue       6.0   6.0  6.0  6.0  6.0   (76, 278, 1146, 136)
 2:36.00  blue       6.0   6.0  6.0  6.0  6.0   (76, 278, 1146, 136)
 2:36.50  blue       6.0   6.0  6.0  6.0  6.0   (76, 278, 1146, 136)
 2:37.00  blue       6.0   6.0  6.0  6.0  6.0   (76, 278, 1146, 136)
 2:37.50  blue       6.0   6.0  6.0  6.0  6.0   (76, 278, 1146, 136)
 2:38.00  blue       6.0   6.0  6.0  6.0  6.0   (76, 278, 1146, 136)
 2:38.50  blue       6.0   6.0  6.0  6.0  6.0   (76, 278, 1146, 136)
 2:39.00  blue       6.0   6.0  6.0  6.0  6.0   (76, 278, 1146, 136)
 2:39.50  blue       6.0   6.0  6.0  6.0  6.0   (76, 278, 1146, 136)
 2:40.00  blue       6.0   6.0  6.0  6.0  6.0   (76, 278, 1146, 136)
 2:40.50  blue       6.0   6.0  6.0  6.0  6.0   (76, 278, 1146, 136)
 2:41.00  blue       6.0   6.0  6.0  6.0  6.0   (76, 278, 1146, 136)
 2:41.50  blue       6.0   6.0  6.0  6.0  6.0   (76, 278, 1146, 136)
 2:42.00  blue       6.0   6.0  6.0  6.0  6.0   (76, 278, 1146, 136)
 2:42.50  blue       6.0   6.0  6.0  6.0  6.0   (76, 278, 1146, 136)
 2:43.00  blue       6.0   6.0  6.0  6.0  6.0   (76, 278, 1146, 136)
 2:43.50  blue       6.0   6.0  6.0  6.0  6.0   (76, 278, 1146, 136)
 2:44.00  blue       6.0   6.0  6.0  6.0  6.0   (76, 278, 1146, 136)
 2:44.50  blue       6.0   6.0  6.0  6.0  6.0   (76, 278, 1146, 136)
 2:45.00  blue       6.0   6.0  6.0  6.0  6.0   (76, 278, 1146, 136)
 2:45.50  blue       6.0   6.0  6.0  6.0  6.0   (76, 278, 1146, 136)
 2:46.00  blue       6.0   6.0  6.0  6.0  6.0   (76, 278, 1146, 136)
 2:46.50  blue       6.0   6.0  6.0  6.0  6.0   (76, 278, 1146, 136)
 2:47.00  blue       6.0   6.0  6.0  6.0  6.0   (76, 278, 1146, 136)
 2:47.50  blue       6.0   6.0  6.0  6.0  6.0   (76, 278, 1146, 136)
 2:48.00  blue       6.0   6.0  6.0  6.0  6.0   (76, 278, 1146, 136)
 2:48.50  blue       6.0   6.0  6.0  6.0  6.0   (76, 278, 1146, 136)
 2:49.00  blue       6.0   6.0  6.0  6.0  6.0   (76, 278, 1146, 136)
 2:49.50  blue       6.0   6.0  6.0  6.0  6.0   (76, 278, 1146, 136)
 2:50.00  blue       6.0   6.0  6.0  6.0  6.0   (76, 278, 1146, 136)
 2:50.50  teal       7.0   7.0  7.0  7.0  7.0   (75, 431, 1147, 139)
 2:51.00  teal       7.0   7.0  7.0  7.0  7.0   (75, 431, 1147, 139)
 2:51.50  teal       7.0   7.0  7.0  7.0  7.0   (75, 431, 1147, 139)
 2:52.00  teal       7.0   7.0  7.0  7.0  7.0   (75, 431, 1147, 139)
 2:52.50  teal       7.0   7.0  7.0  7.0  7.0   (75, 431, 1147, 139)
 2:53.00  teal       7.0   7.0  7.0  7.0  7.0   (75, 431, 1147, 139)
 2:53.50  teal       7.0   7.0  7.0  7.0  7.0   (75, 431, 1147, 139)
 2:54.00  teal       7.0   7.0  7.0  7.0  7.0   (75, 431, 1147, 139)
 2:54.50  teal       7.0   7.0  7.0  7.0  7.0   (75, 431, 1147, 139)
 2:55.00  teal       7.0   7.0  7.0  7.0  7.0   (75, 431, 1147, 139)
 2:55.50  teal       7.0   7.0  7.0  7.0  7.0   (75, 431, 1147, 139)
 2:56.00  teal       7.0   7.0  7.0  7.0  7.0   (75, 431, 1147, 139)
 2:56.50  teal       7.0   7.0  7.0  7.0  7.0   (75, 431, 1147, 139)
 2:57.00  teal       7.0   7.0  7.0  7.0  7.0   (75, 431, 1147, 139)
 2:57.50  teal       7.0   7.0  7.0  7.0  7.0   (75, 431, 1147, 139)
 2:58.00  teal       7.0   7.0  7.0  7.0  7.0   (75, 431, 1147, 139)
 2:58.50  teal       7.0   7.0  7.0  7.0  7.0   (75, 431, 1147, 139)
 2:59.00  teal       7.0   7.0  7.0  7.0  7.0   (75, 431, 1147, 139)
 2:59.50  teal       7.0   7.0  7.0  7.0  7.0   (75, 431, 1147, 139)
 3:00.00  teal       7.0   7.0  7.0  7.0  7.0   (75, 431, 1147, 139)
 3:00.50  teal       7.0   7.0  7.0  7.0  7.0   (75, 431, 1147, 139)
 3:01.00  teal       7.0   7.0  7.0  7.0  7.0   (75, 431, 1147, 139)
 3:01.50  teal       7.0   7.0  7.0  7.0  7.0   (75, 431, 1147, 139)
 3:02.00  teal       7.0   7.0  7.0  7.0  7.0   (75, 431, 1147, 139)
 3:02.50  teal       7.0   7.0  7.0  7.0  7.0   (75, 431, 1147, 139)
 3:03.00  teal       7.0   7.0  7.0  7.0  7.0   (75, 431, 1147, 139)
 3:03.50  teal       7.0   7.0  7.0  7.0  7.0   (75, 431, 1147, 139)
 3:04.00  teal       7.0   7.0  7.0  7.0  7.0   (75, 431, 1147, 139)
 3:04.50  teal       7.0   7.0  7.0  7.0  7.0   (75, 431, 1147, 139)
 3:05.00  teal       7.0   7.0  7.0  7.0  7.0   (75, 431, 1147, 139)
 3:05.50  teal       7.0   7.0  7.0  7.0  7.0   (75, 431, 1147, 139)
 3:06.00  teal       7.0   7.0  7.0  7.0  7.0   (75, 431, 1147, 139)
 3:06.50  teal       7.0   7.0  7.0  7.0  7.0   (75, 431, 1147, 139)
 3:07.00  teal       7.0   7.0  7.0  7.0  7.0   (75, 431, 1147, 139)
 3:07.50  teal       7.0   7.0  7.0  7.0  7.0   (75, 431, 1147, 139)
 3:08.00  teal       7.0   7.0  7.0  7.0  7.0   (75, 431, 1147, 139)
 3:08.50  teal       7.0   7.0  7.0  7.0  7.0   (75, 431, 1147, 139)
 3:17.00  violet     6.0   6.0  6.0  6.0  6.0   (28, 600, 1226, 82)
 3:17.50  violet     6.0   6.0  6.0  6.0  6.0   (28, 600, 1226, 82)
 3:18.00  violet     6.0   6.0  6.0  6.0  6.0   (28, 600, 1226, 82)
 3:18.50  violet     6.0   6.0  6.0  6.0  6.0   (28, 600, 1226, 82)
 3:19.00  violet     6.0   6.0  6.0  6.0  6.0   (28, 600, 1226, 82)

# 154 ring samples in 8 runs; stroke histogram (rounded px): 6 px: 117, 7 px: 37
# runs (start, end, color, median stroke, min-max, samples)
 0:00.00 -  0:02.50  gold      6.0   6.0- 6.0    6
 0:03.00 -  0:04.50  gold      6.0   6.0- 6.0    4
 0:05.00 -  0:09.50  gold      6.0   6.0- 6.0   10
 0:10.00 -  0:13.00  gold      6.0   6.0- 6.0    7
 2:08.00 -  2:29.50  purple    6.0   6.0- 6.0   44
 2:30.00 -  2:50.00  blue      6.0   6.0- 6.0   41
 2:50.50 -  3:08.50  teal      7.0   7.0- 7.0   37
 3:17.00 -  3:19.00  violet    6.0   6.0- 6.0    5
