# wheres-the-line.mp4  1280x720  duration=3:21.97  step=0.5s  thr=45.0
# target: fixed 4 px at 720p (6 px at 1080p), Edit Spec section 5 (2026-09-26); widths are SOLID pixels at thr, true width is about +0.5
# time      color    stroke   L    R    T    B    bbox(x,y,w,h)
 1:41.50  purple     4.5   4.0  5.0  6.0  4.0   (112, 110, 521, 554)
 1:42.00  purple     4.5   4.0  5.0  6.0  4.0   (112, 110, 521, 554)
 1:42.50  purple     4.5   4.0  5.0  6.0  4.0   (112, 110, 521, 554)
 1:43.00  purple     4.5   4.0  5.0  6.0  4.0   (112, 110, 521, 554)
 1:43.50  purple     4.5   4.0  5.0  6.0  4.0   (112, 110, 521, 554)
 1:44.00  purple     4.5   4.0  5.0  6.0  4.0   (112, 110, 521, 554)
 1:44.50  purple     4.5   4.0  5.0  6.0  4.0   (112, 110, 521, 554)
 1:45.00  purple     4.0   4.0  4.0  6.0  4.0   (112, 110, 521, 554)
 1:45.50  purple     4.0   4.0  4.0  6.0  4.0   (112, 110, 521, 554)
 1:46.00  purple     4.0   4.0  4.0  6.0  4.0   (112, 110, 521, 554)
 1:46.50  purple     4.0   4.0  4.0  6.0  4.0   (112, 110, 521, 554)
 1:47.00  purple     4.0   4.0  4.0  6.0  4.0   (112, 110, 521, 554)
 1:47.50  purple     4.0   4.0  4.0  6.0  4.0   (112, 110, 521, 554)
 1:48.00  purple     4.0   4.0  4.0  6.0  4.0   (112, 110, 521, 554)
 1:48.50  purple     4.0   4.0  4.0  6.0  4.0   (112, 110, 521, 554)
 1:49.00  purple     4.0   4.0  4.0  6.0  4.0   (112, 110, 521, 554)
 1:49.50  purple     4.0   4.0  4.0  6.0  4.0   (112, 110, 521, 554)
 1:50.00  purple     4.0   4.0  4.0  6.0  4.0   (112, 110, 521, 554)
 1:50.50  purple     4.0   4.0  4.0  6.0  4.0   (112, 110, 521, 554)
 1:51.00  purple     4.0   4.0  4.0  4.0  4.0   (124, 548, 498, 104)
 1:51.50  purple     4.0   4.0  4.0  4.0  4.0   (124, 548, 498, 104)
 1:52.00  purple     4.0   4.0  4.0  4.0  4.0   (124, 548, 498, 104)
 1:52.50  purple     4.0   4.0  4.0  4.0  4.0   (124, 548, 498, 104)
 1:53.00  purple     4.0   4.0  4.0  4.0  4.0   (124, 548, 498, 104)
 1:53.50  purple     4.0   4.0  4.0  4.0  4.0   (123, 548, 499, 104)
 1:54.00  purple     4.0   4.0  4.0  4.0  4.0   (123, 548, 499, 104)
 1:54.50  purple     4.0   4.0  4.0  4.0  4.0   (123, 548, 499, 104)
 1:55.00  purple     4.0   4.0  4.0  4.0  4.0   (123, 548, 499, 104)
 1:55.50  purple     4.0   4.0  4.0  4.0  4.0   (123, 548, 499, 104)
 1:56.00  purple     4.0   4.0  4.0  4.0  4.0   (123, 548, 499, 104)
 1:56.50  purple     4.0   4.0  4.0  4.0  4.0   (123, 548, 499, 104)
 1:57.00  purple     4.0   4.0  4.0  4.0  4.0   (123, 548, 499, 104)
 1:57.50  green      5.0   5.0  5.0  6.0  5.0   (647, 110, 521, 554)
 1:58.00  green      5.0   5.0  5.0  6.0  5.0   (647, 110, 521, 554)
 1:58.50  green      5.0   5.0  5.0  6.0  5.0   (647, 110, 521, 554)
 1:59.00  green      5.0   5.0  5.0  6.0  5.0   (647, 110, 521, 554)
 1:59.50  green      5.0   5.0  5.0  6.0  5.0   (647, 110, 521, 554)
 2:00.00  green      5.0   5.0  5.0  6.0  5.0   (647, 110, 521, 554)
 2:00.50  green      5.0   5.0  5.0  6.0  5.0   (647, 110, 521, 554)
 2:01.00  green      5.0   5.0  5.0  6.0  5.0   (647, 110, 521, 554)
 2:01.50  green      5.0   5.0  5.0  6.0  5.0   (647, 110, 521, 554)
 2:02.00  green      5.0   5.0  5.0  6.0  5.0   (647, 110, 521, 554)
 2:02.50  green      5.0   5.0  5.0  6.0  5.0   (647, 110, 521, 554)
 2:03.00  green      5.0   5.0  5.0  6.0  5.0   (647, 110, 521, 554)
 2:03.50  green      5.0   5.0  5.0  6.0  5.0   (647, 110, 521, 554)
 2:04.00  green      5.0   5.0  5.0  6.0  5.0   (647, 110, 521, 554)
 2:04.50  green      5.0   5.0  5.0  6.0  5.0   (647, 110, 521, 554)
 2:05.00  green      5.0   5.0  5.0  6.0  5.0   (647, 110, 521, 554)
 2:05.50  green      5.0   5.0  5.0  6.0  5.0   (647, 110, 521, 554)
 2:06.00  green      5.0   5.0  5.0  6.0  5.0   (647, 110, 521, 554)
 2:06.50  green      5.0   5.0  5.0  5.0  5.0   (658, 548, 499, 105)
 2:07.00  green      5.0   5.0  5.0  5.0  5.0   (658, 548, 499, 105)
 2:07.50  green      5.0   5.0  5.0  5.0  5.0   (658, 548, 499, 105)
 2:08.00  green      5.0   5.0  5.0  5.0  5.0   (658, 548, 499, 105)
 2:08.50  green      5.0   5.0  5.0  5.0  5.0   (658, 548, 499, 105)
 2:09.00  green      5.0   5.0  5.0  5.0  5.0   (658, 548, 499, 105)
 2:09.50  green      5.0   5.0  5.0  5.0  5.0   (658, 548, 499, 105)
 2:10.00  green      5.0   5.0  5.0  5.0  5.0   (658, 548, 499, 105)
 2:32.50  purple     9.0   8.0  9.0  9.0  9.0   (236, 38, 810, 645)
 2:33.00  purple     9.0   8.0  9.0  9.0  9.0   (236, 38, 810, 645)
 2:33.50  purple     9.0   8.0  9.0  9.0  9.0   (236, 38, 810, 645)
 2:34.00  purple     9.0   8.0  9.0  9.0  9.0   (235, 38, 811, 645)
 2:34.50  purple     9.0   8.0  9.0  9.0  9.0   (235, 38, 811, 645)
 2:35.00  purple     9.0   8.0  9.0  9.0  9.0   (235, 38, 811, 645)
 2:35.50  purple     9.0   8.0  9.0  9.0  9.0   (235, 38, 811, 645)
 2:36.00  purple     9.0   8.0  9.0  9.0  9.0   (235, 38, 811, 645)
 2:36.50  purple     9.0   8.0  9.0  9.0  9.0   (235, 38, 811, 645)
 2:37.00  purple     9.0   8.0  9.0  9.0  9.0   (235, 38, 811, 645)
 2:37.50  purple     9.0   8.0  9.0  9.0  9.0   (235, 38, 811, 645)
 2:38.00  purple     9.0   8.0  9.0  9.0  9.0   (235, 38, 811, 645)
 2:38.50  purple     9.0   8.0  9.0  9.0  9.0   (235, 38, 811, 645)
 2:39.00  purple     9.0   8.0  9.0  9.0  9.0   (235, 38, 811, 645)
 2:39.50  purple     9.0   8.0  9.0  9.0  9.0   (235, 38, 811, 645)
 2:40.00  purple     9.0   8.0  9.0  9.0  9.0   (235, 38, 811, 645)
 2:40.50  purple     9.0   8.0  9.0  9.0  9.0   (235, 38, 811, 645)
 2:41.00  purple     9.0   8.0  9.0  9.0  9.0   (235, 38, 811, 645)
 2:41.50  purple     9.0   8.0  9.0  9.0  9.0   (235, 38, 811, 645)
 2:42.00  purple     9.0   8.0  9.0  9.0  9.0   (235, 38, 811, 645)
 2:42.50  purple     9.0   9.0  9.0  9.0  9.0   (235, 38, 811, 645)
 2:43.00  purple     9.0   9.0  8.0  9.0  9.0   (51, 38, 811, 645)
 2:43.50  purple     8.5   8.0  8.0 10.0  9.0   (0, 38, 221, 645)
 2:44.00  blue       8.5   8.0  9.0 10.0  8.0   (236, 38, 810, 644)
 2:44.50  blue       8.5   8.0  9.0 10.0  8.0   (236, 38, 810, 644)
 2:45.00  blue       8.5   8.0  9.0 10.0  8.0   (236, 38, 810, 644)
 2:45.50  blue       8.5   8.0  9.0 10.0  8.0   (236, 38, 810, 644)
 2:46.00  blue       8.5   8.0  9.0 10.0  8.0   (236, 38, 810, 644)
 2:46.50  blue       8.5   8.0  9.0 10.0  8.0   (236, 38, 810, 644)
 2:47.00  blue       8.5   8.0  9.0 10.0  8.0   (236, 38, 810, 644)
 2:47.50  blue       8.5   8.0  9.0 10.0  8.0   (236, 38, 810, 644)
 2:48.00  blue       8.5   8.0  9.0 10.0  8.0   (236, 38, 810, 644)
 2:48.50  blue       8.5   8.0  9.0 10.0  8.0   (236, 38, 810, 644)
 2:49.00  blue       8.5   8.0  9.0 10.0  8.0   (236, 38, 810, 644)
 2:49.50  blue       8.5   8.0  9.0 10.0  8.0   (236, 38, 810, 644)
 2:50.00  blue       8.5   8.0  9.0 10.0  8.0   (236, 38, 810, 644)
 2:50.50  blue       8.0   8.0  8.0  8.0  8.0   (418, 0, 812, 536)
 2:51.50  teal       9.0   9.0  9.0 10.0  9.0   (235, 38, 811, 645)
 2:52.00  teal       9.0   9.0  9.0 10.0  9.0   (235, 38, 811, 645)
 2:52.50  teal       9.0   9.0  9.0 10.0  9.0   (235, 38, 811, 645)
 2:53.00  teal       9.0   9.0  9.0 10.0  9.0   (235, 38, 811, 645)
 2:53.50  teal       9.0   9.0  9.0 10.0  9.0   (235, 38, 811, 645)
 2:54.00  teal       9.0   9.0  9.0 10.0  9.0   (235, 38, 811, 645)
 2:54.50  teal       9.0   9.0  9.0 10.0  9.0   (235, 38, 811, 645)
 2:55.00  teal       9.0   9.0  9.0 10.0  9.0   (235, 38, 811, 645)
 2:55.50  teal       9.0   9.0  9.0 10.0  9.0   (235, 38, 811, 645)
 2:56.00  teal       9.0   9.0  9.0 10.0  9.0   (235, 38, 811, 645)
 2:56.50  teal       9.0   9.0  9.0 10.0  9.0   (235, 38, 811, 645)
 2:57.00  teal       9.0   9.0  9.0 10.0  9.0   (235, 38, 811, 645)
 2:57.50  teal       9.0   9.0  9.0 10.0  9.0   (235, 38, 811, 645)
 2:58.00  teal       9.0   9.0  9.0 10.0  9.0   (235, 38, 811, 645)
 2:58.50  teal       9.0   9.0  9.0 10.0  9.0   (235, 38, 811, 645)
 2:59.00  teal       9.0   9.0  9.0 10.0  9.0   (235, 38, 811, 645)
 2:59.50  teal       9.0   9.0  9.0 10.0  9.0   (231, 38, 810, 645)
 3:00.00  teal       9.0   9.0  9.0  9.0  9.0   (0, 38, 400, 645)
 3:00.50  amber      8.5   8.0  9.0  9.0  8.0   (236, 38, 810, 644)
 3:01.00  amber      8.5   8.0  9.0  9.0  8.0   (236, 38, 810, 644)
 3:01.50  amber      8.5   8.0  9.0  9.0  8.0   (236, 38, 810, 644)
 3:02.00  amber      8.5   8.0  9.0  9.0  8.0   (236, 38, 810, 644)
 3:02.50  amber      8.5   8.0  9.0  9.0  8.0   (236, 38, 810, 644)
 3:03.00  amber      8.5   8.0  9.0  9.0  8.0   (236, 38, 810, 644)
 3:03.50  amber      8.5   8.0  9.0  9.0  8.0   (236, 38, 810, 644)
 3:04.00  amber      8.5   8.0  9.0  9.0  8.0   (236, 38, 810, 644)
 3:04.50  amber      8.5   8.0  9.0  9.0  8.0   (236, 38, 810, 644)
 3:05.00  amber      8.5   8.0  9.0  9.0  8.0   (236, 38, 810, 644)
 3:05.50  amber      8.5   8.0  9.0  9.0  8.0   (236, 38, 810, 644)
 3:06.00  amber      8.5   8.0  9.0  9.0  8.0   (236, 38, 810, 644)
 3:06.50  amber      8.5   8.0  9.0  9.0  8.0   (236, 38, 810, 644)
 3:07.00  amber      8.5   8.0  9.0  9.0  8.0   (236, 38, 810, 644)
 3:07.50  amber      8.5   8.0  9.0  9.0  8.0   (236, 38, 810, 644)
 3:08.00  amber      8.5   8.0  9.0  9.0  8.0   (236, 38, 810, 644)
 3:08.50  amber      6.5   7.0  6.0  7.0  6.0   (280, 76, 761, 606)
 3:09.00  amber      5.0   5.0  5.0  5.0  4.0   (584, 334, 432, 344)

# 131 ring samples in 14 runs; stroke histogram (rounded px): 4 px: 32, 5 px: 27, 6 px: 1, 8 px: 31, 9 px: 40
# runs (start, end, color, median stroke, min-max, samples)
 1:41.50 -  1:50.50  purple    4.0   4.0- 4.5   19
 1:51.00 -  1:57.00  purple    4.0   4.0- 4.0   13
 1:57.50 -  2:06.00  green     5.0   5.0- 5.0   18
 2:06.50 -  2:10.00  green     5.0   5.0- 5.0    8
 2:32.50 -  2:42.50  purple    9.0   9.0- 9.0   21
 2:43.00 -  2:43.00  purple    9.0   9.0- 9.0    1
 2:43.50 -  2:43.50  purple    8.5   8.5- 8.5    1
 2:44.00 -  2:50.00  blue      8.5   8.5- 8.5   13
 2:50.50 -  2:50.50  blue      8.0   8.0- 8.0    1
 2:51.50 -  2:59.50  teal      9.0   9.0- 9.0   17
 3:00.00 -  3:00.00  teal      9.0   9.0- 9.0    1
 3:00.50 -  3:08.00  amber     8.5   8.5- 8.5   16
 3:08.50 -  3:08.50  amber     6.5   6.5- 6.5    1
 3:09.00 -  3:09.00  amber     5.0   5.0- 5.0    1
