# evaluate-the-results.mp4  1280x720  duration=4:15.37  step=0.5s  thr=45.0
# target: fixed 4 px at 720p (6 px at 1080p), Edit Spec section 5 (2026-09-26); widths are SOLID pixels at thr, true width is about +0.5
# time      color    stroke   L    R    T    B    bbox(x,y,w,h)
 0:38.50  purple     4.2   5.0  4.5  4.0  4.0   (32, 290, 502, 240)
 0:39.00  purple     4.2   5.0  4.5  4.0  4.0   (32, 290, 502, 240)
 0:39.50  purple     4.2   5.0  4.5  4.0  4.0   (32, 290, 502, 240)
 0:40.00  purple     4.2   5.0  4.5  4.0  4.0   (32, 290, 502, 240)
 0:40.50  purple     4.2   5.0  4.5  4.0  4.0   (32, 290, 502, 240)
 0:41.00  purple     4.2   5.0  4.5  4.0  4.0   (32, 290, 502, 240)
 0:41.50  purple     4.2   5.0  4.5  4.0  4.0   (32, 290, 502, 240)
 0:42.00  purple     4.2   5.0  4.5  4.0  4.0   (32, 290, 502, 240)
 0:42.50  purple     5.0   5.0  5.0  5.0  4.0   (32, 290, 502, 240)
 0:43.00  purple     5.0   5.0  5.0  5.0  4.0   (32, 290, 502, 240)
 0:43.50  purple     5.0   5.0  5.0  5.0  4.0   (32, 290, 502, 240)
 0:44.00  purple     5.0   5.0  5.0  5.0  4.0   (32, 290, 502, 240)
 0:44.50  purple     5.0   5.0  5.0  5.0  4.0   (32, 290, 502, 240)
 0:45.00  purple     5.0   5.0  5.0  5.0  4.0   (32, 290, 502, 240)
 0:45.50  purple     5.0   5.0  5.0  5.0  4.0   (32, 290, 502, 240)
 0:46.00  purple     5.0   5.0  5.0  5.0  4.0   (32, 290, 502, 240)
 0:46.50  purple     5.0   5.0  5.0  5.0  4.0   (32, 290, 502, 240)
 0:47.00  purple     5.0   5.0  5.0  5.0  4.0   (32, 290, 502, 240)
 0:47.50  purple     4.0   4.0  4.0  4.0  4.0   (607, 194, 597, 432)
 0:48.00  purple     4.0   4.0  4.0  4.0  4.0   (607, 194, 597, 432)
 0:48.50  purple     4.0   4.0  4.0  4.0  4.0   (607, 194, 597, 432)
 0:49.00  purple     4.0   4.0  4.0  4.0  4.0   (607, 194, 597, 432)
 0:49.50  purple     4.0   4.0  4.0  4.0  4.0   (607, 194, 597, 432)
 0:50.00  purple     4.0   4.0  4.0  4.0  4.0   (607, 194, 597, 432)
 0:50.50  purple     4.0   4.0  4.0  4.0  4.0   (607, 194, 597, 432)
 0:51.00  purple     4.0   4.0  4.0  4.0  4.0   (607, 194, 597, 432)
 0:51.50  purple     4.0   4.0  4.0  4.0  4.0   (607, 194, 597, 432)
 0:52.00  purple     4.0   4.0  4.0  4.0  4.0   (607, 194, 597, 432)
 0:52.50  purple     4.0   4.0  4.0  4.0  4.0   (607, 194, 597, 432)
 0:53.00  purple     4.0   4.0  4.0  4.0  4.0   (607, 194, 597, 432)
 0:53.50  purple     4.0   4.0  4.0  4.0  4.0   (607, 194, 597, 432)
 0:54.00  purple     4.0   4.0  4.0  4.0  4.0   (0, 240, 374, 424)
 0:54.50  purple     4.5   4.0  5.0  5.0  4.0   (135, 352, 487, 232)
 0:55.00  purple     4.5   4.0  5.0  5.0  4.0   (135, 352, 487, 232)
 0:55.50  purple     4.5   4.0  5.0  5.0  4.0   (135, 352, 487, 232)
 0:56.00  purple     4.5   4.0  5.0  5.0  4.0   (135, 352, 487, 232)
 0:56.50  purple     4.5   4.0  5.0  5.0  4.0   (135, 352, 487, 232)
 0:57.00  purple     4.5   4.0  5.0  5.0  4.0   (135, 352, 487, 232)
 0:57.50  purple     4.5   4.0  5.0  5.0  4.0   (135, 352, 487, 232)
 0:58.00  purple     4.5   4.0  5.0  5.0  4.0   (135, 352, 487, 232)
 0:58.50  purple     4.5   4.0  5.0  5.0  4.0   (135, 352, 487, 232)
 0:59.00  purple     4.0   4.0  4.0  5.0  4.0   (135, 352, 487, 232)
 0:59.50  purple     4.0   4.0  4.0  5.0  4.0   (135, 352, 487, 232)
 1:00.00  purple     4.0   4.0  4.0  5.0  4.0   (135, 352, 487, 232)
 1:00.50  purple     4.0   4.0  4.0  5.0  4.0   (135, 352, 487, 232)
 1:01.00  purple     4.0   4.0  4.0  5.0  4.0   (135, 352, 487, 232)
 1:01.50  purple     4.0   4.0  4.0  5.0  4.0   (135, 352, 487, 232)
 1:02.00  purple     4.0   4.0  4.0  5.0  4.0   (135, 352, 487, 232)
 1:02.50  purple     4.0   4.0  4.0  5.0  4.0   (135, 352, 487, 232)
 1:03.00  purple     4.0   4.0  4.0  4.0  4.0   (318, 132, 129, 66)
 1:03.50  purple     4.0   4.0  4.0  4.0  4.0   (318, 132, 129, 66)
 1:04.00  purple     4.0   4.0  4.0  4.0  4.0   (318, 132, 129, 66)
 1:04.50  purple     4.0   4.0  4.0  4.0  4.0   (318, 132, 129, 66)
 1:05.00  purple     4.0   4.0  4.0  4.0  4.0   (318, 132, 129, 66)
 1:05.50  purple     4.5   5.0  4.0  5.0  4.0   (738, 352, 487, 234)
 1:06.00  purple     4.5   5.0  4.0  5.0  4.0   (738, 352, 487, 234)
 1:06.50  purple     4.5   5.0  4.0  5.0  4.0   (738, 352, 487, 234)
 1:07.00  purple     4.5   5.0  4.0  5.0  4.0   (738, 352, 487, 234)
 1:07.50  purple     4.5   5.0  4.0  5.0  4.0   (738, 352, 487, 234)
 1:08.00  purple     4.5   5.0  4.0  5.0  4.0   (738, 352, 487, 234)
 1:08.50  purple     4.5   5.0  4.0  5.0  4.0   (738, 352, 487, 234)
 1:09.00  purple     4.5   5.0  4.0  5.0  4.0   (738, 352, 487, 234)
 1:09.50  purple     4.0   4.0  4.0  5.0  4.0   (739, 340, 486, 234)
 1:10.00  purple     4.0   4.0  4.0  4.0  4.0   (750, 132, 475, 226)
 1:10.50  purple     5.0   5.0  5.0  4.0  5.0   (0, 512, 414, 108)
 1:10.50  purple     4.2   4.5  4.0  4.0  5.0   (451, 512, 334, 108)
 1:10.50  purple     5.0   5.0  5.0  4.0  5.0   (822, 512, 334, 108)
 1:11.00  purple     5.0   5.0  5.0  4.0  5.0   (0, 512, 414, 108)
 1:11.00  purple     4.2   4.5  4.0  4.0  5.0   (451, 512, 334, 108)
 1:11.00  purple     5.0   5.0  5.0  4.0  5.0   (822, 512, 334, 108)
 1:11.50  purple     5.0   5.0  5.0  4.0  5.0   (0, 512, 414, 108)
 1:11.50  purple     4.2   4.5  4.0  4.0  5.0   (451, 512, 334, 108)
 1:11.50  purple     5.0   5.0  5.0  4.0  5.0   (822, 512, 334, 108)
 1:12.00  purple     3.5   5.0  4.0  3.0  3.0   (98, 516, 508, 84)
 1:12.00  purple     4.0   4.0  4.0  4.0  4.0   (634, 516, 255, 84)
 1:12.00  purple     4.0   4.0  4.0  4.0  4.0   (916, 516, 254, 84)
 1:15.00  purple     5.0   5.0  5.0  5.0  4.0   (624, 520, 178, 60)
 1:15.50  purple     5.0   5.0  5.0  5.0  4.0   (624, 520, 178, 60)
 1:16.00  purple     5.0   5.0  5.0  5.0  4.0   (624, 520, 178, 60)
 1:16.50  purple     5.0   5.0  5.0  5.0  4.0   (624, 520, 178, 60)
 1:17.00  purple     5.0   5.0  5.0  5.0  4.0   (60, 308, 250, 122)
 1:17.50  purple     5.0   5.0  5.0  5.0  4.0   (60, 308, 250, 122)
 1:18.00  purple     5.0   5.0  5.0  5.0  4.0   (60, 308, 250, 122)
 1:18.50  purple     5.0   5.0  5.0  5.0  4.0   (60, 308, 250, 122)
 1:19.00  purple     5.0   5.0  5.0  5.0  4.0   (60, 308, 250, 122)
 1:19.50  purple     5.0   5.0  5.0  5.0  4.0   (60, 308, 250, 122)
 1:20.00  purple     5.0   5.0  5.0  5.0  4.0   (60, 308, 250, 122)
 1:22.50  blue       4.0   4.0  4.0  4.0  4.0   (28, 248, 400, 238)
 1:23.00  blue       4.0   4.0  4.0  4.0  4.0   (28, 248, 400, 238)
 1:23.50  blue       4.0   4.0  4.0  4.0  4.0   (28, 248, 400, 238)
 1:24.00  blue       4.0   4.0  4.0  4.0  4.0   (28, 248, 400, 238)
 1:30.50  blue       4.0   4.0  4.0  4.0  4.0   (28, 248, 400, 238)
 1:31.00  teal       5.0   5.0  5.0  5.0  5.0   (441, 248, 400, 239)
 1:31.50  teal       5.0   5.0  5.0  5.0  5.0   (441, 248, 400, 239)
 1:32.00  teal       5.0   5.0  5.0  5.0  5.0   (441, 248, 400, 239)
 1:32.50  teal       5.0   5.0  5.0  5.0  5.0   (441, 248, 400, 239)
 1:33.00  teal       5.0   5.0  5.0  5.0  5.0   (441, 248, 400, 239)
 1:33.50  teal       5.0   5.0  5.0  5.0  5.0   (441, 248, 400, 239)
 1:34.00  teal       5.0   5.0  5.0  5.0  5.0   (441, 248, 400, 239)
 1:34.50  teal       5.0   5.0  5.0  5.0  5.0   (441, 248, 400, 239)
 1:35.00  teal       5.0   5.0  5.0  5.0  5.0   (441, 248, 400, 239)
 1:35.50  teal       5.0   5.0  5.0  5.0  5.0   (441, 248, 400, 239)
 1:36.00  teal       5.0   5.0  5.0  5.0  5.0   (441, 248, 400, 239)
 1:36.50  teal       5.0   5.0  5.0  5.0  5.0   (441, 248, 400, 239)
 1:37.00  teal       5.0   5.0  5.0  5.0  5.0   (441, 248, 400, 239)
 1:37.50  teal       5.0   5.0  5.0  5.0  5.0   (441, 248, 400, 239)
 1:38.00  teal       5.0   5.0  5.0  5.0  5.0   (441, 248, 400, 239)
 1:38.50  teal       5.0   5.0  5.0  5.0  5.0   (441, 248, 400, 239)
 1:39.00  teal       5.0   5.0  5.0  5.0  5.0   (441, 248, 400, 239)
 1:39.50  teal       5.0   5.0  5.0  5.0  5.0   (441, 248, 400, 239)
 1:40.00  teal       5.0   5.0  5.0  5.0  5.0   (441, 248, 400, 239)
 1:40.50  teal       5.0   5.0  5.0  5.0  5.0   (441, 248, 400, 239)
 1:41.00  teal       5.0   5.0  5.0  5.0  5.0   (441, 248, 400, 239)
 1:41.50  amber      4.0   4.0  4.0  4.0  4.0   (854, 248, 400, 238)
 1:42.00  amber      4.0   4.0  4.0  4.0  4.0   (854, 248, 400, 238)
 1:42.50  amber      4.0   4.0  4.0  4.0  4.0   (854, 248, 400, 238)
 1:43.00  amber      4.0   4.0  4.0  4.0  4.0   (854, 248, 400, 238)
 1:43.50  amber      4.0   4.0  4.0  4.0  4.0   (854, 248, 400, 238)
 1:44.00  amber      4.0   4.0  4.0  4.0  4.0   (854, 248, 400, 238)
 1:44.50  amber      4.0   4.0  4.0  4.0  4.0   (854, 248, 400, 238)
 1:45.00  amber      4.0   4.0  4.0  4.0  4.0   (854, 248, 400, 238)
 1:45.50  amber      4.0   4.0  4.0  4.0  4.0   (854, 248, 400, 238)
 1:46.00  amber      4.0   4.0  4.0  4.0  4.0   (854, 248, 400, 238)
 1:46.50  amber      4.0   4.0  4.0  4.0  4.0   (854, 248, 400, 238)
 1:47.00  amber      4.0   5.0  4.0  4.0  4.0   (854, 248, 400, 238)
 1:47.50  amber      4.0   5.0  4.0  4.0  4.0   (854, 248, 400, 238)
 1:48.00  amber      4.0   5.0  4.0  4.0  4.0   (854, 248, 400, 238)
 1:52.50  violet     4.0   4.0  4.0  4.0  4.0   (28, 510, 1226, 78)
 1:53.00  violet     4.0   4.0  4.0  4.0  4.0   (28, 510, 1226, 78)
 1:53.50  violet     4.0   4.0  4.0  4.0  4.0   (28, 510, 1226, 78)
 1:54.00  violet     4.0   4.0  4.0  4.0  4.0   (28, 510, 1226, 78)
 1:54.50  violet     4.0   4.0  4.0  4.0  4.0   (28, 510, 1226, 78)
 1:55.00  violet     4.0   4.0  4.0  4.0  4.0   (28, 510, 1226, 78)
 1:55.50  violet     4.0   4.0  4.0  4.0  4.0   (28, 510, 1226, 78)
 2:03.50  blue       4.0   4.0  4.0  4.0  4.0   (28, 198, 400, 338)
 2:04.00  blue       4.0   4.0  4.0  4.0  4.0   (27, 198, 401, 338)
 2:04.50  blue       4.0   4.0  4.0  4.0  4.0   (28, 198, 400, 338)
 2:05.00  blue       4.0   4.0  4.0  4.0  4.0   (28, 198, 400, 338)
 2:11.50  blue       4.0   4.0  4.0  4.0  4.0   (25, 198, 402, 338)
 2:12.00  teal       5.0   5.0  5.0  5.0  5.0   (440, 198, 402, 339)
 2:12.50  teal       5.0   5.0  5.0  5.0  5.0   (440, 198, 402, 339)
 2:13.00  teal       5.0   5.0  5.0  5.0  5.0   (440, 198, 402, 339)
 2:13.50  teal       5.0   5.0  5.0  5.0  5.0   (440, 198, 402, 339)
 2:14.00  teal       5.0   5.0  5.0  5.0  5.0   (440, 198, 402, 339)
 2:14.50  teal       5.0   5.0  5.0  5.0  5.0   (440, 198, 402, 339)
 2:15.00  teal       5.0   5.0  5.0  5.0  5.0   (440, 197, 402, 340)
 2:15.50  teal       5.0   5.0  5.0  5.0  5.0   (440, 197, 402, 340)
 2:16.00  teal       5.0   5.0  5.0  5.0  5.0   (440, 197, 402, 340)
 2:16.50  teal       5.0   5.0  5.0  5.0  5.0   (440, 197, 402, 340)
 2:17.00  teal       5.0   5.0  5.0  5.0  5.0   (439, 197, 403, 340)
 2:17.50  teal       5.0   5.0  5.0  5.0  5.0   (439, 197, 403, 340)
 2:18.00  teal       5.0   5.0  5.0  5.0  5.0   (439, 197, 403, 340)
 2:18.50  teal       5.0   5.0  5.0  5.0  5.0   (439, 197, 403, 340)
 2:19.00  teal       5.0   5.0  5.0  5.0  5.0   (439, 197, 404, 341)
 2:19.50  teal       5.0   5.0  5.0  5.0  5.0   (439, 197, 404, 341)
 2:20.00  teal       5.0   5.0  5.0  5.0  5.0   (439, 197, 404, 341)
 2:20.50  teal       5.0   5.0  5.0  5.0  5.0   (439, 197, 404, 341)
 2:21.00  teal       5.0   5.0  5.0  5.0  5.0   (439, 197, 404, 341)
 2:21.50  teal       5.0   5.0  5.0  5.0  5.0   (439, 197, 404, 341)
 2:22.00  amber      4.0   5.0  4.0  4.0  4.0   (856, 198, 403, 340)
 2:22.50  amber      4.0   5.0  4.0  4.0  4.0   (856, 198, 403, 340)
 2:23.00  amber      4.0   5.0  4.0  4.0  4.0   (856, 198, 404, 340)
 2:23.50  amber      4.0   5.0  4.0  4.0  4.0   (856, 198, 404, 340)
 2:24.00  amber      4.0   5.0  4.0  4.0  4.0   (856, 198, 404, 340)
 2:31.50  amber      4.0   4.0  4.0  5.0  4.0   (856, 196, 406, 342)
 2:32.00  amber      4.0   4.0  4.0  5.0  4.0   (856, 196, 406, 342)
 2:32.50  amber      4.0   4.0  4.0  5.0  4.0   (856, 196, 406, 342)
 2:33.00  amber      4.0   4.0  4.0  5.0  4.0   (856, 196, 406, 342)
 2:33.50  amber      4.0   4.0  4.0  5.0  4.0   (856, 196, 406, 342)
 2:34.00  amber      4.0   4.0  4.0  5.0  4.0   (857, 196, 405, 342)
 2:34.50  amber      4.0   4.0  4.0  5.0  4.0   (857, 196, 405, 342)
 2:35.00  amber      4.0   4.0  4.0  5.0  4.0   (857, 196, 405, 342)
 2:35.50  amber      4.0   4.0  4.0  5.0  4.0   (857, 196, 405, 342)
 2:36.00  amber      4.0   4.0  4.0  5.0  4.0   (857, 196, 405, 342)
 2:36.50  amber      4.0   4.0  4.0  5.0  4.0   (857, 196, 405, 342)
 2:37.00  violet     4.0   4.0  4.0  4.0  4.0   (20, 562, 1242, 80)
 2:37.50  violet     4.0   4.0  4.0  4.0  4.0   (20, 562, 1242, 80)
 2:38.00  violet     4.0   4.0  4.0  4.0  4.0   (20, 562, 1242, 80)
 2:38.50  violet     4.0   4.0  4.0  4.0  4.0   (20, 562, 1242, 80)
 2:39.00  violet     4.0   4.0  4.0  4.0  4.0   (20, 562, 1242, 80)
 2:39.50  violet     4.0   4.0  4.0  4.0  4.0   (20, 562, 1242, 80)
 2:40.00  violet     4.0   4.0  4.0  4.0  4.0   (20, 562, 1242, 80)
 2:48.50  purple     4.5   4.0  5.0  4.0  5.0   (146, 140, 335, 227)
 2:49.00  purple     4.0   4.0  4.0  4.0  4.0   (158, 70, 770, 518)
 2:49.50  purple     4.0   5.0  4.0  4.0  4.0   (163, 40, 955, 641)
 2:50.00  purple     4.0   5.0  4.0  4.0  4.0   (163, 40, 955, 641)
 2:56.00  purple     4.5   5.0  4.0  4.0  5.0   (163, 40, 955, 641)
 2:56.50  blue       4.0   4.0  4.0  4.0  4.0   (994, 40, 286, 640)
 2:57.00  blue       4.0   4.0  4.0  4.0  4.0   (186, 40, 952, 640)
 2:57.50  blue       4.0   4.0  4.0  4.0  4.0   (164, 40, 954, 640)
 2:58.00  blue       4.0   4.0  4.0  4.0  4.0   (164, 40, 954, 640)
 2:58.50  blue       4.0   4.0  4.0  4.0  4.0   (164, 40, 954, 640)
 2:59.00  blue       4.0   4.0  4.0  4.0  4.0   (164, 40, 954, 640)
 2:59.50  blue       4.0   4.0  4.0  4.0  4.0   (164, 40, 954, 640)
 3:00.00  blue       4.0   4.0  4.0  4.0  4.0   (164, 40, 954, 640)
 3:00.50  blue       4.0   4.0  4.0  4.0  4.0   (164, 40, 954, 640)
 3:01.00  blue       4.0   4.0  4.0  4.0  4.0   (164, 40, 954, 640)
 3:01.50  blue       4.0   4.0  4.0  4.0  4.0   (164, 40, 954, 640)
 3:02.00  blue       4.0   4.0  4.0  4.0  4.0   (164, 40, 954, 640)
 3:02.50  blue       4.0   4.0  4.0  4.0  4.0   (164, 40, 954, 640)
 3:03.00  blue       4.0   4.0  4.0  4.0  4.0   (164, 40, 954, 640)
 3:03.50  blue       4.0   4.0  4.0  4.0  4.0   (164, 40, 954, 640)
 3:04.00  blue       4.0   4.0  4.0  4.0  4.0   (164, 40, 954, 640)
 3:04.50  teal       5.0   5.0  5.0  5.0  5.0   (822, 40, 458, 641)
 3:05.00  teal       5.0   5.0  5.0  5.0  5.0   (163, 40, 955, 641)
 3:05.50  teal       5.0   5.0  5.0  5.0  5.0   (163, 40, 955, 641)
 3:12.50  teal       5.0   5.0  5.0  5.0  5.0   (163, 40, 955, 641)
 3:13.50  green      5.0   5.0  5.0  5.0  5.0   (131, 55, 955, 641)
 3:14.00  green      5.0   5.0  5.0  5.0  5.0   (163, 40, 955, 641)
 3:14.50  green      5.0   5.0  5.0  5.0  5.0   (163, 40, 955, 641)
 3:15.00  green      5.0   5.0  5.0  5.0  5.0   (163, 40, 955, 641)
 3:15.50  green      5.0   5.0  5.0  5.0  5.0   (163, 40, 955, 641)
 3:16.00  green      5.0   5.0  5.0  5.0  5.0   (163, 40, 955, 641)
 3:16.50  green      5.0   5.0  5.0  5.0  5.0   (163, 40, 955, 641)
 3:17.00  green      5.0   5.0  5.0  5.0  5.0   (163, 40, 955, 641)
 3:17.50  green      5.0   5.0  5.0  5.0  5.0   (163, 40, 955, 641)
 3:18.00  green      5.0   5.0  5.0  5.0  5.0   (163, 40, 955, 641)
 3:18.50  green      5.0   5.0  5.0  5.0  5.0   (163, 40, 955, 641)
 3:19.00  green      5.0   5.0  5.0  5.0  5.0   (163, 40, 955, 641)
 3:19.50  green      5.0   5.0  5.0  5.0  5.0   (163, 40, 955, 641)
 3:20.00  green      5.0   5.0  5.0  5.0  5.0   (163, 40, 955, 641)
 3:20.50  amber      4.0   4.0  4.0  5.0  4.0   (994, 40, 286, 640)
 3:21.00  amber      4.0   4.0  4.0  5.0  4.0   (186, 40, 952, 640)
 3:21.50  amber      4.0   4.0  4.0  5.0  4.0   (164, 40, 954, 640)
 3:30.00  amber      4.0   4.0  4.0  5.0  4.0   (645, 370, 325, 220)
 3:30.50  violet     4.0   4.0  4.0  4.0  4.0   (146, 606, 990, 66)
 3:31.00  violet     4.0   4.0  4.0  4.0  4.0   (146, 606, 990, 66)
 3:31.50  violet     4.0   4.0  4.0  4.0  4.0   (146, 606, 990, 66)
 3:32.00  violet     4.0   4.0  4.0  4.0  4.0   (146, 606, 990, 66)
 3:32.50  violet     4.0   4.0  4.0  4.0  4.0   (146, 606, 990, 66)
 3:33.00  violet     4.0   4.0  4.0  4.0  4.0   (146, 606, 990, 66)
 3:33.50  violet     4.0   4.0  4.0  4.0  4.0   (146, 606, 990, 66)
 3:34.00  violet     4.0   4.0  4.0  4.0  4.0   (146, 606, 990, 66)
 3:34.50  violet     4.0   4.0  4.0  4.0  4.0   (146, 606, 990, 66)
 3:35.00  violet     4.0   4.0  4.0  4.0  4.0   (146, 606, 990, 66)
 3:35.50  violet     4.0   4.0  4.0  4.0  4.0   (146, 606, 990, 66)
 3:36.00  violet     4.0   4.0  4.0  4.0  4.0   (146, 606, 990, 66)
 3:36.50  violet     4.0   4.0  4.0  4.0  4.0   (146, 606, 990, 66)
 3:37.00  violet     4.0   4.0  4.0  4.0  4.0   (146, 606, 990, 66)
 3:37.50  violet     4.0   4.0  4.0  4.0  4.0   (146, 606, 990, 66)
 3:38.00  violet     4.0   4.0  4.0  4.0  4.0   (146, 606, 990, 66)
 3:44.00  green      5.0   5.0  5.0  5.0  5.0   (27, 248, 401, 239)
 3:44.50  green      5.0   5.0  5.0  5.0  5.0   (27, 248, 401, 239)
 3:45.00  green      5.0   5.0  5.0  5.0  5.0   (27, 248, 401, 239)
 3:45.50  green      5.0   5.0  5.0  5.0  5.0   (26, 248, 402, 239)
 3:46.00  green      5.0   5.0  5.0  5.0  5.0   (26, 248, 402, 239)
 3:46.50  green      5.0   5.0  5.0  5.0  5.0   (26, 248, 401, 239)
 3:47.00  green      5.0   5.0  5.0  5.0  5.0   (26, 248, 401, 239)
 3:47.50  green      5.0   5.0  5.0  5.0  5.0   (25, 248, 402, 239)
 3:48.00  green      5.0   5.0  5.0  5.0  5.0   (25, 248, 402, 239)
 3:48.50  green      5.0   5.0  5.0  5.0  5.0   (25, 247, 402, 240)
 3:49.00  blue       4.0   4.0  4.0  4.0  4.0   (440, 248, 402, 238)
 3:49.50  blue       4.0   4.0  4.0  4.0  4.0   (440, 248, 402, 238)
 3:56.00  blue       4.0   4.0  4.0  4.0  4.0   (440, 248, 402, 240)
 3:56.50  red        4.0   4.0  4.0  4.0  4.0   (856, 248, 404, 240)
 3:57.00  red        4.0   4.0  4.0  4.0  4.0   (856, 248, 404, 240)
 3:57.50  red        4.0   4.0  4.0  4.0  4.0   (856, 248, 404, 240)
 3:58.00  red        4.0   4.0  4.0  4.0  4.0   (856, 248, 404, 240)
 3:58.50  red        4.0   4.0  4.0  4.0  4.0   (856, 248, 404, 240)
 3:59.00  red        4.0   4.0  4.0  4.0  4.0   (856, 248, 406, 240)
 3:59.50  red        4.0   4.0  4.0  4.0  4.0   (856, 248, 406, 240)
 4:00.00  red        4.0   4.0  4.0  4.0  4.0   (856, 248, 406, 240)
 4:00.50  red        4.0   4.0  4.0  4.0  4.0   (857, 248, 405, 240)
 4:01.00  red        4.0   4.0  4.0  4.0  4.0   (857, 248, 405, 240)
 4:01.50  red        4.0   4.0  4.0  4.0  4.0   (857, 248, 405, 240)
 4:02.00  red        4.0   4.0  4.0  4.0  4.0   (857, 248, 405, 240)
 4:02.50  red        4.0   4.0  4.0  4.0  4.0   (857, 246, 405, 242)
 4:03.00  red        4.0   4.0  4.0  4.0  4.0   (857, 246, 405, 242)
 4:03.50  red        4.0   4.0  4.0  4.0  4.0   (857, 246, 405, 242)
 4:04.00  red        4.0   4.0  4.0  4.0  4.0   (857, 246, 405, 242)

# 270 ring samples in 50 runs; stroke histogram (rounded px): 4 px: 174, 5 px: 96
# runs (start, end, color, median stroke, min-max, samples)
 0:38.50 -  0:47.00  purple    5.0   4.2- 5.0   18
 0:47.50 -  0:53.50  purple    4.0   4.0- 4.0   13
 0:54.00 -  0:54.00  purple    4.0   4.0- 4.0    1
 0:54.50 -  1:02.50  purple    4.5   4.0- 4.5   17
 1:03.00 -  1:05.00  purple    4.0   4.0- 4.0    5
 1:05.50 -  1:09.50  purple    4.5   4.0- 4.5    9
 1:10.00 -  1:10.00  purple    4.0   4.0- 4.0    1
 1:10.50 -  1:10.50  purple    5.0   5.0- 5.0    1
 1:10.50 -  1:10.50  purple    4.2   4.2- 4.2    1
 1:10.50 -  1:10.50  purple    5.0   5.0- 5.0    1
 1:11.00 -  1:11.00  purple    5.0   5.0- 5.0    1
 1:11.00 -  1:11.00  purple    4.2   4.2- 4.2    1
 1:11.00 -  1:11.00  purple    5.0   5.0- 5.0    1
 1:11.50 -  1:11.50  purple    5.0   5.0- 5.0    1
 1:11.50 -  1:11.50  purple    4.2   4.2- 4.2    1
 1:11.50 -  1:11.50  purple    5.0   5.0- 5.0    1
 1:12.00 -  1:12.00  purple    3.5   3.5- 3.5    1
 1:12.00 -  1:12.00  purple    4.0   4.0- 4.0    1
 1:12.00 -  1:12.00  purple    4.0   4.0- 4.0    1
 1:15.00 -  1:16.50  purple    5.0   5.0- 5.0    4
 1:17.00 -  1:20.00  purple    5.0   5.0- 5.0    7
 1:22.50 -  1:24.00  blue      4.0   4.0- 4.0    4
 1:30.50 -  1:30.50  blue      4.0   4.0- 4.0    1
 1:31.00 -  1:41.00  teal      5.0   5.0- 5.0   21
 1:41.50 -  1:48.00  amber     4.0   4.0- 4.0   14
 1:52.50 -  1:55.50  violet    4.0   4.0- 4.0    7
 2:03.50 -  2:05.00  blue      4.0   4.0- 4.0    4
 2:11.50 -  2:11.50  blue      4.0   4.0- 4.0    1
 2:12.00 -  2:21.50  teal      5.0   5.0- 5.0   20
 2:22.00 -  2:24.00  amber     4.0   4.0- 4.0    5
 2:31.50 -  2:36.50  amber     4.0   4.0- 4.0   11
 2:37.00 -  2:40.00  violet    4.0   4.0- 4.0    7
 2:48.50 -  2:48.50  purple    4.5   4.5- 4.5    1
 2:49.00 -  2:49.00  purple    4.0   4.0- 4.0    1
 2:49.50 -  2:50.00  purple    4.0   4.0- 4.0    2
 2:56.00 -  2:56.00  purple    4.5   4.5- 4.5    1
 2:56.50 -  2:56.50  blue      4.0   4.0- 4.0    1
 2:57.00 -  3:04.00  blue      4.0   4.0- 4.0   15
 3:04.50 -  3:04.50  teal      5.0   5.0- 5.0    1
 3:05.00 -  3:05.50  teal      5.0   5.0- 5.0    2
 3:12.50 -  3:12.50  teal      5.0   5.0- 5.0    1
 3:13.50 -  3:20.00  green     5.0   5.0- 5.0   14
 3:20.50 -  3:20.50  amber     4.0   4.0- 4.0    1
 3:21.00 -  3:21.50  amber     4.0   4.0- 4.0    2
 3:30.00 -  3:30.00  amber     4.0   4.0- 4.0    1
 3:30.50 -  3:38.00  violet    4.0   4.0- 4.0   16
 3:44.00 -  3:48.50  green     5.0   5.0- 5.0   10
 3:49.00 -  3:49.50  blue      4.0   4.0- 4.0    2
 3:56.00 -  3:56.00  blue      4.0   4.0- 4.0    1
 3:56.50 -  4:04.00  red       4.0   4.0- 4.0   16
