# training-v9.mp4  1280x720  duration=4:06.07  step=0.5s  thr=45.0
# target: fixed 4 px at 720p (6 px at 1080p), Edit Spec section 5 (2026-09-26); widths are SOLID pixels at thr, true width is about +0.5
# time      color    stroke   L    R    T    B    bbox(x,y,w,h)
 0:23.50  purple    12.5   7.0 32.5  7.0 18.0   (259, 345, 188, 60)
 0:23.50  purple    12.2  27.0 13.0 10.0 11.5   (292, 365, 202, 64)
 0:24.00  purple    12.5   7.0 32.5  7.0 18.0   (259, 345, 188, 60)
 0:24.00  purple    12.2  27.0 13.0 10.0 11.5   (292, 365, 202, 64)
 0:24.50  purple    12.5   7.0 32.5  7.0 18.0   (259, 345, 188, 60)
 0:24.50  purple    12.2  27.0 13.0 10.0 11.5   (292, 365, 202, 64)
 0:25.00  purple    12.5   7.0 32.5  7.0 18.0   (259, 345, 188, 60)
 0:25.00  purple    12.2  27.0 13.0 10.0 11.5   (292, 365, 202, 64)
 0:25.50  purple    12.5   7.0 32.5  7.0 18.0   (259, 345, 188, 60)
 0:25.50  purple    12.2  27.0 13.0 10.0 11.5   (292, 365, 202, 64)
 0:26.00  purple     4.5   5.0  5.0  4.0  4.0   (29, 155, 602, 479)
 0:26.00  purple    12.5   7.0 32.5  7.0 18.0   (259, 345, 188, 60)
 0:26.00  purple    12.2  27.0 13.0 10.0 11.5   (292, 365, 202, 64)
 0:26.50  purple     4.5   5.0  5.0  4.0  4.0   (29, 155, 602, 479)
 0:26.50  purple    12.5   7.0 32.5  7.0 18.0   (259, 345, 188, 60)
 0:26.50  purple    12.2  27.0 13.0 10.0 11.5   (292, 365, 202, 64)
 0:27.00  purple     4.5   5.0  5.0  4.0  4.0   (29, 155, 602, 479)
 0:27.00  purple    12.5   7.0 32.5  7.0 18.0   (259, 345, 188, 60)
 0:27.00  purple    12.2  27.0 13.0 10.0 11.5   (292, 365, 202, 64)
 0:27.50  purple     4.5   5.0  5.0  4.0  4.0   (29, 155, 602, 479)
 0:27.50  purple    12.5   7.0 32.5  7.0 18.0   (259, 345, 188, 60)
 0:27.50  purple    12.2  27.0 13.0 10.0 11.5   (292, 365, 202, 64)
 0:28.00  purple     4.5   5.0  5.0  4.0  4.0   (29, 155, 602, 479)
 0:28.00  purple    12.5   7.0 32.5  7.0 18.0   (259, 345, 188, 60)
 0:28.00  purple    12.2  27.0 13.0 10.0 11.5   (292, 365, 202, 64)
 0:28.50  purple     4.5   5.0  5.0  4.0  4.0   (29, 155, 602, 479)
 0:28.50  purple    12.5   7.0 32.5  7.0 18.0   (259, 345, 188, 60)
 0:28.50  purple    12.2  27.0 13.0 10.0 11.5   (292, 365, 202, 64)
 0:29.00  purple     4.5   5.0  5.0  4.0  4.0   (29, 155, 602, 479)
 0:29.00  purple    12.5   7.0 32.5  7.0 18.0   (259, 345, 188, 60)
 0:29.00  purple    12.2  27.0 13.0 10.0 11.5   (292, 365, 202, 64)
 0:29.50  purple     4.5   5.0  5.0  4.0  4.0   (29, 155, 602, 479)
 0:29.50  purple    12.5   7.0 32.5  7.0 18.0   (259, 345, 188, 60)
 0:29.50  purple    12.2  27.0 13.0 10.0 11.5   (292, 365, 202, 64)
 0:30.00  purple     4.5   5.0  5.0  4.0  4.0   (29, 155, 602, 479)
 0:30.00  purple    12.5   7.0 32.5  7.0 18.0   (259, 345, 188, 60)
 0:30.00  purple    12.2  27.0 13.0 10.0 11.5   (292, 365, 202, 64)
 0:30.50  purple     4.5   5.0  5.0  4.0  4.0   (29, 155, 602, 479)
 0:30.50  purple    12.5   7.0 32.5  7.0 18.0   (259, 345, 188, 60)
 0:30.50  purple    12.2  27.0 13.0 10.0 11.5   (292, 365, 202, 64)
 0:31.00  purple     4.5   5.0  5.0  4.0  4.0   (29, 155, 602, 479)
 0:31.00  purple    12.5   7.0 32.5  7.0 18.0   (259, 345, 188, 60)
 0:31.00  purple    12.2  27.0 13.0 10.0 11.5   (292, 365, 202, 64)
 0:31.50  purple     4.5   5.0  5.0  4.0  4.0   (29, 155, 602, 479)
 0:31.50  purple    12.5   7.0 32.5  7.0 18.0   (259, 345, 188, 60)
 0:31.50  purple    12.2  27.0 13.0 10.0 11.5   (292, 365, 202, 64)
 0:32.00  purple     5.0   5.0  5.0  5.0  4.0   (29, 155, 602, 479)
 0:32.00  purple    10.0   7.0 28.5  6.0 13.0   (259, 345, 189, 60)
 0:32.00  purple    11.8  27.0 13.0 10.0 10.5   (292, 365, 202, 64)
 0:32.50  purple     5.0   5.0  5.0  5.0  4.0   (29, 155, 602, 479)
 0:32.50  purple    10.0   7.0 28.5  6.0 13.0   (259, 345, 189, 60)
 0:32.50  purple    11.8  27.0 13.0 10.0 10.5   (292, 365, 202, 64)
 0:33.00  purple     5.0   5.0  5.0  5.0  4.0   (29, 155, 602, 479)
 0:33.00  purple    10.0   7.0 28.5  6.0 13.0   (259, 345, 189, 60)
 0:33.00  purple    11.8  27.0 13.0 10.0 10.5   (292, 365, 202, 64)
 0:33.50  purple     5.0   5.0  5.0  5.0  4.0   (29, 155, 602, 479)
 0:33.50  purple    10.0   7.0 28.5  6.0 13.0   (259, 345, 189, 60)
 0:33.50  purple    11.8  27.0 13.0 10.0 10.5   (292, 365, 202, 64)
 0:34.00  purple     5.0   5.0  5.0  5.0  4.0   (29, 155, 602, 479)
 0:34.00  purple    10.0   7.0 28.5  6.0 13.0   (259, 345, 189, 60)
 0:34.00  purple    11.8  27.0 13.0 10.0 10.5   (292, 365, 202, 64)
 0:34.50  purple     5.0   5.0  5.0  5.0  4.0   (29, 155, 602, 479)
 0:34.50  purple    10.0   7.0 28.5  6.0 13.0   (259, 345, 189, 60)
 0:34.50  purple    11.8  27.0 13.0 10.0 10.5   (292, 365, 202, 64)
 0:35.00  purple     5.0   5.0  5.0  5.0  4.0   (29, 155, 602, 479)
 0:35.00  purple    10.0   7.0 28.5  6.0 13.0   (259, 345, 189, 60)
 0:35.00  purple    11.8  27.0 13.0 10.0 10.5   (292, 365, 202, 64)
 0:35.50  blue       4.0   5.0  4.0  4.0  4.0   (650, 156, 601, 478)
 0:35.50  purple    10.0   7.0 28.5  6.0 13.0   (259, 345, 189, 60)
 0:35.50  purple    11.8  27.0 13.0 10.0 10.5   (292, 365, 202, 64)
 0:36.00  blue       4.0   5.0  4.0  4.0  4.0   (650, 156, 601, 478)
 0:36.00  purple    10.0   7.0 28.5  6.0 13.0   (259, 345, 189, 60)
 0:36.00  purple    11.8  27.0 13.0 10.0 10.5   (292, 365, 202, 64)
 0:36.50  blue       4.0   5.0  4.0  4.0  4.0   (650, 156, 601, 478)
 0:36.50  purple    10.0   7.0 28.5  6.0 13.0   (259, 345, 189, 60)
 0:36.50  purple    11.8  27.0 13.0 10.0 10.5   (292, 365, 202, 64)
 0:37.00  blue       4.0   5.0  4.0  4.0  4.0   (650, 156, 601, 478)
 0:37.00  purple    10.0   7.0 28.5  6.0 13.0   (259, 345, 189, 60)
 0:37.00  purple    11.8  27.0 13.0 10.0 10.5   (292, 365, 202, 64)
 0:37.50  blue       4.0   5.0  4.0  4.0  4.0   (650, 156, 601, 478)
 0:37.50  purple    10.0   7.0 28.5  6.0 13.0   (259, 345, 189, 60)
 0:37.50  purple    11.8  27.0 13.0 10.0 10.5   (292, 365, 202, 64)
 0:38.00  blue       4.0   5.0  4.0  4.0  4.0   (650, 156, 601, 478)
 0:38.00  purple    10.0   7.0 28.5  6.0 13.0   (259, 345, 189, 60)
 0:38.00  purple    11.8  27.0 13.0 10.0 10.5   (292, 365, 202, 64)
 0:38.50  blue       4.0   5.0  4.0  4.0  4.0   (650, 156, 601, 478)
 0:38.50  purple    10.0   7.0 28.5  6.0 13.0   (259, 345, 189, 60)
 0:38.50  purple    11.8  27.0 13.0 10.0 10.5   (292, 365, 202, 64)
 0:39.00  blue       4.0   5.0  4.0  4.0  4.0   (650, 156, 601, 478)
 0:39.00  purple    10.0   7.0 28.5  6.0 13.0   (259, 345, 189, 60)
 0:39.00  purple    11.8  27.0 13.0 10.0 10.5   (292, 365, 202, 64)
 0:39.50  blue       4.0   5.0  4.0  4.0  4.0   (650, 156, 601, 478)
 0:39.50  purple    10.0   7.0 28.5  6.0 13.0   (259, 345, 189, 60)
 0:39.50  purple    11.8  27.0 13.0 10.0 10.5   (292, 365, 202, 64)
 0:40.00  blue       4.0   5.0  4.0  4.0  4.0   (650, 156, 601, 478)
 0:40.00  purple    10.0   7.0 29.0  6.0 13.0   (259, 345, 189, 60)
 0:40.00  purple    11.5  27.0 13.0 10.0  9.0   (294, 365, 197, 64)
 0:40.50  blue       4.0   5.0  4.0  4.0  4.0   (650, 156, 601, 478)
 0:40.50  purple    10.0   7.0 29.0  6.0 13.0   (259, 345, 189, 60)
 0:40.50  purple    11.5  27.0 13.0 10.0  9.0   (294, 365, 197, 64)
 0:41.00  blue       4.0   5.0  4.0  4.0  4.0   (650, 156, 601, 478)
 0:41.00  purple    10.0   7.0 29.0  6.0 13.0   (259, 345, 189, 60)
 0:41.00  purple    11.5  27.0 13.0 10.0  9.0   (294, 365, 197, 64)
 0:41.50  blue       4.0   5.0  4.0  4.0  4.0   (650, 156, 601, 478)
 0:41.50  purple    10.0   7.0 29.0  6.0 13.0   (259, 345, 189, 60)
 0:41.50  purple    11.5  27.0 13.0 10.0  9.0   (294, 365, 197, 64)
 0:42.00  blue       4.0   5.0  4.0  4.0  4.0   (650, 156, 601, 478)
 0:42.00  purple    10.0   7.0 29.0  6.0 13.0   (259, 345, 189, 60)
 0:42.00  purple    11.5  27.0 13.0 10.0  9.0   (294, 365, 197, 64)
 0:42.50  blue       4.0   5.0  4.0  4.0  4.0   (650, 156, 601, 478)
 0:42.50  purple    10.0   7.0 29.0  6.0 13.0   (259, 345, 189, 60)
 0:42.50  purple    11.5  27.0 13.0 10.0  9.0   (294, 365, 197, 64)
 0:43.00  blue       4.0   5.0  4.0  4.0  4.0   (650, 156, 601, 478)
 0:43.00  purple    10.0   7.0 29.0  6.0 13.0   (259, 345, 189, 60)
 0:43.00  purple    11.5  27.0 13.0 10.0  9.0   (294, 365, 197, 64)
 0:43.50  blue       4.0   5.0  4.0  4.0  4.0   (650, 156, 601, 478)
 0:43.50  purple    10.0   7.0 29.0  6.0 13.0   (259, 345, 189, 60)
 0:43.50  purple    11.5  27.0 13.0 10.0  9.0   (294, 365, 197, 64)
 0:44.00  blue       4.0   5.0  4.0  4.0  4.0   (650, 156, 601, 478)
 0:44.00  purple    10.0   7.0 29.0  6.0 13.0   (259, 345, 189, 60)
 0:44.00  purple    11.5  27.0 13.0 10.0  9.0   (294, 365, 197, 64)
 0:44.50  blue       4.0   5.0  4.0  4.0  4.0   (650, 156, 601, 478)
 0:44.50  purple    10.0   7.0 29.0  6.0 13.0   (259, 345, 189, 60)
 0:44.50  purple    11.5  27.0 13.0 10.0  9.0   (294, 365, 197, 64)
 0:52.00  violet     4.0   4.0  4.0  4.0  4.0   (28, 198, 1225, 114)
 0:52.50  violet     4.0   4.0  4.0  4.0  4.0   (28, 198, 1225, 114)
 0:53.00  violet     4.0   4.0  4.0  4.0  4.0   (28, 198, 1225, 114)
 0:53.50  violet     4.0   4.0  4.0  4.0  4.0   (28, 198, 1225, 114)
 0:54.00  purple     4.5   4.0  5.0  4.0  5.0   (28, 326, 401, 237)
 0:54.50  purple     4.5   4.0  5.0  4.0  5.0   (28, 326, 401, 237)
 0:55.00  purple     4.5   4.0  5.0  4.0  5.0   (28, 326, 401, 237)
 0:55.50  purple     4.5   4.0  5.0  4.0  5.0   (28, 326, 401, 237)
 0:56.00  purple     4.5   4.0  5.0  4.0  5.0   (28, 326, 401, 237)
 0:56.50  purple     4.5   4.0  5.0  4.0  5.0   (28, 326, 401, 237)
 0:57.00  blue       4.0   4.0  4.0  4.0  4.0   (440, 326, 401, 236)
 0:57.50  blue       4.0   4.0  4.0  4.0  4.0   (440, 326, 401, 236)
 0:58.00  blue       4.0   4.0  4.0  4.0  4.0   (440, 326, 401, 236)
 0:58.50  blue       4.0   4.0  4.0  4.0  4.0   (440, 326, 401, 236)
 0:59.00  blue       4.0   4.0  4.0  4.0  4.0   (440, 326, 401, 236)
 0:59.50  blue       4.0   4.0  4.0  4.0  4.0   (440, 326, 401, 236)
 1:00.00  blue       4.0   4.0  4.0  4.0  4.0   (440, 326, 401, 236)
 1:00.50  green      5.0   5.0  5.0  5.0  5.0   (852, 326, 401, 237)
 1:01.00  green      5.0   5.0  5.0  5.0  5.0   (852, 326, 401, 237)
 1:01.50  green      5.0   5.0  5.0  5.0  5.0   (852, 326, 401, 237)
 1:02.00  green      5.0   5.0  5.0  5.0  5.0   (852, 326, 401, 237)
 1:02.50  green      5.0   5.0  5.0  5.0  5.0   (852, 326, 401, 237)
 1:03.00  green      5.0   5.0  5.0  5.0  5.0   (852, 326, 401, 237)
 1:03.50  green      5.0   5.0  5.0  5.0  5.0   (852, 326, 401, 237)
 1:04.00  green      5.0   5.0  5.0  5.0  5.0   (852, 326, 401, 237)
 1:17.50  purple     4.0   4.0  4.0  4.0  4.0   (189, 166, 305, 346)
 1:18.00  purple     4.0   4.0  4.0  4.0  4.0   (189, 166, 305, 346)
 1:18.50  purple     4.0   4.0  4.0  4.0  4.0   (189, 166, 305, 346)
 1:19.00  purple     4.0   4.0  4.0  4.0  4.0   (189, 166, 305, 346)
 1:19.50  purple     4.0   4.0  4.0  4.0  4.0   (189, 166, 305, 346)
 1:20.00  purple     4.0   4.0  4.0  4.0  4.0   (189, 166, 305, 346)
 1:20.50  purple     4.0   4.0  4.0  4.0  4.0   (189, 166, 305, 346)
 1:21.00  purple     4.0   4.0  4.0  4.0  4.0   (189, 166, 305, 346)
 1:21.50  purple     4.0   4.0  4.0  4.0  4.0   (189, 166, 305, 346)
 1:22.00  purple     4.0   4.0  4.0  4.0  4.0   (189, 166, 305, 346)
 1:22.50  purple     4.0   4.0  4.0  4.0  4.0   (189, 166, 305, 346)
 1:23.00  purple     4.0   4.0  4.0  4.0  4.0   (189, 166, 305, 346)
 1:23.50  purple     4.0   4.0  4.0  5.0  4.0   (189, 166, 305, 346)
 1:24.00  purple     4.0   4.0  4.0  5.0  4.0   (189, 166, 305, 346)
 1:24.50  blue       4.0   4.0  4.0  4.0  4.0   (488, 166, 304, 346)
 1:25.00  blue       4.0   4.0  4.0  4.0  4.0   (488, 166, 304, 346)
 1:25.50  blue       4.0   4.0  4.0  4.0  4.0   (488, 166, 304, 346)
 1:26.00  blue       4.0   4.0  4.0  4.0  4.0   (488, 166, 304, 346)
 1:26.50  blue       4.0   4.0  4.0  4.0  4.0   (488, 166, 304, 346)
 1:27.00  blue       4.0   4.0  4.0  4.0  4.0   (488, 166, 304, 346)
 1:27.50  blue       4.0   4.0  4.0  4.0  4.0   (488, 166, 304, 346)
 1:28.00  blue       4.0   4.0  4.0  4.0  4.0   (488, 166, 304, 346)
 1:28.50  blue       4.0   4.0  4.0  4.0  4.0   (488, 166, 304, 346)
 1:29.00  blue       4.0   4.0  4.0  4.0  4.0   (488, 166, 304, 346)
 1:29.50  blue       4.0   4.0  4.0  4.0  4.0   (488, 166, 304, 346)
 1:30.00  blue       4.0   4.0  4.0  4.0  4.0   (488, 166, 304, 346)
 1:30.50  blue       4.0   4.0  4.0  4.0  4.0   (488, 166, 304, 346)
 1:31.00  blue       4.0   4.0  4.0  4.0  4.0   (488, 166, 304, 346)
 1:31.50  blue       4.0   4.0  4.0  4.0  4.0   (488, 166, 304, 346)
 1:32.00  teal       5.0   5.0  5.0  5.0  5.0   (786, 166, 306, 346)
 1:32.50  teal       5.0   5.0  5.0  5.0  5.0   (786, 166, 306, 346)
 1:33.00  teal       5.0   5.0  5.0  5.0  5.0   (786, 166, 306, 346)
 1:33.50  teal       5.0   5.0  5.0  5.0  5.0   (786, 166, 306, 346)
 1:34.00  teal       5.0   5.0  5.0  5.0  5.0   (786, 166, 306, 346)
 1:34.50  teal       5.0   5.0  5.0  5.0  5.0   (786, 166, 306, 346)
 1:35.00  teal       5.0   5.0  5.0  5.0  5.0   (786, 166, 306, 346)
 1:35.50  teal       5.0   5.0  5.0  5.0  5.0   (786, 166, 306, 346)
 1:36.00  teal       5.0   5.0  5.0  5.0  5.0   (786, 166, 306, 346)
 1:36.50  teal       5.0   5.0  5.0  5.0  5.0   (786, 166, 306, 346)
 1:37.00  teal       5.0   5.0  5.0  5.0  5.0   (786, 166, 306, 346)
 1:37.50  teal       5.0   5.0  5.0  5.0  5.0   (786, 166, 306, 346)
 1:38.00  teal       5.0   5.0  5.0  5.0  5.0   (786, 166, 306, 346)
 1:49.50  purple     4.5  10.0  4.0  4.0  5.0   (40, 164, 1201, 256)
 1:50.00  purple     4.5  10.0  4.0  4.0  5.0   (40, 164, 1201, 256)
 1:50.50  purple     4.5  10.0  4.0  4.0  5.0   (40, 164, 1201, 256)
 1:51.00  purple     4.5  10.0  4.0  4.0  5.0   (40, 164, 1201, 256)
 1:51.50  purple     4.5  10.0  4.0  4.0  5.0   (40, 164, 1201, 256)
 1:52.00  purple     4.5  10.0  4.0  4.0  5.0   (40, 164, 1201, 256)
 1:52.50  purple     4.5  10.0  4.0  4.0  5.0   (40, 164, 1201, 256)
 1:53.00  purple     4.5  10.0  4.0  4.0  5.0   (40, 164, 1201, 256)
 1:53.50  purple     4.5  10.0  4.0  4.0  5.0   (40, 164, 1201, 256)
 1:54.00  purple     4.5  10.0  4.0  4.0  5.0   (40, 164, 1201, 256)
 1:54.50  purple     4.5  10.0  4.0  4.0  5.0   (40, 164, 1201, 256)
 1:55.00  purple     4.5  10.0  4.0  4.0  5.0   (40, 164, 1201, 256)
 1:55.50  purple     4.5  10.0  4.0  4.0  5.0   (40, 164, 1201, 256)
 1:56.00  purple     4.5  10.0  4.0  4.0  5.0   (40, 164, 1201, 256)
 1:56.50  purple     4.5  10.0  4.0  4.0  5.0   (40, 164, 1201, 256)
 1:57.00  purple     4.5  10.0  4.0  4.0  5.0   (40, 164, 1201, 256)
 1:57.50  purple     4.5  10.0  4.0  4.0  5.0   (40, 164, 1201, 256)
 1:58.00  purple     4.5  10.0  4.0  4.0  5.0   (40, 164, 1201, 256)
 1:58.50  purple     4.5  10.0  4.0  4.0  5.0   (40, 164, 1201, 256)
 1:59.00  purple     4.5  10.0  4.0  4.0  5.0   (40, 164, 1201, 256)
 1:59.50  purple     4.5  10.0  4.0  4.0  5.0   (40, 164, 1201, 256)
 2:00.00  purple     4.5  10.0  4.0  4.0  5.0   (40, 164, 1201, 256)
 2:05.00  purple     4.5  10.0  4.0  5.0  4.0   (40, 326, 1201, 144)
 2:05.50  purple     4.5  10.0  4.0  5.0  4.0   (40, 326, 1201, 144)
 2:06.00  purple     4.5  10.0  4.0  5.0  4.0   (40, 326, 1201, 144)
 2:06.50  purple     4.5  10.0  4.0  5.0  4.0   (40, 326, 1201, 144)
 2:07.00  purple     4.5  10.0  4.0  5.0  4.0   (40, 326, 1201, 144)
 2:07.50  purple     4.5  10.0  4.0  5.0  4.0   (40, 326, 1201, 144)
 2:08.00  purple     4.5  10.0  4.0  5.0  4.0   (40, 326, 1201, 144)
 2:08.50  purple     4.5  10.0  4.0  5.0  4.0   (40, 326, 1201, 144)
 2:09.00  purple     4.5  10.0  4.0  5.0  4.0   (40, 326, 1201, 144)
 2:09.50  purple     4.5  10.0  4.0  5.0  4.0   (40, 326, 1201, 144)
 2:10.00  purple     4.5  10.0  4.0  5.0  4.0   (40, 326, 1201, 144)
 2:27.50  blue       4.0  10.0  4.0  4.0  4.0   (40, 162, 1201, 212)
 2:28.00  blue       4.0  10.0  4.0  4.0  4.0   (40, 162, 1201, 212)
 2:28.50  blue       4.0  10.0  4.0  4.0  4.0   (40, 162, 1201, 212)
 2:29.00  blue       4.0  10.0  4.0  4.0  4.0   (40, 162, 1201, 212)
 2:29.50  blue       4.0  10.0  4.0  4.0  4.0   (40, 162, 1201, 212)
 2:30.00  blue       4.0  10.0  4.0  4.0  4.0   (40, 162, 1201, 212)
 2:30.50  blue       4.0  10.0  4.0  4.0  4.0   (40, 162, 1201, 212)
 2:31.00  blue       4.0  10.0  4.0  4.0  4.0   (40, 162, 1201, 212)
 2:31.50  blue       4.0  10.0  4.0  4.0  4.0   (40, 162, 1201, 212)
 2:32.00  blue       4.0  10.0  4.0  4.0  4.0   (40, 162, 1201, 212)
 2:32.50  blue       4.0  10.0  4.0  4.0  4.0   (40, 162, 1201, 212)
 2:33.00  blue       4.0  10.0  4.0  4.0  4.0   (40, 162, 1201, 212)
 2:33.50  blue       4.0  10.0  4.0  4.0  4.0   (40, 162, 1201, 212)
 2:34.00  blue       4.0  10.0  4.0  4.0  4.0   (40, 162, 1201, 212)
 2:34.50  blue       4.0  10.0  4.0  4.0  4.0   (40, 162, 1201, 212)
 2:35.00  blue       4.0  10.0  4.0  4.0  4.0   (40, 162, 1201, 212)
 2:35.50  blue       4.0  10.0  4.0  4.0  4.0   (40, 162, 1201, 212)
 2:36.00  blue       4.0  10.0  4.0  4.0  4.0   (40, 162, 1201, 212)
 2:36.50  blue       4.0  10.0  4.0  4.0  4.0   (40, 162, 1201, 212)
 2:37.00  blue       4.0  10.0  4.0  4.0  4.0   (40, 162, 1201, 212)
 2:37.50  blue       4.0  10.0  4.0  4.0  4.0   (40, 162, 1201, 212)
 2:42.00  blue       4.0  10.0  4.0  4.0  4.0   (40, 294, 1200, 176)
 2:42.50  blue       4.0  10.0  4.0  4.0  4.0   (40, 294, 1200, 176)
 2:43.00  blue       4.0  10.0  4.0  4.0  4.0   (40, 294, 1200, 176)
 2:43.50  blue       4.0  10.0  4.0  4.0  4.0   (40, 294, 1200, 176)
 2:44.00  blue       4.0  10.0  4.0  4.0  4.0   (40, 294, 1200, 176)
 2:44.50  blue       4.0  10.0  4.0  4.0  4.0   (40, 294, 1200, 176)
 2:45.00  blue       4.0  10.0  4.0  4.0  4.0   (40, 294, 1200, 176)
 2:45.50  blue       4.0  10.0  4.0  4.0  4.0   (40, 294, 1200, 176)
 2:46.00  blue       4.0  10.0  4.0  4.0  4.0   (40, 294, 1200, 176)
 2:46.50  blue       4.0  10.0  4.0  4.0  4.0   (40, 294, 1200, 176)
 2:47.00  blue       4.0  10.0  4.0  4.0  4.0   (40, 294, 1200, 176)
 2:47.50  blue       4.0  10.0  4.0  4.0  4.0   (40, 294, 1200, 176)
 2:48.00  blue       4.0  10.0  4.0  4.0  4.0   (40, 294, 1200, 176)
 2:48.50  blue       4.0  10.0  4.0  4.0  4.0   (40, 490, 1200, 142)
 2:49.00  blue       4.0  10.0  4.0  4.0  4.0   (40, 490, 1200, 142)
 2:49.50  blue       4.0  10.0  4.0  4.0  4.0   (40, 490, 1200, 142)
 2:50.00  blue       4.0  10.0  4.0  4.0  4.0   (40, 490, 1200, 142)
 2:50.50  blue       4.0  10.0  4.0  4.0  4.0   (40, 490, 1200, 142)
 2:51.00  blue       4.0  10.0  4.0  4.0  4.0   (40, 490, 1200, 142)
 2:51.50  blue       4.0  10.0  4.0  4.0  4.0   (40, 490, 1200, 142)
 2:52.00  blue       4.0  10.0  4.0  4.0  4.0   (40, 490, 1200, 142)
 2:52.50  blue       4.0  10.0  4.0  4.0  4.0   (40, 490, 1200, 142)
 2:53.00  blue       4.0  10.0  4.0  4.0  4.0   (40, 490, 1200, 142)
 2:53.50  blue       4.0  10.0  4.0  4.0  4.0   (40, 490, 1200, 142)
 2:54.00  blue       4.0  10.0  4.0  4.0  4.0   (40, 490, 1200, 142)
 3:03.00  green      5.0  10.0  5.0  5.0  5.0   (40, 163, 1201, 212)
 3:03.50  green      5.0  10.0  5.0  5.0  5.0   (40, 163, 1201, 212)
 3:04.00  green      5.0  10.0  5.0  5.0  5.0   (40, 163, 1201, 212)
 3:04.50  green      5.0  10.0  5.0  5.0  5.0   (40, 163, 1201, 212)
 3:05.00  green      5.0  10.0  5.0  5.0  5.0   (40, 163, 1201, 212)
 3:05.50  green      5.0  10.0  5.0  5.0  5.0   (40, 163, 1201, 212)
 3:06.00  green      5.0  10.0  5.0  5.0  5.0   (40, 163, 1201, 212)
 3:06.50  green      5.0  10.0  5.0  5.0  5.0   (40, 163, 1201, 212)
 3:07.00  green      5.0  10.0  5.0  5.0  5.0   (40, 163, 1201, 212)
 3:07.50  green      5.0  10.0  5.0  5.0  5.0   (40, 163, 1201, 212)
 3:08.00  green      5.0  10.0  5.0  5.0  5.0   (40, 163, 1201, 212)
 3:08.50  green      5.0  10.0  5.0  5.0  5.0   (40, 163, 1201, 212)
 3:09.00  green      5.0  10.0  5.0  5.0  5.0   (40, 163, 1201, 212)
 3:09.50  green      5.0  10.0  5.0  5.0  5.0   (40, 163, 1201, 212)
 3:10.00  green      5.0  10.0  5.0  5.0  5.0   (40, 163, 1201, 212)
 3:10.50  green      5.0  10.0  5.0  5.0  5.0   (40, 163, 1201, 212)
 3:11.00  green      5.0  10.0  5.0  5.0  5.0   (40, 163, 1201, 212)
 3:11.50  green      5.0  10.0  5.0  5.0  5.0   (40, 163, 1201, 212)
 3:12.00  green      5.0  10.0  5.0  5.0  5.0   (40, 163, 1201, 212)
 3:12.50  green      5.0  10.0  5.0  5.0  5.0   (40, 163, 1201, 212)
 3:13.00  green      5.0  10.0  5.0  5.0  5.0   (40, 163, 1201, 212)
 3:13.50  green      5.0  10.0  5.0  5.0  5.0   (40, 163, 1201, 212)
 3:14.00  green      5.0  10.0  5.0  5.0  5.0   (40, 163, 1201, 212)
 3:14.50  green      5.0  10.0  5.0  5.0  5.0   (40, 163, 1201, 212)
 3:15.00  green      5.0  10.0  5.0  5.0  5.0   (40, 163, 1201, 212)
 3:15.50  green      5.0  10.0  5.0  5.0  5.0   (40, 163, 1201, 212)
 3:16.00  green      5.0  10.0  5.0  5.0  5.0   (40, 163, 1201, 212)
 3:16.50  green      5.0  10.0  5.0  5.0  5.0   (40, 163, 1201, 212)
 3:20.50  green      5.0  10.0  5.0  5.0  5.0   (40, 30, 1201, 211)
 3:21.00  green      5.0  10.0  5.0  5.0  5.0   (40, 259, 1201, 212)
 3:21.50  green      5.0  10.0  5.0  5.0  5.0   (40, 259, 1201, 212)
 3:22.00  green      5.0  10.0  5.0  5.0  5.0   (40, 259, 1201, 212)
 3:22.50  green      5.0  10.0  5.0  5.0  5.0   (40, 259, 1201, 212)
 3:23.00  green      5.0  10.0  5.0  5.0  5.0   (40, 259, 1201, 212)
 3:23.50  green      5.0  10.0  5.0  5.0  5.0   (40, 259, 1201, 212)
 3:24.00  green      5.0  10.0  5.0  5.0  5.0   (40, 259, 1201, 212)
 3:24.50  green      5.0  10.0  5.0  5.0  5.0   (40, 259, 1201, 212)
 3:25.00  green      5.0  10.0  5.0  5.0  5.0   (40, 259, 1201, 212)
 3:25.50  green      5.0  10.0  5.0  5.0  5.0   (40, 259, 1201, 212)
 3:26.00  green      5.0  10.0  5.0  5.0  5.0   (40, 259, 1201, 212)
 3:26.50  green      5.0  10.0  5.0  5.0  5.0   (40, 259, 1201, 212)
 3:27.00  green      5.0  10.0  5.0  5.0  5.0   (40, 259, 1201, 212)
 3:27.50  green      5.0  10.0  5.0  5.0  5.0   (40, 259, 1201, 212)
 3:28.00  green      5.0  10.0  5.0  5.0  5.0   (40, 259, 1201, 212)
 3:28.50  green      5.0  10.0  5.0  5.0  5.0   (40, 259, 1201, 212)
 3:29.00  green      5.0  10.0  5.0  5.0  5.0   (40, 259, 1201, 212)
 3:29.50  green      5.0  10.0  5.0  5.0  5.0   (40, 259, 1201, 212)
 3:30.00  green      5.0  10.0  5.0  5.0  5.0   (40, 259, 1201, 212)
 3:30.50  green      5.0  10.0  5.0  5.0  5.0   (40, 259, 1201, 212)
 3:31.00  green      5.0  10.0  5.0  5.0  5.0   (40, 259, 1201, 212)
 3:31.50  green      5.0  10.0  5.0  5.0  5.0   (40, 259, 1201, 212)
 3:32.00  green      5.0  10.0  5.0  5.0  5.0   (40, 259, 1201, 212)
 3:32.50  green      5.0  10.0  5.0  5.0  5.0   (40, 259, 1201, 212)
 3:33.00  green      5.0  10.0  5.0  5.0  5.0   (40, 259, 1201, 212)
 3:33.50  green      5.0  10.0  5.0  5.0  5.0   (40, 259, 1201, 212)
 3:34.00  green      5.0  10.0  5.0  5.0  5.0   (40, 259, 1201, 212)
 3:34.50  green      5.0  10.0  5.0  5.0  5.0   (40, 259, 1201, 212)
 3:35.00  green      5.0  10.0  5.0  5.0  5.0   (40, 488, 1201, 144)
 3:35.50  green      5.0  10.0  5.0  5.0  5.0   (40, 488, 1201, 144)
 3:36.00  green      5.0  10.0  5.0  5.0  5.0   (40, 488, 1201, 144)
 3:36.50  green      5.0  10.0  5.0  5.0  5.0   (40, 488, 1201, 144)
 3:37.00  green      5.0  10.0  5.0  5.0  5.0   (40, 488, 1201, 144)
 3:37.50  green      5.0  10.0  5.0  5.0  5.0   (40, 488, 1201, 144)
 3:38.00  green      5.0  10.0  5.0  5.0  5.0   (40, 488, 1201, 144)
 3:38.50  green      5.0  10.0  5.0  5.0  5.0   (40, 488, 1201, 144)
 3:39.00  green      5.0  10.0  5.0  5.0  5.0   (40, 488, 1201, 144)
 3:39.50  green      5.0  10.0  5.0  5.0  5.0   (40, 488, 1201, 144)
 3:40.00  green      5.0  10.0  5.0  5.0  5.0   (40, 488, 1201, 144)
 3:40.50  green      5.0  10.0  5.0  5.0  5.0   (40, 488, 1201, 144)
 3:41.00  green      5.0  10.0  5.0  5.0  5.0   (40, 488, 1201, 144)

# 340 ring samples in 56 runs; stroke histogram (rounded px): 4 px: 156, 5 px: 98, 10 px: 26, 12 px: 60
# runs (start, end, color, median stroke, min-max, samples)
 0:23.50 -  0:25.50  purple   12.4  12.2-12.5   10
 0:26.00 -  0:26.00  purple    4.5   4.5- 4.5    1
 0:26.00 -  0:26.00  purple   12.4  12.2-12.5    2
 0:26.50 -  0:26.50  purple    4.5   4.5- 4.5    1
 0:26.50 -  0:26.50  purple   12.4  12.2-12.5    2
 0:27.00 -  0:27.00  purple    4.5   4.5- 4.5    1
 0:27.00 -  0:27.00  purple   12.4  12.2-12.5    2
 0:27.50 -  0:27.50  purple    4.5   4.5- 4.5    1
 0:27.50 -  0:27.50  purple   12.4  12.2-12.5    2
 0:28.00 -  0:28.00  purple    4.5   4.5- 4.5    1
 0:28.00 -  0:28.00  purple   12.4  12.2-12.5    2
 0:28.50 -  0:28.50  purple    4.5   4.5- 4.5    1
 0:28.50 -  0:28.50  purple   12.4  12.2-12.5    2
 0:29.00 -  0:29.00  purple    4.5   4.5- 4.5    1
 0:29.00 -  0:29.00  purple   12.4  12.2-12.5    2
 0:29.50 -  0:29.50  purple    4.5   4.5- 4.5    1
 0:29.50 -  0:29.50  purple   12.4  12.2-12.5    2
 0:30.00 -  0:30.00  purple    4.5   4.5- 4.5    1
 0:30.00 -  0:30.00  purple   12.4  12.2-12.5    2
 0:30.50 -  0:30.50  purple    4.5   4.5- 4.5    1
 0:30.50 -  0:30.50  purple   12.4  12.2-12.5    2
 0:31.00 -  0:31.00  purple    4.5   4.5- 4.5    1
 0:31.00 -  0:31.00  purple   12.4  12.2-12.5    2
 0:31.50 -  0:31.50  purple    4.5   4.5- 4.5    1
 0:31.50 -  0:31.50  purple   12.4  12.2-12.5    2
 0:32.00 -  0:32.00  purple    5.0   5.0- 5.0    1
 0:32.00 -  0:32.00  purple   10.9  10.0-11.8    2
 0:32.50 -  0:32.50  purple    5.0   5.0- 5.0    1
 0:32.50 -  0:32.50  purple   10.9  10.0-11.8    2
 0:33.00 -  0:33.00  purple    5.0   5.0- 5.0    1
 0:33.00 -  0:33.00  purple   10.9  10.0-11.8    2
 0:33.50 -  0:33.50  purple    5.0   5.0- 5.0    1
 0:33.50 -  0:33.50  purple   10.9  10.0-11.8    2
 0:34.00 -  0:34.00  purple    5.0   5.0- 5.0    1
 0:34.00 -  0:34.00  purple   10.9  10.0-11.8    2
 0:34.50 -  0:34.50  purple    5.0   5.0- 5.0    1
 0:34.50 -  0:34.50  purple   10.9  10.0-11.8    2
 0:35.00 -  0:35.00  purple    5.0   5.0- 5.0    1
 0:35.00 -  0:44.50  purple   10.8  10.0-11.8   40
 0:35.50 -  0:44.50  blue      4.0   4.0- 4.0   19
 0:52.00 -  0:53.50  violet    4.0   4.0- 4.0    4
 0:54.00 -  0:56.50  purple    4.5   4.5- 4.5    6
 0:57.00 -  1:00.00  blue      4.0   4.0- 4.0    7
 1:00.50 -  1:04.00  green     5.0   5.0- 5.0    8
 1:17.50 -  1:24.00  purple    4.0   4.0- 4.0   14
 1:24.50 -  1:31.50  blue      4.0   4.0- 4.0   15
 1:32.00 -  1:38.00  teal      5.0   5.0- 5.0   13
 1:49.50 -  2:00.00  purple    4.5   4.5- 4.5   22
 2:05.00 -  2:10.00  purple    4.5   4.5- 4.5   11
 2:27.50 -  2:37.50  blue      4.0   4.0- 4.0   21
 2:42.00 -  2:48.00  blue      4.0   4.0- 4.0   13
 2:48.50 -  2:54.00  blue      4.0   4.0- 4.0   12
 3:03.00 -  3:16.50  green     5.0   5.0- 5.0   28
 3:20.50 -  3:20.50  green     5.0   5.0- 5.0    1
 3:21.00 -  3:34.50  green     5.0   5.0- 5.0   28
 3:35.00 -  3:41.00  green     5.0   5.0- 5.0   13
