    0.00     0.48 0.70  AI
    0.48     0.78 0.98  makes
    0.78     1.18 1.00  mistakes,
    1.78     2.04 0.99  and
    2.04     2.28 0.98  it
    2.28     2.50 1.00  uses
    2.50     2.74 1.00  the
    2.74     3.20 0.99  exact
    3.20     3.62 1.00  same
    3.62     4.10 0.98  confident
    4.10     4.48 1.00  tone
    4.48     4.96 0.74  whether
    4.96     5.18 0.97  its
    5.18     5.42 1.00  facts
    5.42     5.72 1.00  are
    5.72     5.98 0.98  dead
    5.98     6.14 0.89  -on
    6.14     6.50 0.83  accurate
    6.50     6.96 0.88  or
    6.96     7.74 0.98  completely
    7.74     8.34 1.00  fabricated.
    9.30     9.50 0.99  Even
    9.50     9.66 1.00  when
    9.66     9.82 1.00  an
    9.82    10.08 1.00  answer
   10.08    10.58 1.00  contains
   10.58    11.02 0.96  zero
   11.02    11.42 0.99  factual
   11.42    11.84 1.00  errors,
   12.20    12.42 0.99  it
   12.42    12.58 1.00  can
   12.58    12.84 1.00  still
   12.84    13.04 1.00  fall
   13.04    13.32 1.00  short
   13.32    13.46 1.00  of
   13.46    13.62 1.00  what
   13.62    13.74 1.00  you
   13.74    14.02 0.99  actually
   14.02    14.34 1.00  need.
   14.94    15.10 0.99  A
   15.10    15.34 1.00  joke
   15.34    15.70 0.99  might
   15.70    15.98 0.98  just
   15.98    16.22 1.00  not
   16.22    16.34 1.00  be
   16.34    16.58 1.00  funny.
   17.04    17.24 0.99  An
   17.24    17.70 1.00  explanation
   17.70    18.20 1.00  might
   18.20    18.40 1.00  leave
   18.40    18.58 1.00  you
   18.58    18.98 1.00  confused.
   19.52    19.78 0.99  Or
   19.78    19.96 0.94  a
   19.96    20.40 0.99  strategy
   20.40    20.70 1.00  might
   20.70    21.00 1.00  sound
   21.00    21.20 1.00  good
   21.20    21.36 1.00  on
   21.36    21.68 0.80  screen,
   21.96    22.14 1.00  but
   22.14    22.64 0.99  fail
   22.64    22.90 1.00  in
   22.90    22.98 1.00  the
   22.98    23.12 1.00  real
   23.12    23.42 0.99  world.
   24.20    24.40 0.99  To
   24.40    24.56 1.00  be
   24.56    24.86 1.00  smarter
   24.86    25.12 1.00  than
   25.12    25.24 0.99  the
   25.24    25.48 1.00  tool,
   25.66    25.80 1.00  you
   25.80    26.02 1.00  need
   26.02    26.22 1.00  to
   26.22    26.66 1.00  evaluate
   26.66    26.98 1.00  its
   26.98    27.32 1.00  results.
   27.72    27.96 0.36  And
   27.96    28.24 0.95  that
   28.24    28.44 0.99  comes
   28.44    28.64 0.99  down
   28.64    28.80 1.00  to
   28.80    29.10 1.00  asking
   29.10    29.48 0.95  two
   29.48    29.74 0.99  core
   29.74    30.14 1.00  questions
   30.14    30.58 0.97  every
   30.58    30.80 0.99  time
   30.80    30.94 1.00  you
   30.94    31.24 1.00  generate
   31.24    31.38 1.00  a
   31.38    31.70 1.00  response.
   32.40    32.48 0.44  Is
   32.48    32.60 1.00  it
   32.60    32.80 0.98  right?
   33.38    33.50 0.97  And
   33.50    33.76 0.99  is
   33.76    33.90 1.00  it
   33.90    34.12 1.00  good
   34.12    34.34 1.00  enough
   34.34    34.60 1.00  for
   34.60    34.74 1.00  what
   34.74    34.86 1.00  I
   34.86    35.04 1.00  need?
   35.76    35.98 0.95  This
   35.98    36.26 1.00  graphic
   36.26    36.74 1.00  outlines
   36.74    36.94 1.00  what
   36.94    37.08 1.00  we
   37.08    37.36 1.00  call
   37.36    37.60 0.91  the
   37.60    37.82 0.58  quick
   37.82    38.06 0.89  pass.
   38.82    38.94 0.99  The
   38.94    39.10 1.00  first
   39.10    39.28 1.00  step
   39.28    39.42 1.00  is
   39.42    39.68 1.00  simple,
   40.16    40.32 0.99  read
   40.32    40.66 1.00  the
   40.66    41.00 1.00  answer.
   41.54    41.72 0.99  Read
   41.72    41.82 1.00  it
   41.82    42.08 1.00  fully
   42.08    42.50 0.99  before
   42.50    42.70 1.00  you
   42.70    42.88 1.00  use
   42.88    43.14 1.00  it,
   43.46    43.74 0.99  because
   43.74    43.98 0.99  if
   43.98    44.14 1.00  you
   44.14    44.36 0.99  pass
   44.36    44.52 0.99  that
   44.52    44.90 1.00  information
   44.90    45.28 1.00  along,
   45.66    45.94 1.00  you
   45.94    46.18 1.00  are
   46.18    46.30 1.00  the
   46.30    46.46 1.00  one
   46.46    46.90 1.00  responsible
   46.90    47.20 1.00  for
   47.20    47.34 1.00  what
   47.34    47.42 1.00  it
   47.42    47.66 1.00  says.
   48.64    48.78 1.00  Second,
   49.16    49.32 1.00  you
   49.32    49.50 1.00  have
   49.50    49.70 1.00  to
   49.70    50.06 1.00  understand
   50.06    50.40 1.00  it.
   50.82    51.02 1.00  You
   51.02    51.52 1.00  can't
   51.52    51.78 1.00  accurately
   51.78    52.06 1.00  judge
   52.06    52.24 0.98  an
   52.24    52.54 1.00  answer
   52.54    52.76 0.99  if
   52.76    52.90 1.00  the
   52.90    53.10 1.00  text
   53.10    53.28 1.00  is
   53.28    53.66 1.00  confusing.
   54.18    54.48 0.44  If
   54.48    54.62 1.00  you
   54.62    54.78 0.98  hit
   54.78    55.00 0.99  a
   55.00    55.22 0.98  dense
   55.22    55.68 1.00  section,
   56.00    56.32 0.99  explicitly
   56.32    56.70 0.99  tell
   56.70    56.84 1.00  the
   56.84    57.06 0.99  AI
   57.06    57.32 1.00  to
   57.32    57.72 0.99  explain
   57.72    58.00 0.99  that
   58.00    58.58 0.99  specific
   58.58    59.08 1.00  paragraph
   59.08    59.40 0.99  in
   59.40    59.70 0.99  simpler
   59.70    60.12 1.00  terms.
   60.86    60.88 0.96  Third,
   61.60    61.60 0.91  validate.
   62.22    62.46 0.99  Compare
   62.46    62.64 1.00  the
   62.64    63.04 1.00  output
   63.04    63.34 1.00  against
   63.34    63.58 1.00  what
   63.58    63.74 1.00  you
   63.74    64.08 0.96  originally
   64.08    64.40 1.00  asked
   64.40    64.64 1.00  for,
   64.94    65.10 1.00  and
   65.10    65.44 0.99  what
   65.44    65.58 1.00  you
   65.58    65.84 0.99  already
   65.84    66.06 1.00  know
   66.06    66.16 1.00  to
   66.16    66.30 1.00  be
   66.30    66.50 1.00  true.
   67.14    67.36 1.00  Look
   67.36    67.80 0.99  specifically
   67.80    68.16 1.00  for
   68.16    68.48 1.00  anything
   68.48    68.72 1.00  that
   68.72    68.96 1.00  feels
   68.96    69.32 1.00  wrong,
   69.68    69.96 1.00  missing,
   70.34    70.54 1.00  or
   70.54    70.82 0.98  just
   70.82    71.00 1.00  not
   71.00    71.32 1.00  useful.
   72.02    72.24 1.00  Before
   72.24    72.42 1.00  you
   72.42    72.70 1.00  use
   72.70    73.08 0.99  any
   73.08    73.44 0.99  AI
   73.44    73.82 1.00  output,
   74.24    74.36 1.00  you
   74.36    74.66 0.99  must
   74.66    75.20 1.00  read,
   75.54    75.96 1.00  understand,
   76.32    76.46 1.00  and
   76.46    76.80 1.00  validate.
   77.36    77.52 0.99  Building
   77.52    77.76 1.00  this
   77.76    78.00 1.00  habit
   78.00    78.22 1.00  is
   78.22    78.38 1.00  your
   78.38    78.76 0.99  baseline
   78.76    79.14 0.98  defense
   79.14    79.42 1.00  against
   79.42    80.02 0.99  accidentally
   80.02    80.40 1.00  passing
   80.40    80.64 1.00  on
   80.64    80.78 1.00  a
   80.78    81.16 1.00  machine's
   81.16    81.38 1.00  errors.
   82.03    82.28 0.39  That
   82.28    82.52 0.79  quick
   82.52    82.76 0.86  pass
   82.76    83.04 0.99  works
   83.04    83.34 1.00  for
   83.34    83.50 0.97  a
   83.50    83.66 1.00  lot
   83.66    83.80 1.00  of
   83.80    84.06 0.95  everyday
   84.06    84.42 1.00  prompts.
   84.88    84.94 0.96  But
   84.94    85.30 0.91  some
   85.30    85.68 1.00  answers
   85.68    86.08 1.00  require
   86.08    86.34 1.00  a
   86.34    86.60 0.99  much
   86.60    86.92 0.99  closer
   86.92    87.22 1.00  look
   87.22    87.48 0.99  before
   87.48    87.62 1.00  you
   87.62    87.80 1.00  trust
   87.80    88.02 1.00  them.
   88.56    88.76 0.99  This
   88.76    88.96 0.97  flow
   88.96    89.14 0.59  chart
   89.14    89.42 0.99  shows
   89.42    89.64 0.99  how
   89.64    89.76 1.00  to
   89.76    90.02 1.00  decide
   90.02    90.24 0.99  if
   90.24    90.34 1.00  you
   90.34    90.48 1.00  need
   90.48    90.60 1.00  to
   90.60    90.72 1.00  dig
   90.72    91.04 1.00  deeper.
   91.78    91.86 0.95  It
   91.86    92.12 1.00  starts
   92.12    92.36 1.00  with
   92.36    92.50 0.99  a
   92.50    92.64 0.99  self
   92.64    92.86 0.83  -check.
   93.64    93.68 0.99  Compare
   93.68    93.88 1.00  the
   93.88    94.22 1.00  answer
   94.22    94.46 1.00  to
   94.46    94.58 1.00  what
   94.58    94.74 1.00  you
   94.74    95.06 1.00  already
   95.06    95.32 1.00  know.
   95.78    96.02 0.99  If
   96.02    96.12 1.00  you
   96.12    96.30 1.00  don't
   96.30    96.72 0.98  actually
   96.72    96.96 1.00  know
   96.96    97.22 1.00  enough
   97.22    97.42 1.00  about
   97.42    97.58 0.99  the
   97.58    97.90 1.00  subject
   97.90    98.08 1.00  to
   98.08    98.26 1.00  spot
   98.26    98.42 1.00  an
   98.42    98.64 1.00  error,
   98.90    99.14 1.00  you
   99.14    99.50 1.00  can't
   99.50    99.60 1.00  judge
   99.60    99.76 1.00  it
   99.76    99.94 0.99  yet.
  100.80   100.96 0.99  Next,
  101.38   101.46 1.00  consider
  101.46   101.72 1.00  the
  101.72   101.98 1.00  task
  101.98   102.28 1.00  itself.
  103.08   103.18 1.00  Different
  103.18   103.52 1.00  tasks
  103.52   103.90 0.99  require
  103.90   104.18 1.00  different
  104.18   104.62 1.00  standards.
  105.12   105.34 1.00  A
  105.34   105.62 0.99  factual
  105.62   106.00 1.00  claim
  106.00   106.40 1.00  demands
  106.40   106.94 1.00  precise
  106.94   107.52 1.00  accuracy.
  107.96   108.16 1.00  A
  108.16   108.30 1.00  rough
  108.30   108.62 1.00  draft
  108.62   108.94 0.99  just
  108.94   109.16 1.00  needs
  109.16   109.40 1.00  clear
  109.40   109.66 0.99  writing.
  110.18   110.70 0.97  Finally,
  111.16   111.34 0.99  ask
  111.34   111.56 0.99  how
  111.56   111.70 1.00  much
  111.70   111.86 0.99  is
  111.86   112.10 0.34  writing
  112.10   112.30 1.00  on
  112.30   112.52 1.00  it.
  112.96   113.08 1.00  If
  113.08   113.20 1.00  you
  113.20   113.40 0.99  ask
  113.40   113.66 0.99  for
  113.66   113.82 0.99  a
  113.82   114.04 1.00  movie
  114.04   114.54 1.00  recommendation
  114.54   115.06 0.66  and
  115.06   115.20 0.99  the
  115.20   115.42 0.99  AI
  115.42   115.60 0.99  gets
  115.60   115.76 1.00  it
  115.76   115.94 1.00  wrong,
  116.38   116.58 0.99  the
  116.58   116.78 1.00  stakes
  116.78   117.04 1.00  are
  117.04   117.38 1.00  virtually
  117.38   117.70 0.99  zero.
  118.08   118.34 0.99  But
  118.34   118.52 0.90  if
  118.52   118.66 0.98  you're
  118.66   119.00 1.00  drafting
  119.00   119.18 1.00  a
  119.18   119.52 1.00  scholarship
  119.52   120.06 1.00  application
  120.06   120.56 0.89  or
  120.56   121.06 0.99  asking
  121.06   121.30 1.00  for
  121.30   121.58 1.00  advice
  121.58   121.82 1.00  about
  121.82   121.96 1.00  an
  121.96   122.36 1.00  injury,
  122.70   122.86 1.00  the
  122.86   123.38 1.00  consequences
  123.38   123.64 1.00  of
  123.64   123.76 1.00  a
  123.76   123.92 1.00  bad
  123.92   124.24 1.00  answer
  124.24   124.54 1.00  are
  124.54   124.98 1.00  severe.
  125.72   125.94 0.99  Give
  125.94   126.12 1.00  the
  126.12   126.46 1.00  answer
  126.46   126.64 0.99  the
  126.64   127.00 1.00  attention
  127.00   127.28 1.00  it
  127.28   127.62 1.00  deserves.
  128.16   128.40 1.00  The
  128.40   128.58 1.00  amount
  128.58   128.74 1.00  of
  128.74   128.86 1.00  time
  128.86   129.04 1.00  you
  129.04   129.32 0.99  spend
  129.32   129.86 1.00  verifying
  129.86   130.18 0.99  an
  130.18   130.54 0.99  AI's
  130.54   130.94 1.00  output
  130.94   131.46 0.98  must
  131.46   131.80 1.00  scale
  131.80   132.24 1.00  directly
  132.24   132.58 1.00  with
  132.58   132.76 1.00  the
  132.76   133.00 1.00  real
  133.00   133.22 0.72  -world
  133.22   133.56 0.99  stakes
  133.56   133.78 1.00  of
  133.78   133.90 1.00  getting
  133.90   134.06 1.00  it
  134.06   134.26 1.00  wrong.
  135.06   135.28 1.00  When
  135.28   135.44 1.00  an
  135.44   135.68 1.00  answer
  135.68   136.00 1.00  does
  136.00   136.44 1.00  demand
  136.44   136.78 1.00  high
  136.78   137.32 0.98  accuracy,
  137.56   137.92 1.00  you
  137.92   138.12 1.00  move
  138.12   138.40 1.00  to
  138.40   138.70 0.98  the
  138.70   138.96 0.83  deep
  138.96   139.24 0.22  dig
  139.24   139.64 0.83  phase.
  140.12   140.40 0.98  This
  140.40   140.66 1.00  panel
  140.66   141.14 1.00  outlines
  141.14   141.46 0.78  five
  141.46   142.02 1.00  specific
  142.02   142.50 1.00  verification
  142.50   142.94 1.00  checks.
  143.66   143.74 0.99  The
  143.74   143.90 1.00  first
  143.90   144.22 1.00  tactic
  144.22   144.48 1.00  is
  144.48   144.82 0.97  straightforward.
  145.90   146.26 0.93  Explicitly
  146.26   146.48 0.96  ask
  146.48   146.68 1.00  the
  146.68   146.98 0.98  AI
  146.98   147.22 1.00  to
  147.22   147.50 1.00  provide
  147.50   147.72 0.97  its
  147.72   148.08 1.00  sources.
  148.62   148.86 0.99  Then
  148.86   149.26 0.57  physically
  149.26   149.66 1.00  open
  149.66   149.84 0.99  those
  149.84   150.12 1.00  links
  150.12   150.58 0.62  and
  150.58   151.00 1.00  verify
  151.00   151.24 0.99  that
  151.24   151.38 1.00  the
  151.38   151.82 1.00  original
  151.82   152.18 1.00  text
  152.18   152.72 1.00  actually
  152.72   153.08 1.00  supports
  153.08   153.26 1.00  the
  153.26   153.50 1.00  claim.
  154.36   154.52 1.00  You
  154.52   154.64 1.00  can
  154.64   154.84 1.00  also
  154.84   155.10 1.00  turn
  155.10   155.26 1.00  the
  155.26   155.42 1.00  tool
  155.42   155.62 1.00  on
  155.62   156.00 1.00  itself
  156.00   156.28 1.00  to
  156.28   156.56 1.00  challenge
  156.56   156.78 1.00  the
  156.78   157.08 1.00  answer.
  157.72   157.92 0.99  Ask
  157.92   158.08 1.00  the
  158.08   158.40 0.99  AI
  158.40   158.96 0.59  what
  158.96   159.12 1.00  is
  159.12   159.30 1.00  the
  159.30   159.62 1.00  strongest
  159.62   160.12 1.00  argument
  160.12   160.52 1.00  against
  160.52   160.90 1.00  this.
  161.36   161.64 1.00  This
  161.64   161.96 1.00  forces
  161.96   162.14 1.00  the
  162.14   162.32 1.00  model
  162.32   162.56 1.00  to
  162.56   162.94 1.00  uncover
  162.94   163.24 1.00  hidden
  163.24   163.70 0.99  weaknesses
  163.70   163.96 0.97  you
  163.96   164.08 1.00  might
  164.08   164.20 1.00  not
  164.20   164.30 1.00  have
  164.30   164.66 1.00  considered.
  165.50   165.76 0.98  Related
  165.76   166.02 1.00  to
  166.02   166.26 1.00  that,
  166.62   166.90 0.99  instruct
  166.90   167.10 1.00  the
  167.10   167.30 1.00  tool
  167.30   167.48 1.00  to
  167.48   167.84 1.00  outline
  167.84   168.16 1.00  what
  168.16   168.66 0.99  important
  168.66   169.08 0.79  information
  169.08   169.44 0.98  it
  169.44   169.66 1.00  left
  169.66   170.06 1.00  out.
  170.90   170.90 0.85  AI
  170.90   171.28 0.99  often
  171.28   171.84 0.99  simplifies
  171.84   172.22 1.00  complex
  172.22   172.64 1.00  topics.
  173.18   173.18 0.92  And
  173.18   173.40 0.99  seeing
  173.40   173.68 1.00  those
  173.68   174.06 0.98  omitted
  174.06   174.60 1.00  details
  174.60   174.92 0.99  can
  174.92   175.44 1.00  completely
  175.44   175.82 1.00  change
  175.82   175.98 1.00  your
  175.98   176.16 1.00  view
  176.16   176.36 1.00  of
  176.36   176.48 1.00  the
  176.48   176.74 1.00  initial
  176.74   177.16 1.00  response.
  178.02   178.18 0.99  Next,
  178.66   178.84 0.99  ask
  178.84   179.04 1.00  the
  179.04   179.28 0.99  AI
  179.28   179.46 1.00  to
  179.46   179.66 1.00  search
  179.66   179.90 0.99  the
  179.90   180.14 0.80  live
  180.14   180.44 0.91  web
  180.44   180.70 1.00  for
  180.70   180.96 0.99  current
  180.96   181.46 1.00  information.
  182.12   182.32 1.00  Again,
  182.70   182.86 1.00  don't
  182.86   183.02 1.00  just
  183.02   183.20 1.00  trust
  183.20   183.34 1.00  the
  183.34   183.66 1.00  summary.
  184.08   184.34 1.00  Open
  184.34   184.58 1.00  those
  184.58   184.82 0.99  live
  184.82   185.16 1.00  sources
  185.16   185.44 0.97  and
  185.44   185.62 1.00  check
  185.62   185.76 1.00  what
  185.76   185.90 1.00  they
  185.90   186.22 1.00  actually
  186.22   186.50 1.00  say.
  187.12   187.30 0.99  And
  187.30   187.64 0.98  finally,
  187.80   187.94 0.99  the
  187.94   188.42 0.98  ultimate
  188.42   188.64 0.76  fail
  188.64   188.92 0.73  -safe,
  189.28   189.64 0.99  bypass
  189.64   190.02 1.00  the
  190.02   190.28 0.99  AI
  190.28   190.72 1.00  completely.
  191.44   191.66 1.00  Find
  191.66   191.94 1.00  another
  191.94   192.14 1.00  way
  192.14   192.32 1.00  to
  192.32   192.62 1.00  verify
  192.62   192.88 1.00  the
  192.88   193.22 1.00  output
  193.22   193.46 0.99  by
  193.46   193.94 1.00  manually
  193.94   194.74 0.99  recalculating
  194.74   194.88 1.00  the
  194.88   195.20 1.00  numbers,
  195.64   195.90 1.00  running
  195.90   196.12 1.00  the
  196.12   196.42 1.00  generated
  196.42   196.78 1.00  code
  196.78   197.00 1.00  in
  197.00   197.10 1.00  your
  197.10   197.24 1.00  own
  197.24   197.70 1.00  environment,
  197.70   198.04 0.40  or
  198.04   198.50 0.95  consulting
  198.50   198.72 0.99  a
  198.72   198.92 1.00  human
  198.92   199.26 1.00  expert.
  200.04   200.12 0.99  You
  200.12   200.42 0.99  can
  200.42   200.70 1.00  use
  200.70   200.94 0.98  AI
  200.94   201.12 1.00  to
  201.12   201.24 0.99  help
  201.24   201.38 1.00  you
  201.38   201.50 1.00  run
  201.50   201.66 0.99  these
  201.66   201.92 1.00  checks,
  202.26   202.46 1.00  but
  202.46   202.62 1.00  the
  202.62   202.88 1.00  tool
  202.88   203.16 1.00  is
  203.16   203.30 1.00  an
  203.30   203.64 0.94  assistant.
  204.20   204.52 0.99  You
  204.52   204.74 0.99  are
  204.74   204.86 1.00  the
  204.86   205.26 0.99  operator
  205.26   205.62 0.27  and
  205.62   205.88 1.00  you
  205.88   206.12 1.00  hold
  206.12   206.30 1.00  the
  206.30   206.58 0.98  sole
  206.58   207.02 1.00  authority
  207.02   207.26 0.83  in
  207.26   207.56 1.00  deciding
  207.56   207.80 1.00  if
  207.80   207.94 1.00  the
  207.94   208.20 1.00  final
  208.20   208.58 1.00  answer
  208.58   209.08 1.00  actually
  209.08   209.36 1.00  holds
  209.36   209.48 1.00  up
  209.48   209.62 1.00  to
  209.62   209.86 1.00  reality.
  210.82   211.02 1.00  Once
  211.02   211.18 0.99  your
  211.18   211.54 1.00  evaluation
  211.54   211.78 1.00  is
  211.78   212.12 1.00  complete,
  212.36   212.62 0.99  it's
  212.62   212.76 1.00  time
  212.76   212.90 1.00  to
  212.90   213.02 1.00  take
  213.02   213.34 1.00  action.
  213.84   214.00 0.99  You
  214.00   214.12 1.00  have
  214.12   214.34 0.95  three
  214.34   214.68 1.00  choices.
  215.18   215.32 1.00  If
  215.32   215.42 1.00  the
  215.42   215.58 1.00  answer
  215.58   215.74 0.99  is
  215.74   215.84 1.00  good
  215.84   216.08 1.00  enough,
  216.46   216.66 1.00  use
  216.66   216.88 1.00  it.
  217.24   217.38 1.00  If
  217.38   217.54 0.99  it's
  217.54   217.72 0.99  close
  217.72   217.92 0.91  but
  217.92   218.20 1.00  flawed,
  218.64   218.82 0.99  fix
  218.82   219.08 1.00  it
  219.08   219.38 0.88  by
  219.38   219.68 1.00  telling
  219.68   219.86 1.00  the
  219.86   220.12 1.00  AI
  220.12   220.28 1.00  what
  220.28   220.42 1.00  to
  220.42   220.70 1.00  change
  220.70   221.00 0.97  or
  221.00   221.36 0.99  rewriting
  221.36   221.68 1.00  it.
  222.02   222.18 0.97  And
  222.18   222.26 0.98  if
  222.26   222.44 1.00  it's
  222.44   222.66 1.00  failing,
  223.04   223.24 1.00  walk
  223.24   223.52 1.00  away
  223.52   223.78 0.98  and
  223.78   224.00 1.00  try
  224.00   224.10 0.96  a
  224.10   224.24 1.00  different
  224.24   224.56 1.00  approach.
  224.94   225.14 0.99  If
  225.14   225.28 1.00  you
  225.28   225.54 1.00  do
  225.54   225.82 0.99  choose
  225.82   225.98 1.00  to
  225.98   226.10 1.00  fix
  226.10   226.34 1.00  it,
  226.34   226.76 0.57  follow
  226.76   226.94 0.99  a
  226.94   227.20 1.00  strict
  227.20   227.76 1.00  protocol.
  228.52   228.60 0.97  Whenever
  228.60   228.90 1.00  an
  228.90   229.22 1.00  answer
  229.22   229.52 1.00  is
  229.52   230.06 1.00  revised
  230.06   230.54 0.98  or
  230.54   231.14 0.99  redirected
  231.14   231.44 1.00  by
  231.44   231.58 1.00  the
  231.58   231.90 0.97  AI,
  232.36   232.62 0.99  that
  232.62   232.86 1.00  new
  232.86   233.26 1.00  output
  233.26   233.56 1.00  must
  233.56   233.78 1.00  go
  233.78   234.10 0.99  right
  234.10   234.42 1.00  back
  234.42   234.72 1.00  through
  234.72   234.88 1.00  the
  234.88   235.42 0.99  evaluation
  235.42   235.82 1.00  loop
  235.82   236.22 0.98  before
  236.22   236.40 1.00  you
  236.40   236.62 1.00  use
  236.62   236.92 1.00  it.
  237.64   237.86 0.92  Rigorous
  237.86   238.42 1.00  evaluation
  238.42   238.94 1.00  acts
  238.94   239.32 1.00  as
  239.32   239.46 1.00  a
  239.46   239.80 1.00  filter,
  240.16   240.54 1.00  clearing
  240.54   240.74 1.00  the
  240.74   240.98 0.99  path
  240.98   241.32 0.98  so
  241.32   241.56 0.99  you
  241.56   241.72 1.00  can
  241.72   242.14 1.00  navigate
  242.14   242.58 1.00  directly
  242.58   243.00 0.98  toward
  243.00   243.26 1.00  a
  243.26   243.78 0.99  final
  243.78   244.34 0.55  usable
  244.34   244.84 1.00  outcome.
  245.50   245.84 0.99  Let's
  245.84   245.94 1.00  look
  245.94   246.06 0.99  at
  246.06   246.18 1.00  an
  246.18   246.54 1.00  example.
  247.38   247.50 0.99  The
  247.50   247.82 1.00  AI
  247.82   248.10 0.99  claims
  248.10   248.28 0.93  a
  248.28   248.62 0.98  scholarship
  248.62   249.08 1.00  deadline
  249.08   249.54 1.00  is
  249.54   249.76 0.99  March
  249.76   250.52 0.79  1st,
  250.60   250.90 1.00  but
  250.90   251.40 0.99  actual
  251.40   251.74 1.00  evidence
  251.74   251.98 1.00  from
  251.98   252.12 1.00  the
  252.12   252.40 0.95  official
  252.40   252.86 0.99  calendar
  252.86   253.30 0.99  lists
  253.30   253.78 0.97  February
  253.78   254.72 0.94  15th.
  254.72   255.26 0.97  So
  255.26   255.74 0.32  we
  255.74   255.94 0.91  fix
  255.94   256.12 1.00  the
  256.12   256.34 1.00  claim.
  256.90   257.04 0.99  The
  257.04   257.52 0.93  AI's
  257.52   257.82 1.00  answer
  257.82   258.22 0.99  is
  258.22   258.58 0.96  not
  258.58   259.24 0.98  evidence.
  260.02   260.14 0.99  Hard
  260.14   260.60 1.00  evidence
  260.60   261.14 1.00  dictates
  261.14   261.44 1.00  the
  261.44   261.70 1.00  final
  261.70   262.02 1.00  text.
  263.00   263.14 0.98  And
  263.14   263.32 1.00  that
  263.32   263.54 1.00  brings
  263.54   263.76 1.00  us
  263.76   264.08 1.00  to
  264.08   264.28 1.00  the
  264.28   264.74 1.00  definitive
  264.74   265.10 0.97  rule
  265.10   265.32 1.00  of
  265.32   265.56 1.00  working
  265.56   265.88 1.00  with
  265.88   266.26 0.97  artificial
  266.26   266.90 1.00  intelligence,
  267.22   267.56 1.00  as
  267.56   267.72 0.58  this
  267.72   267.90 1.00  banner
  267.90   268.24 1.00  shows.
  268.84   269.08 0.98  The
  269.08   269.36 0.99  tool
  269.36   269.90 1.00  answers,
  270.34   270.72 0.95  you
  270.72   271.26 1.00  evaluate.
  271.96   272.12 1.00  To
  272.12   272.52 0.99  utilize
  272.52   272.88 0.99  AI
  272.88   273.38 1.00  safely
  273.38   273.78 0.99  and
  273.78   274.22 1.00  effectively,
  274.62   274.86 1.00  you
  274.86   275.16 1.00  have
  275.16   275.34 1.00  to
  275.34   275.56 1.00  own
  275.56   275.72 1.00  the
  275.72   276.06 1.00  outcome.
  276.58   276.78 0.99  And
  276.78   276.92 1.00  you
  276.92   277.06 1.00  do
  277.06   277.26 1.00  that
  277.26   277.42 0.99  by
  277.42   277.68 1.00  making
  277.68   277.94 1.00  sure
  277.94   278.14 1.00  you
  278.14   278.48 1.00  always
  278.48   278.90 1.00  read,
  279.38   279.82 1.00  understand,
  280.36   280.52 1.00  and
  280.52   280.92 1.00  validate
  280.92   281.08 1.00  the
  281.08   281.34 1.00  results.
