# critical-thinking.mp4  1280x720  duration=3:17.83  step=0.5s  thr=45.0
# target: fixed 4 px at 720p (6 px at 1080p), Edit Spec section 5 (2026-09-26); widths are SOLID pixels at thr, true width is about +0.5
# time      color    stroke   L    R    T    B    bbox(x,y,w,h)
 0:12.50  blue       6.0   6.0  6.0  6.0  6.0   (66, 134, 540, 248)
 0:13.00  blue       6.0   6.0  6.0  6.0  6.0   (66, 134, 540, 248)
 0:13.50  blue       6.0   6.0  6.0  6.0  6.0   (66, 134, 540, 248)
 0:14.00  blue       6.0   6.0  6.0  6.0  6.0   (66, 134, 540, 248)
 0:14.50  blue       6.0   6.0  6.0  6.0  6.0   (66, 134, 540, 248)
 0:15.00  blue       6.0   6.0  6.0  6.0  6.0   (66, 134, 540, 248)
 0:15.50  blue       6.0   6.0  6.0  6.0  6.0   (64, 134, 542, 248)
 0:16.00  blue       6.0   6.0  6.0  6.0  6.0   (64, 134, 542, 248)
 0:16.50  blue       6.0   6.0  6.0  6.0  6.0   (64, 134, 542, 248)
 0:17.00  blue       6.0   6.0  6.0  6.0  6.0   (64, 134, 542, 248)
 0:17.50  blue       6.0   6.0  6.0  6.0  6.0   (64, 134, 542, 248)
 0:18.00  blue       6.0   6.0  6.0  6.0  6.0   (64, 134, 542, 248)
 0:18.50  blue       6.0   6.0  6.0  6.0  6.0   (64, 134, 542, 248)
 0:19.00  blue       6.0   6.0  6.0  6.0  6.0   (64, 134, 542, 248)
 0:19.50  blue       6.0   6.0  6.0  6.0  6.0   (64, 134, 542, 248)
 0:20.00  blue       6.0   6.0  6.0  6.0  6.0   (64, 134, 542, 248)
 0:20.50  blue       6.0   6.0  6.0  6.0  6.0   (64, 134, 542, 248)
 0:21.00  blue       6.0   6.0  6.0  6.0  6.0   (64, 134, 542, 248)
 0:21.50  blue       6.0   6.0  6.0  6.0  6.0   (64, 134, 542, 248)
 0:22.00  teal       7.0   7.0  7.0  7.0  7.0   (675, 133, 544, 250)
 0:22.50  teal       7.0   7.0  7.0  7.0  7.0   (675, 133, 544, 250)
 0:23.00  teal       7.0   7.0  7.0  7.0  7.0   (675, 133, 544, 250)
 0:23.50  teal       7.0   7.0  7.0  7.0  7.0   (675, 133, 544, 250)
 0:24.00  teal       7.0   7.0  7.0  7.0  7.0   (675, 133, 544, 250)
 0:24.50  teal       7.0   7.0  7.0  7.0  7.0   (675, 133, 545, 250)
 0:25.00  teal       7.0   7.0  7.0  7.0  7.0   (675, 133, 545, 250)
 0:25.50  teal       7.0   7.0  7.0  7.0  7.0   (675, 133, 545, 250)
 0:26.00  teal       7.0   7.0  7.0  7.0  7.0   (675, 133, 545, 250)
 0:26.50  teal       7.0   7.0  7.0  7.0  7.0   (675, 133, 545, 250)
 0:27.00  teal       7.0   7.0  7.0  7.0  7.0   (675, 133, 545, 250)
 0:27.50  teal       7.0   7.0  7.0  7.0  7.0   (675, 133, 545, 250)
 0:28.00  teal       7.0   7.0  7.0  7.0  7.0   (675, 133, 545, 250)
 0:28.50  teal       7.0   7.0  7.0  7.0  7.0   (675, 132, 546, 251)
 0:29.00  teal       7.0   7.0  7.0  7.0  7.0   (675, 132, 546, 251)
 0:29.50  teal       7.0   7.0  7.0  7.0  7.0   (675, 132, 546, 251)
 0:30.00  teal       7.0   7.0  7.0  7.0  7.0   (675, 132, 546, 251)
 0:30.50  teal       7.0   7.0  7.0  7.0  7.0   (675, 132, 546, 251)
 0:31.00  teal       7.0   7.0  7.0  7.0  7.0   (675, 132, 546, 251)
 0:31.50  teal       7.0   7.0  7.0  7.0  7.0   (675, 132, 546, 251)
 0:32.00  teal       7.0   7.0  7.0  7.0  7.0   (675, 132, 546, 251)
 0:32.50  teal       7.0   7.0  7.0  7.0  7.0   (675, 132, 546, 251)
 0:33.00  purple     6.5   7.0  6.0  7.0  6.0   (60, 452, 1162, 102)
 0:33.50  purple     7.0   7.0  7.0  7.0  6.0   (60, 452, 1162, 102)
 0:34.00  purple     7.0   7.0  7.0  7.0  6.0   (60, 452, 1162, 102)
 0:34.50  purple     7.0   7.0  7.0  7.0  6.0   (60, 452, 1162, 102)
 0:35.00  purple     7.0   7.0  7.0  7.0  6.0   (60, 452, 1162, 102)
 0:35.50  purple     7.0   7.0  7.0  7.0  6.0   (60, 452, 1162, 102)
 0:36.00  purple     7.0   7.0  7.0  7.0  6.0   (60, 452, 1162, 102)
 0:36.50  purple     7.0   7.0  7.0  7.0  6.0   (60, 452, 1162, 102)
 0:37.00  purple     6.5   6.0  7.0  7.0  6.0   (60, 452, 1162, 102)
 0:37.50  purple     6.5   6.0  7.0  7.0  6.0   (60, 452, 1162, 102)
 0:38.00  purple     6.5   6.0  7.0  7.0  6.0   (60, 452, 1162, 102)
 0:38.50  violet     6.0   6.0  6.0  6.0  6.0   (20, 610, 1242, 82)
 0:39.00  violet     6.0   6.0  6.0  6.0  6.0   (20, 610, 1242, 82)
 0:39.50  violet     6.0   6.0  6.0  6.0  6.0   (20, 610, 1242, 82)
 0:40.00  violet     6.0   6.0  6.0  6.0  6.0   (20, 610, 1242, 82)
 0:40.50  violet     6.0   6.0  6.0  6.0  6.0   (18, 610, 1244, 82)
 0:41.00  violet     6.0   6.0  6.0  6.0  6.0   (18, 610, 1244, 82)
 0:41.50  violet     6.0   6.0  6.0  6.0  6.0   (18, 610, 1244, 82)
 0:42.00  violet     6.0   6.0  6.0  6.0  6.0   (18, 610, 1244, 82)
 0:42.50  violet     6.0   6.0  6.0  6.0  6.0   (18, 610, 1244, 82)
 0:43.00  violet     6.0   6.0  6.0  6.0  6.0   (18, 610, 1244, 82)
 0:43.50  violet     6.0   6.0  6.0  6.0  6.0   (18, 610, 1244, 82)
 0:44.00  violet     6.0   6.0  6.0  6.0  6.0   (18, 610, 1244, 82)
 0:44.50  violet     6.0   6.0  6.0  6.0  6.0   (18, 610, 1244, 82)
 0:45.00  violet     6.0   6.0  6.0  6.0  6.0   (18, 610, 1244, 82)
 0:45.50  violet     6.0   6.0  6.0  6.0  6.0   (18, 610, 1244, 82)
 0:46.00  violet     6.0   6.0  6.0  6.0  6.0   (18, 610, 1244, 82)
 0:46.50  violet     6.0   6.0  6.0  6.0  6.0   (18, 610, 1244, 82)
 0:47.00  violet     6.0   6.0  6.0  6.0  6.0   (18, 610, 1244, 82)
 1:00.00  purple     5.0   8.0  5.0  4.0  5.0   (136, 108, 1009, 91)
 1:00.50  purple     6.5  10.0  6.0  6.0  7.0   (40, 128, 1202, 109)
 1:01.00  amber      6.5   7.0  7.0  6.0  6.0   (162, 248, 594, 472)
 1:01.50  amber      6.0   6.0  6.0  6.0  6.0   (210, 108, 592, 506)
 1:02.00  amber      6.0   6.0  6.0  6.0  6.0   (210, 108, 592, 506)
 1:02.50  amber      6.0   6.0  6.0  6.0  6.0   (210, 108, 592, 506)
 1:03.00  amber      6.0   6.0  6.0  6.0  6.0   (210, 108, 592, 506)
 1:03.50  amber      6.0   6.0  6.0  6.0  6.0   (210, 108, 592, 506)
 1:04.00  amber      6.0   6.0  6.0  6.0  6.0   (210, 108, 592, 506)
 1:04.50  amber      6.0   6.0  6.0  6.0  6.0   (210, 108, 592, 506)
 1:05.00  amber      6.0   6.0  6.0  6.0  6.0   (210, 108, 592, 506)
 1:05.50  amber      6.0   6.0  6.0  6.0  6.0   (210, 108, 592, 506)
 1:06.00  green      7.0   7.0  7.0  7.0  7.0   (706, 107, 574, 507)
 1:06.50  green      7.0   7.0  7.0  7.0  7.0   (478, 107, 594, 507)
 1:07.00  green      7.0   7.0  7.0  7.0  7.0   (478, 107, 594, 507)
 1:07.50  green      7.0   7.0  7.0  7.0  7.0   (478, 107, 594, 507)
 1:08.00  green      7.0   7.0  7.0  7.0  7.0   (478, 107, 594, 507)
 1:08.50  green      7.0   7.0  7.0  7.0  7.0   (478, 107, 594, 507)
 1:09.00  green      7.0   7.0  7.0  7.0  7.0   (478, 107, 594, 507)
 1:09.50  green      7.0   7.0  7.0  7.0  7.0   (478, 107, 594, 507)
 1:10.00  green      7.0   7.0  7.0  7.0  7.0   (478, 107, 594, 507)
 1:10.50  green      7.0   7.0  7.0  7.0  7.0   (478, 107, 594, 507)
 1:11.00  green      7.0   7.0  7.0  7.0  7.0   (507, 123, 573, 487)
 1:11.50  green      5.0   5.0  4.0  5.0  5.0   (626, 185, 484, 412)
 1:12.00  violet     4.0   4.0  4.0  4.0  4.0   (166, 610, 949, 64)
 1:12.50  violet     4.0   4.0  4.0  4.0  4.0   (166, 610, 949, 64)
 1:13.00  violet     4.0   4.0  4.0  4.0  4.0   (166, 610, 949, 64)
 1:13.50  violet     4.0   4.0  4.0  4.0  4.0   (166, 610, 949, 64)
 1:14.00  violet     4.0   4.0  4.0  4.0  4.0   (166, 610, 949, 64)
 1:14.50  violet     4.0   4.0  4.0  4.0  4.0   (166, 610, 949, 64)
 1:15.00  violet     4.0   4.0  4.0  4.0  4.0   (166, 610, 949, 64)
 1:15.50  violet     4.0   4.0  4.0  4.0  4.0   (166, 610, 949, 64)
 1:16.00  violet     4.0   4.0  4.0  4.0  4.0   (166, 610, 949, 64)
 1:16.50  violet     4.0   4.0  4.0  4.0  4.0   (166, 610, 949, 64)
 1:17.00  violet     4.0   4.0  4.0  4.0  4.0   (166, 610, 949, 64)
 2:15.00  purple     6.0   6.0  7.0  6.0  6.0   (28, 152, 243, 398)
 2:15.50  purple     6.0   6.0  7.0  6.0  6.0   (40, 75, 345, 565)
 2:16.00  purple     6.0   6.0  6.0  6.0  6.0   (48, 40, 390, 642)
 2:16.50  purple     6.0   6.0  6.0  6.0  6.0   (48, 40, 390, 642)
 2:17.00  purple     6.0   6.0  6.0  6.0  6.0   (48, 40, 390, 642)
 2:17.50  purple     6.0   6.0  6.0  6.0  6.0   (48, 40, 390, 642)
 2:18.00  purple     6.0   6.0  6.0  6.0  6.0   (48, 40, 390, 642)
 2:18.50  purple     6.0   6.0  6.0  6.0  6.0   (48, 40, 390, 642)
 2:19.00  purple     6.0   6.0  6.0  6.0  6.0   (48, 40, 390, 642)
 2:19.50  purple     6.0   6.0  6.0  6.0  6.0   (48, 40, 390, 642)
 2:20.00  purple     6.0   6.0  6.0  6.0  6.0   (48, 40, 390, 642)
 2:20.50  purple     6.0   6.0  6.0  6.0  6.0   (48, 40, 390, 642)
 2:21.00  purple     6.0   6.0  6.0  6.0  6.0   (48, 40, 390, 642)
 2:21.50  purple     6.0   6.0  6.0  6.0  6.0   (48, 40, 390, 642)
 2:22.00  purple     6.0   6.0  6.0  6.0  6.0   (48, 40, 390, 642)
 2:22.50  purple     6.0   6.0  6.0  6.0  6.0   (48, 40, 390, 642)
 2:23.00  purple     6.0   6.0  6.0  6.0  6.0   (48, 40, 390, 642)
 2:23.50  blue       6.0   6.0  6.0  6.0  6.0   (448, 40, 392, 642)
 2:24.00  blue       6.0   6.0  6.0  6.0  6.0   (448, 40, 392, 642)
 2:24.50  blue       6.0   6.0  6.0  6.0  6.0   (444, 40, 392, 642)
 2:25.00  blue       6.0   6.0  6.0  6.0  6.0   (444, 40, 392, 642)
 2:25.50  blue       6.0   6.0  6.0  6.0  6.0   (444, 40, 392, 642)
 2:26.00  blue       6.0   6.0  6.0  6.0  6.0   (444, 40, 392, 642)
 2:26.50  blue       6.0   6.0  6.0  6.0  6.0   (444, 40, 392, 642)
 2:27.00  blue       6.0   6.0  6.0  6.0  6.0   (444, 40, 392, 642)
 2:27.50  blue       6.0   6.0  6.0  6.0  6.0   (444, 40, 392, 642)
 2:28.00  blue       6.0   6.0  6.0  6.0  6.0   (444, 40, 392, 642)
 2:28.50  blue       6.0   6.0  6.0  6.0  6.0   (444, 40, 392, 642)
 2:29.00  blue       6.0   6.0  6.0  6.0  6.0   (444, 40, 392, 642)
 2:29.50  blue       6.0   6.0  6.0  6.0  6.0   (444, 40, 392, 642)
 2:30.00  blue       6.0   6.0  6.0  6.0  6.0   (444, 40, 392, 642)
 2:30.50  blue       6.0   6.0  6.0  6.0  6.0   (444, 40, 392, 642)
 2:31.00  teal       7.0   7.0  7.0  7.0  7.0   (845, 40, 392, 642)
 2:31.50  teal       7.0   7.0  7.0  7.0  7.0   (533, 40, 393, 642)
 2:32.00  teal       7.0   7.0  7.0  7.0  7.0   (444, 40, 393, 642)
 2:32.50  teal       7.0   7.0  7.0  7.0  7.0   (444, 40, 393, 642)
 2:33.00  teal       7.0   7.0  7.0  7.0  7.0   (444, 40, 393, 642)
 2:33.50  teal       7.0   7.0  7.0  7.0  7.0   (444, 40, 393, 642)
 2:34.00  teal       7.0   7.0  7.0  7.0  7.0   (444, 40, 393, 642)
 2:34.50  teal       7.0   7.0  7.0  7.0  7.0   (444, 40, 393, 642)
 2:35.00  teal       7.0   7.0  7.0  7.0  7.0   (444, 40, 393, 642)
 2:35.50  teal       7.0   7.0  7.0  7.0  7.0   (444, 40, 393, 642)
 2:36.00  teal       7.0   7.0  7.0  7.0  7.0   (444, 40, 393, 642)
 2:36.50  teal       7.0   7.0  7.0  7.0  7.0   (444, 40, 393, 642)
 2:37.00  teal       7.0   7.0  7.0  7.0  7.0   (444, 40, 393, 642)
 2:37.50  green      7.0   7.0  7.0  7.0  7.0   (685, 40, 392, 642)
 2:38.00  green      7.0   7.0  7.0  7.0  7.0   (444, 40, 393, 642)
 2:38.50  green      7.0   7.0  7.0  7.0  7.0   (444, 40, 393, 642)
 2:39.00  green      7.0   7.0  7.0  7.0  7.0   (444, 40, 393, 642)
 2:39.50  green      7.0   7.0  7.0  7.0  7.0   (444, 40, 393, 642)
 2:40.00  green      7.0   7.0  7.0  7.0  7.0   (444, 40, 393, 642)
 2:40.50  green      7.0   7.0  7.0  7.0  7.0   (444, 40, 393, 642)
 2:41.00  green      7.0   7.0  7.0  7.0  7.0   (444, 40, 393, 642)
 2:41.50  green      7.0   7.0  7.0  7.0  7.0   (444, 40, 393, 642)
 2:42.00  green      7.0   7.0  7.0  7.0  7.0   (444, 40, 393, 642)
 2:42.50  green      7.0   7.0  7.0  7.0  7.0   (444, 40, 393, 642)
 2:43.00  green      7.0   7.0  7.0  7.0  7.0   (444, 40, 393, 642)
 2:43.50  green      7.0   7.0  7.0  7.0  7.0   (444, 40, 393, 642)
 2:44.00  green      7.0   7.0  7.0  7.0  7.0   (444, 40, 393, 642)
 2:44.50  green      7.0   7.0  7.0  7.0  7.0   (444, 40, 393, 642)
 2:45.00  green      7.0   7.0  7.0  7.0  7.0   (444, 40, 393, 642)
 2:45.50  green      7.0   7.0  7.0  7.0  7.0   (444, 40, 393, 642)
 2:46.00  green      7.0   7.0  7.0  7.0  7.0   (444, 40, 393, 642)
 2:46.50  amber      6.0   6.0  6.0  6.0  6.0   (844, 40, 390, 642)
 2:47.00  amber      6.0   6.0  6.0  6.0  6.0   (844, 40, 390, 642)
 2:47.50  amber      6.0   6.0  6.0  6.0  6.0   (844, 40, 390, 642)
 2:48.00  amber      6.0   6.0  6.0  6.0  6.0   (844, 40, 390, 642)
 2:48.50  amber      6.0   6.0  6.0  6.0  6.0   (844, 40, 390, 642)
 2:49.00  amber      6.0   6.0  6.0  6.0  6.0   (844, 40, 390, 642)
 2:49.50  amber      6.0   6.0  6.0  6.0  6.0   (844, 40, 390, 642)
 2:50.00  amber      6.0   6.0  6.0  6.0  6.0   (844, 40, 390, 642)
 2:50.50  amber      6.0   6.0  6.0  6.0  6.0   (844, 40, 390, 642)
 2:51.00  amber      6.0   6.0  6.0  6.0  6.0   (844, 40, 390, 642)
 2:51.50  amber      6.0   6.0  6.0  6.0  6.0   (844, 40, 390, 642)
 2:52.00  amber      6.0   6.0  6.0  6.0  6.0   (844, 40, 390, 642)
 2:52.50  amber      6.0   6.0  6.0  6.0  6.0   (844, 40, 390, 642)
 2:53.00  amber      6.0   6.0  6.0  6.0  6.0   (858, 50, 378, 620)
 2:53.50  amber      6.0   6.0  6.0  6.0  6.0   (980, 132, 270, 442)
 2:54.00  amber      6.0   6.0  6.0  6.0  6.0   (1012, 152, 242, 398)
 2:54.50  amber      6.0   6.0  6.0  6.0  6.0   (1012, 152, 242, 398)
 2:55.00  violet     6.0   6.0  6.0  6.0  6.0   (28, 568, 1226, 82)
 2:55.50  violet     6.0   6.0  6.0  6.0  6.0   (28, 568, 1226, 82)
 2:56.00  violet     6.0   6.0  6.0  6.0  6.0   (28, 568, 1226, 82)
 2:56.50  violet     6.0   6.0  6.0  6.0  6.0   (28, 568, 1226, 82)
 2:57.00  violet     6.0   6.0  6.0  6.0  6.0   (28, 568, 1226, 82)
 2:57.50  violet     6.0   6.0  6.0  6.0  6.0   (28, 568, 1226, 82)
 2:58.00  violet     6.0   6.0  6.0  6.0  6.0   (28, 568, 1226, 82)
 2:58.50  violet     6.0   6.0  6.0  6.0  6.0   (28, 568, 1226, 82)
 2:59.00  violet     6.0   6.0  6.0  6.0  6.0   (28, 568, 1226, 82)
 2:59.50  violet     6.0   6.0  6.0  6.0  6.0   (28, 568, 1226, 82)
 3:00.00  violet     6.0   6.0  6.0  6.0  6.0   (28, 568, 1226, 82)
 3:00.50  violet     6.0   6.0  6.0  6.0  6.0   (28, 568, 1226, 82)
 3:01.00  violet     6.0   6.0  6.0  6.0  6.0   (28, 568, 1226, 82)
 3:07.00  gold       2.0   2.0  3.0  2.0  2.0   (710, 198, 436, 428)
 3:07.50  gold       2.5   3.0  4.0  2.0  2.0   (710, 94, 436, 532)
 3:08.00  gold       3.0   4.0  4.0  2.0  2.0   (710, 93, 436, 534)
 3:08.50  gold       3.5   4.0  4.0  2.0  3.0   (710, 93, 436, 534)
 3:09.00  gold       3.5   4.0  4.0  2.0  3.0   (710, 93, 436, 534)

# 203 ring samples in 27 runs; stroke histogram (rounded px): 2 px: 2, 3 px: 1, 4 px: 13, 5 px: 2, 6 px: 114, 7 px: 71
# runs (start, end, color, median stroke, min-max, samples)
 0:12.50 -  0:21.50  blue      6.0   6.0- 6.0   19
 0:22.00 -  0:32.50  teal      7.0   7.0- 7.0   22
 0:33.00 -  0:38.00  purple    7.0   6.5- 7.0   11
 0:38.50 -  0:47.00  violet    6.0   6.0- 6.0   18
 1:00.00 -  1:00.00  purple    5.0   5.0- 5.0    1
 1:00.50 -  1:00.50  purple    6.5   6.5- 6.5    1
 1:01.00 -  1:01.00  amber     6.5   6.5- 6.5    1
 1:01.50 -  1:05.50  amber     6.0   6.0- 6.0    9
 1:06.00 -  1:06.00  green     7.0   7.0- 7.0    1
 1:06.50 -  1:11.00  green     7.0   7.0- 7.0   10
 1:11.50 -  1:11.50  green     5.0   5.0- 5.0    1
 1:12.00 -  1:17.00  violet    4.0   4.0- 4.0   11
 2:15.00 -  2:15.00  purple    6.0   6.0- 6.0    1
 2:15.50 -  2:15.50  purple    6.0   6.0- 6.0    1
 2:16.00 -  2:23.00  purple    6.0   6.0- 6.0   15
 2:23.50 -  2:30.50  blue      6.0   6.0- 6.0   15
 2:31.00 -  2:31.00  teal      7.0   7.0- 7.0    1
 2:31.50 -  2:31.50  teal      7.0   7.0- 7.0    1
 2:32.00 -  2:37.00  teal      7.0   7.0- 7.0   11
 2:37.50 -  2:37.50  green     7.0   7.0- 7.0    1
 2:38.00 -  2:46.00  green     7.0   7.0- 7.0   17
 2:46.50 -  2:53.00  amber     6.0   6.0- 6.0   14
 2:53.50 -  2:53.50  amber     6.0   6.0- 6.0    1
 2:54.00 -  2:54.50  amber     6.0   6.0- 6.0    2
 2:55.00 -  3:01.00  violet    6.0   6.0- 6.0   13
 3:07.00 -  3:07.00  gold      2.0   2.0- 2.0    1
 3:07.50 -  3:09.00  gold      3.2   2.5- 3.5    4
