# work-changes.mp4  1280x720  duration=5:28.27  step=0.5s  thr=45.0
# target: fixed 4 px at 720p (6 px at 1080p), Edit Spec section 5 (2026-09-26); widths are SOLID pixels at thr, true width is about +0.5
# time      color    stroke   L    R    T    B    bbox(x,y,w,h)
 0:19.00  gold       2.0   2.0  2.0  2.0  2.0   (688, 161, 516, 470)
 0:19.50  gold       2.0   2.0  2.0  2.0  2.0   (683, 161, 521, 471)
 0:20.00  gold       2.0   2.0  2.0  2.0  2.0   (594, 161, 610, 471)
 0:20.50  gold       2.0   2.0  2.0  2.0  2.0   (594, 161, 610, 471)
 0:21.00  gold       4.0   4.0  4.0  4.0  3.0   (404, 228, 220, 318)
 0:21.50  gold       4.0   4.0  4.0  4.0  4.0   (404, 228, 220, 318)
 0:22.00  gold       4.0   4.0  4.0  4.0  4.0   (404, 228, 220, 318)
 0:22.50  gold       4.0   4.0  4.0  4.0  4.0   (404, 228, 220, 318)
 0:23.00  gold       4.0   4.0  4.0  4.0  4.0   (404, 228, 220, 318)
 0:23.50  gold       4.5   4.0  4.0  5.0  6.0   (404, 226, 220, 322)
 0:32.00  blue       4.0   5.0  4.0  4.0  4.0   (242, 84, 444, 328)
 0:32.50  blue       8.0   8.0  8.0  8.0  8.0   (206, 38, 864, 642)
 0:33.00  blue       8.0   8.0  8.0  8.0  8.0   (206, 38, 870, 644)
 0:33.50  blue       8.0   8.0  8.0  8.0  8.0   (206, 38, 870, 644)
 0:34.00  blue       8.0   8.0  8.0  8.0  8.0   (206, 38, 870, 644)
 0:34.50  blue       8.0   8.0  8.0  8.0  8.0   (206, 38, 870, 644)
 0:35.00  blue       8.0   8.0  8.0  8.0  8.0   (206, 38, 870, 644)
 0:35.50  blue       8.0   8.0  8.0  8.0  8.0   (206, 38, 870, 644)
 0:36.00  blue       8.0   8.0  8.0  8.0  8.0   (206, 38, 870, 644)
 0:36.50  blue       8.0   8.0  8.0  8.0  8.0   (206, 38, 870, 644)
 0:37.00  blue       8.0   8.0  8.0  8.0  8.0   (206, 38, 870, 644)
 0:37.50  amber      8.5   9.0  9.0  8.0  8.0   (900, 38, 380, 644)
 0:38.00  amber      8.0   9.0  8.0  8.0  8.0   (210, 38, 870, 644)
 0:38.50  amber      8.0   8.0  9.0  8.0  8.0   (206, 38, 870, 644)
 0:39.00  amber      8.0   8.0  9.0  8.0  8.0   (206, 38, 870, 644)
 0:39.50  amber      8.0   8.0  9.0  8.0  8.0   (206, 38, 870, 644)
 0:40.00  amber      8.0   8.0  9.0  8.0  8.0   (206, 38, 870, 644)
 0:40.50  amber      8.0   8.0  9.0  8.0  8.0   (206, 38, 870, 644)
 0:41.00  amber      8.0   8.0  9.0  8.0  8.0   (206, 38, 870, 644)
 0:41.50  amber      8.0   8.0  9.0  8.0  8.0   (206, 38, 870, 644)
 0:42.00  amber      8.0   8.0  9.0  8.0  8.0   (206, 38, 870, 644)
 0:42.50  amber      8.0   8.0  9.0  8.0  8.0   (206, 38, 870, 644)
 0:43.00  amber      8.0   8.0  9.0  8.0  8.0   (206, 38, 870, 644)
 0:43.50  amber      8.0   8.0  9.0  8.0  8.0   (206, 38, 870, 644)
 0:44.00  amber      8.0   8.0  9.0  8.0  8.0   (206, 38, 870, 644)
 0:44.50  amber      8.0   8.0  9.0  8.0  8.0   (206, 38, 870, 644)
 0:45.00  amber      8.0   8.0  9.0  8.0  8.0   (206, 38, 870, 644)
 0:46.00  purple     8.5   8.0  8.0  9.0  9.0   (98, 118, 868, 602)
 0:46.50  purple     8.0   8.0  9.0  8.0  8.0   (205, 38, 871, 644)
 0:47.00  purple     8.0   8.0  9.0  8.0  8.0   (205, 38, 871, 644)
 0:47.50  purple     8.0   8.0  9.0  8.0  8.0   (205, 38, 871, 644)
 0:51.00  purple     8.5   8.0  9.0  8.0  9.0   (206, 38, 870, 645)
 0:51.50  purple     8.5   8.0  9.0  8.0  9.0   (205, 38, 871, 645)
 0:52.00  purple     8.5   8.0  9.0  8.0  9.0   (205, 38, 871, 645)
 0:52.50  teal       9.0   9.0  9.0  9.0  9.0   (622, 37, 658, 646)
 0:52.50  teal      11.5  32.0 21.0  2.0  2.0   (1030, 268, 118, 65)
 0:53.00  teal       9.0   9.0  9.0  9.0  9.0   (205, 37, 871, 646)
 0:53.50  teal       9.0   9.0  9.0  9.0  9.0   (205, 37, 871, 646)
 0:54.00  teal       9.0   9.0  9.0  9.0  9.0   (205, 37, 871, 646)
 0:54.50  teal       9.0   9.0  9.0  9.0  9.0   (205, 37, 871, 646)
 0:55.00  teal       9.0   9.0  9.0  9.0  9.0   (205, 37, 871, 646)
 0:55.50  teal       9.0   9.0  9.0  9.0  9.0   (205, 37, 871, 646)
 0:56.00  teal       9.0   9.0  9.0  9.0  9.0   (205, 37, 871, 646)
 0:56.50  teal       9.0   9.0  9.0  9.0  9.0   (205, 37, 871, 646)
 0:57.00  teal       9.0   9.0  9.0  9.0  9.0   (205, 37, 871, 646)
 0:57.50  teal       9.0   9.0  9.0  9.0  9.0   (205, 37, 871, 646)
 0:58.00  teal       9.0   9.0  9.0  9.0  9.0   (205, 37, 871, 646)
 1:34.50  purple     4.0   6.0  4.0  4.0  4.0   (342, 68, 594, 77)
 1:35.00  purple     6.0   8.0  6.0  6.0  6.0   (128, 116, 1024, 133)
 1:35.50  purple     8.0   8.0  9.0  8.0  8.0   (37, 137, 1206, 157)
 1:36.00  purple     8.0   8.0  9.0  8.0  8.0   (37, 137, 1206, 157)
 1:36.50  purple     8.0   8.0  9.0  8.0  8.0   (37, 137, 1206, 157)
 1:37.00  purple     8.0   8.0  9.0  8.0  8.0   (37, 137, 1206, 157)
 1:37.50  purple     8.0   8.0  9.0  8.0  8.0   (37, 137, 1206, 157)
 1:38.00  purple     8.0   8.0  9.0  8.0  8.0   (37, 137, 1206, 157)
 1:38.50  purple     8.0   8.0  9.0  8.0  8.0   (37, 137, 1206, 157)
 1:39.00  purple     8.0   8.0  9.0  8.0  8.0   (37, 137, 1206, 157)
 1:39.50  purple     8.0   8.0  9.0  8.0  8.0   (37, 137, 1206, 157)
 1:40.00  purple     8.0   8.0  9.0  8.0  8.0   (37, 137, 1206, 157)
 1:40.50  purple     8.0   8.0  8.0  9.0  8.0   (37, 137, 1206, 157)
 1:41.00  purple     8.0   8.0  8.0  9.0  8.0   (37, 137, 1206, 157)
 1:41.50  purple     8.0   8.0  8.0  9.0  8.0   (37, 137, 1206, 157)
 1:42.00  purple     8.0   8.0  8.0  9.0  8.0   (37, 137, 1206, 157)
 1:42.50  purple     8.0   8.0  8.0  9.0  8.0   (37, 137, 1206, 157)
 1:43.00  purple     8.0   9.0  8.0  8.0  8.0   (53, 310, 606, 410)
 1:43.50  purple     8.5   9.0  8.0  9.0  8.0   (253, 77, 716, 636)
 1:44.00  purple     8.0   8.0  9.0  8.0  8.0   (276, 37, 729, 647)
 1:44.50  purple     8.0   8.0  9.0  8.0  8.0   (276, 37, 729, 647)
 1:45.00  purple     8.0   8.0  9.0  8.0  8.0   (276, 37, 729, 647)
 1:45.50  purple     8.0   8.0  9.0  8.0  8.0   (276, 37, 729, 647)
 1:46.00  purple     8.0   8.0  9.0  8.0  8.0   (276, 37, 729, 647)
 1:46.50  purple     8.0   8.0  9.0  8.0  8.0   (276, 37, 729, 647)
 1:47.00  purple     8.0   8.0  9.0  8.0  8.0   (276, 37, 729, 647)
 1:47.50  purple     8.0   8.0  9.0  8.0  8.0   (276, 37, 729, 647)
 1:48.00  purple     8.0   8.0  9.0  8.0  8.0   (276, 37, 729, 647)
 1:48.50  purple     8.0   8.0  9.0  8.0  8.0   (276, 37, 729, 647)
 1:49.00  purple     8.0   8.0  9.0  8.0  8.0   (276, 37, 729, 647)
 1:49.50  purple     8.0   8.0  9.0  8.0  8.0   (276, 37, 729, 647)
 1:50.00  purple     8.0   8.0  9.0  8.0  8.0   (276, 37, 729, 647)
 1:50.50  purple     8.0   8.0  9.0  8.0  8.0   (276, 37, 729, 647)
 1:51.00  purple     8.0   8.0  9.0  8.0  8.0   (276, 37, 729, 647)
 1:58.00  purple    10.0  10.0 10.0 10.0 10.0   (211, 186, 859, 350)
 1:58.50  purple    10.0  10.0 10.0 10.0 10.0   (211, 186, 859, 350)
 1:59.00  purple    10.0  10.0 10.0 10.0 10.0   (211, 186, 859, 350)
 1:59.50  purple    10.0  10.0 10.0 10.0 10.0   (211, 186, 859, 350)
 2:00.00  purple    10.0  10.0 10.0 10.0 10.0   (211, 186, 859, 350)
 2:00.50  purple    10.0  10.0 10.0 10.0 10.0   (211, 186, 859, 350)
 2:01.00  purple    10.0  10.0 10.0 10.0 10.0   (211, 186, 859, 350)
 2:01.50  purple    10.0  10.0 10.0 10.0 10.0   (211, 186, 859, 350)
 2:02.00  purple    10.0  10.0 10.0 10.0 10.0   (211, 186, 859, 350)
 2:02.50  purple    10.0  10.0 10.0 10.0 10.0   (211, 186, 859, 350)
 2:03.00  purple    10.0  10.0 10.0 10.0 10.0   (211, 186, 859, 350)
 2:03.50  purple    10.0  10.0 10.0 10.0 10.0   (212, 516, 858, 204)
 2:04.00  purple    10.0  10.0 10.0 10.0 10.0   (212, 270, 858, 253)
 2:04.50  purple    10.0  10.0 10.0 10.0 10.0   (212, 234, 858, 252)
 2:05.00  purple    10.0  10.0 10.0 10.0 10.0   (212, 234, 858, 252)
 2:05.50  purple    10.0  10.0 10.0 10.0 10.0   (212, 234, 858, 252)
 2:06.00  purple    10.0  10.0 10.0 10.0 10.0   (212, 234, 858, 252)
 2:06.50  purple    10.0  10.0 10.0 10.0 10.0   (211, 234, 859, 253)
 2:07.00  purple    10.0  10.0 10.0 10.0 10.0   (211, 234, 859, 253)
 2:07.50  purple    10.0  10.0 10.0 10.0 10.0   (211, 234, 859, 253)
 2:08.00  purple    10.0  10.0 10.0 10.0 10.0   (212, 508, 858, 200)
 2:08.50  purple    10.0  10.0 10.0 10.0 10.0   (212, 366, 858, 200)
 2:09.00  purple    10.0  10.0 10.0 10.0 10.0   (212, 366, 858, 200)
 2:09.50  purple    10.0  10.0 10.0 10.0 10.0   (212, 366, 858, 200)
 2:13.50  purple    10.0  10.0 10.0 10.0 10.0   (211, 365, 859, 201)
 2:14.50  amber      8.0   8.0  8.0  8.0  8.0   (476, 0, 770, 434)
 2:15.00  amber      8.0   8.0  9.0  8.0  8.0   (276, 38, 730, 646)
 2:15.50  amber      8.0   8.0  9.0  8.0  8.0   (276, 38, 730, 646)
 2:16.00  amber      8.0   8.0  9.0  8.0  8.0   (276, 38, 730, 646)
 2:16.50  amber      8.0   8.0  9.0  8.0  8.0   (276, 38, 730, 646)
 2:17.00  amber      8.0   8.0  9.0  8.0  8.0   (276, 38, 730, 646)
 2:17.50  amber      8.0   8.0  9.0  8.0  8.0   (276, 38, 730, 646)
 2:18.00  amber      8.0   8.0  9.0  8.0  8.0   (276, 38, 730, 646)
 2:23.50  amber      8.5   8.0  9.0  8.0  9.0   (275, 37, 731, 647)
 2:24.00  amber      8.5   8.0  9.0  8.0  9.0   (275, 37, 731, 647)
 2:24.50  amber      8.5   8.0  9.0  8.0  9.0   (275, 37, 731, 647)
 2:25.00  amber      8.5   8.0  9.0  8.0  9.0   (275, 37, 731, 647)
 2:25.50  amber      8.5   8.0  9.0  8.0  9.0   (275, 37, 731, 647)
 2:26.00  amber      8.5   8.0  9.0  8.0  9.0   (275, 37, 731, 647)
 2:26.50  amber      8.5   8.0  9.0  8.0  9.0   (275, 37, 731, 647)
 2:27.00  amber      8.5   8.0  9.0  8.0  9.0   (275, 37, 731, 647)
 2:27.50  amber      8.5   8.0  9.0  8.0  9.0   (275, 37, 731, 647)
 2:28.00  amber      8.5   8.0  9.0  8.0  9.0   (275, 37, 731, 647)
 2:28.50  amber     10.0  10.0 10.0 10.0 10.0   (266, 504, 750, 216)
 2:29.00  amber     10.5  10.0 11.0 11.0 10.0   (211, 185, 859, 351)
 2:29.50  amber     10.5  10.0 11.0 11.0 10.0   (211, 185, 859, 351)
 2:30.00  amber     10.5  10.0 11.0 11.0 10.0   (211, 185, 859, 351)
 2:30.50  amber     10.5  10.0 11.0 11.0 10.0   (211, 185, 859, 351)
 2:31.00  amber     10.5  10.0 11.0 11.0 10.0   (211, 185, 859, 351)
 2:31.50  amber     10.5  10.0 11.0 11.0 10.0   (211, 185, 859, 351)
 2:32.00  amber     10.5  11.0 11.0 10.0 10.0   (211, 185, 859, 351)
 2:32.50  amber     10.5  11.0 11.0 10.0 10.0   (211, 185, 859, 351)
 2:33.00  amber     10.5  11.0 11.0 10.0 10.0   (211, 185, 859, 351)
 2:33.50  amber     10.0  10.0 10.0 10.0 10.0   (211, 526, 859, 194)
 2:34.00  amber     10.0  10.0 10.0 10.0 10.0   (211, 280, 859, 302)
 2:34.50  amber     10.0  10.0 10.0 10.0 10.0   (211, 209, 859, 303)
 2:35.00  amber     10.0  10.0 10.0 10.0 10.0   (211, 209, 859, 303)
 2:35.50  amber     10.0  10.0 10.0 10.0 10.0   (211, 209, 859, 303)
 2:36.00  amber     10.0  10.0 10.0 10.0 10.0   (211, 209, 859, 303)
 2:36.50  amber     10.0  10.0 10.0 10.0 10.0   (211, 209, 859, 303)
 2:37.00  amber     10.0  10.0 10.0 10.0 10.0   (211, 209, 859, 303)
 2:37.50  amber     10.0  10.0 10.0 10.0 10.0   (211, 209, 859, 303)
 2:38.00  amber     10.0  10.0 10.0 10.0 10.0   (211, 209, 859, 303)
 2:38.50  amber     10.0  10.0 10.0 10.0 10.0   (211, 209, 859, 303)
 2:39.00  amber     10.0  10.0 10.0 10.0 10.0   (211, 209, 859, 303)
 2:39.50  amber     10.0  10.0 10.0 10.0 10.0   (211, 209, 859, 303)
 2:40.00  amber     10.0  10.0 10.0 10.0 10.0   (211, 209, 859, 303)
 2:40.50  amber     10.0  10.0 10.0 11.0 10.0   (211, 209, 859, 303)
 2:41.00  amber     10.0  10.0 10.0 11.0 10.0   (211, 209, 859, 303)
 2:41.50  amber     10.0  10.0 10.0 11.0 10.0   (211, 209, 859, 303)
 2:42.00  amber     10.0  10.0 10.0 10.0 11.0   (211, 505, 859, 200)
 2:42.50  amber     10.0  10.0 10.0 11.0 10.0   (211, 367, 859, 199)
 2:43.00  amber     10.0  10.0 10.0 11.0 10.0   (211, 367, 859, 199)
 2:43.50  amber     10.0  10.0 10.0 11.0 10.0   (211, 367, 859, 199)
 2:44.00  amber     10.0  10.0 10.0 11.0 10.0   (211, 367, 859, 199)
 2:44.50  amber     10.0  10.0 10.0 11.0 10.0   (211, 367, 859, 199)
 2:45.00  amber     10.0  10.0 10.0 11.0 10.0   (211, 367, 859, 199)
 2:45.50  amber     10.0  10.0 10.0 11.0 10.0   (211, 367, 859, 199)
 2:46.00  amber     10.0  10.0 10.0 11.0 10.0   (211, 367, 859, 199)
 2:46.50  amber     10.0  10.0 10.0 11.0 10.0   (211, 367, 859, 199)
 2:47.00  amber     10.0  10.0 10.0 11.0 10.0   (211, 367, 859, 199)
 2:47.50  amber     10.0  10.0 10.0 11.0 10.0   (211, 367, 859, 199)
 2:48.00  amber     10.0  10.0 10.0 11.0 10.0   (211, 367, 859, 199)
 3:03.50  gold       4.0   2.0  2.0  6.0  6.0   (476, 182, 328, 251)
 3:05.00  gold       4.0   4.0  4.0  4.0  4.0   (476, 198, 328, 236)
 3:05.50  gold       4.0   4.0  4.0  4.0  4.0   (476, 198, 328, 236)
 3:06.00  gold       4.0   4.0  4.0  4.0  4.0   (476, 198, 328, 236)
 3:13.50  violet     4.0   2.0  5.0  7.0  3.0   (279, 175, 129, 137)
 3:14.00  violet     4.0   2.0  5.0  7.0  3.0   (279, 175, 129, 137)
 3:14.50  violet     4.0   2.0  5.0  7.0  3.0   (279, 175, 129, 137)
 3:15.00  violet     4.0   2.0  5.0  7.0  3.0   (279, 175, 129, 137)
 3:15.50  violet     4.0   2.0  5.0  7.0  3.0   (279, 175, 129, 137)
 3:16.00  violet     4.0   2.0  5.0  7.0  3.0   (279, 175, 129, 137)
 3:16.50  violet     4.0   2.0  5.0  7.0  3.0   (279, 175, 129, 137)
 3:17.00  violet     4.0   2.0  5.0  7.0  3.0   (279, 175, 129, 137)
 3:17.50  purple     6.0   6.0  7.0  6.0  6.0   (27, 103, 607, 483)
 3:17.50  violet     4.0   2.0  5.0  7.0  3.0   (279, 175, 129, 137)
 3:18.00  purple     6.0   6.0  7.0  6.0  6.0   (27, 103, 607, 483)
 3:18.00  violet     4.0   2.0  5.0  7.0  3.0   (279, 175, 129, 137)
 3:18.50  purple     6.0   6.0  7.0  6.0  6.0   (27, 103, 607, 483)
 3:18.50  violet     4.0   2.0  5.0  7.0  3.0   (279, 175, 129, 137)
 3:19.00  purple     6.0   6.0  7.0  6.0  6.0   (27, 103, 607, 483)
 3:19.00  violet     4.0   2.0  5.0  7.0  3.0   (279, 175, 129, 137)
 3:19.50  purple     6.0   6.0  7.0  6.0  6.0   (27, 103, 607, 483)
 3:19.50  violet     4.0   2.0  5.0  7.0  3.0   (279, 175, 129, 137)
 3:20.00  purple     6.0   6.0  7.0  6.0  6.0   (27, 103, 607, 483)
 3:20.00  violet     4.0   2.0  5.0  7.0  3.0   (279, 175, 129, 137)
 3:20.50  purple     6.0   6.0  7.0  6.0  6.0   (27, 103, 607, 483)
 3:20.50  violet     4.0   2.0  5.0  7.0  3.0   (279, 175, 129, 137)
 3:21.00  purple     6.0   6.0  7.0  6.0  6.0   (27, 103, 607, 483)
 3:21.00  violet     4.0   2.0  5.0  7.0  3.0   (279, 175, 129, 137)
 3:21.50  purple     6.0   6.0  7.0  6.0  6.0   (27, 103, 607, 483)
 3:21.50  violet     4.0   2.0  5.0  7.0  3.0   (279, 175, 129, 137)
 3:22.00  purple     6.0   6.0  7.0  6.0  6.0   (27, 103, 607, 483)
 3:22.00  violet     4.0   2.0  5.0  7.0  3.0   (279, 175, 129, 137)
 3:22.50  purple     6.0   6.0  7.0  6.0  6.0   (27, 103, 607, 483)
 3:22.50  violet     4.0   2.0  5.0  7.0  3.0   (279, 175, 129, 137)
 3:23.00  purple     6.0   6.0  7.0  6.0  6.0   (27, 103, 607, 483)
 3:23.00  violet     4.0   2.0  5.0  7.0  3.0   (279, 175, 129, 137)
 3:23.50  purple     6.0   6.0  7.0  6.0  6.0   (27, 103, 607, 483)
 3:23.50  violet     4.0   2.0  5.0  7.0  3.0   (279, 175, 129, 137)
 3:24.00  purple     6.0   6.0  7.0  6.0  6.0   (27, 103, 607, 483)
 3:24.00  violet     4.0   2.0  5.0  7.0  3.0   (279, 175, 129, 137)
 3:24.50  purple     6.0   6.0  7.0  6.0  6.0   (27, 103, 607, 483)
 3:24.50  violet     4.0   2.0  5.0  7.0  3.0   (279, 175, 129, 137)
 3:25.00  purple     6.0   6.0  7.0  6.0  6.0   (27, 103, 607, 483)
 3:25.00  violet     4.0   2.0  5.0  7.0  3.0   (279, 175, 129, 137)
 3:25.50  purple     6.0   6.0  7.0  6.0  6.0   (27, 103, 607, 483)
 3:25.50  violet     4.0   2.0  5.0  7.0  3.0   (279, 175, 129, 137)
 3:26.00  purple     6.0   6.0  7.0  6.0  6.0   (27, 103, 607, 483)
 3:26.00  violet     4.0   2.0  5.0  7.0  3.0   (279, 175, 129, 137)
 3:26.50  purple     6.0   6.0  7.0  6.0  6.0   (27, 103, 607, 483)
 3:26.50  violet     4.0   2.0  5.0  7.0  3.0   (279, 175, 129, 137)
 3:27.00  purple     6.0   6.0  7.0  6.0  6.0   (27, 103, 607, 483)
 3:27.00  violet     4.0   2.0  5.0  7.0  3.0   (279, 175, 129, 137)
 3:27.50  teal       7.0   7.0  7.0  7.0  7.0   (648, 103, 606, 483)
 3:27.50  violet     4.0   2.0  5.0  7.0  3.0   (279, 175, 129, 137)
 3:28.00  teal       7.0   7.0  7.0  7.0  7.0   (648, 103, 606, 483)
 3:28.00  violet     4.0   2.0  5.0  7.0  3.0   (279, 175, 129, 137)
 3:28.50  teal       7.0   7.0  7.0  7.0  7.0   (648, 103, 606, 483)
 3:28.50  violet     4.0   2.0  5.0  7.0  3.0   (279, 175, 129, 137)
 3:29.00  teal       7.0   7.0  7.0  7.0  7.0   (648, 103, 606, 483)
 3:29.00  violet     4.0   2.0  5.0  7.0  3.0   (279, 175, 129, 137)
 3:29.50  teal       7.0   7.0  7.0  7.0  7.0   (648, 103, 606, 483)
 3:29.50  violet     4.0   2.0  5.0  7.0  3.0   (279, 175, 129, 137)
 3:30.00  teal       7.0   7.0  7.0  7.0  7.0   (648, 103, 606, 483)
 3:30.00  violet     4.2   2.0  5.5  7.0  3.0   (279, 175, 129, 137)
 3:30.50  teal       7.0   7.0  7.0  7.0  7.0   (648, 103, 606, 483)
 3:30.50  violet     4.2   2.0  5.5  7.0  3.0   (279, 175, 129, 137)
 3:31.00  teal       7.0   7.0  7.0  7.0  7.0   (648, 103, 606, 483)
 3:31.00  violet     4.2   2.0  5.5  7.0  3.0   (279, 175, 129, 137)
 3:31.50  teal       7.0   7.0  7.0  7.0  7.0   (648, 103, 606, 483)
 3:31.50  violet     4.2   2.0  5.5  7.0  3.0   (279, 175, 129, 137)
 3:32.00  teal       7.0   7.0  7.0  7.0  7.0   (648, 103, 606, 483)
 3:32.00  violet     4.2   2.0  5.5  7.0  3.0   (279, 175, 129, 137)
 3:32.50  teal       7.0   7.0  7.0  7.0  7.0   (648, 103, 606, 483)
 3:32.50  violet     4.2   2.0  5.5  7.0  3.0   (279, 175, 129, 137)
 3:33.00  teal       7.0   7.0  7.0  7.0  7.0   (648, 103, 606, 483)
 3:33.00  violet     4.2   2.0  5.5  7.0  3.0   (279, 175, 129, 137)
 3:33.50  teal       7.0   7.0  7.0  7.0  7.0   (648, 103, 606, 483)
 3:33.50  violet     4.2   2.0  5.5  7.0  3.0   (279, 175, 129, 137)
 3:34.00  teal       7.0   7.0  7.0  7.0  7.0   (648, 103, 606, 483)
 3:34.00  violet     4.2   2.0  5.5  7.0  3.0   (279, 175, 129, 137)
 3:34.50  teal       7.0   7.0  7.0  7.0  7.0   (648, 103, 606, 483)
 3:34.50  violet     4.2   2.0  5.5  7.0  3.0   (279, 175, 129, 137)
 3:35.00  teal       7.0   7.0  7.0  7.0  7.0   (648, 103, 606, 483)
 3:35.00  violet     4.2   2.0  5.5  7.0  3.0   (279, 175, 129, 137)
 3:35.50  teal       7.0   7.0  7.0  7.0  7.0   (648, 103, 606, 483)
 3:35.50  violet     4.2   2.0  5.5  7.0  3.0   (279, 175, 129, 137)
 3:36.00  teal       7.0   7.0  7.0  7.0  7.0   (648, 103, 606, 483)
 3:36.00  violet     4.2   2.0  5.5  7.0  3.0   (279, 175, 129, 137)
 3:36.50  teal       7.0   7.0  7.0  7.0  7.0   (648, 103, 606, 483)
 3:36.50  violet     4.2   2.0  5.5  7.0  3.0   (279, 175, 129, 137)
 3:37.00  teal       7.0   7.0  7.0  7.0  7.0   (648, 103, 606, 483)
 3:37.00  violet     4.2   2.0  5.5  7.0  3.0   (279, 175, 129, 137)
 3:37.50  teal       7.0   7.0  7.0  7.0  7.0   (648, 103, 606, 483)
 3:37.50  violet     4.2   2.0  5.5  7.0  3.0   (279, 175, 129, 137)
 3:38.00  teal       7.0   7.0  7.0  7.0  7.0   (648, 103, 606, 483)
 3:38.00  violet     4.2   2.0  5.5  7.0  3.0   (279, 175, 129, 137)
 3:38.50  teal       7.0   7.0  7.0  7.0  7.0   (648, 103, 606, 483)
 3:38.50  violet     4.2   2.0  5.5  7.0  3.0   (279, 175, 129, 137)
 3:39.00  teal       7.0   7.0  7.0  7.0  7.0   (648, 103, 606, 483)
 3:39.00  violet     4.2   2.0  5.5  7.0  3.0   (279, 175, 129, 137)
 3:39.50  teal       7.0   7.0  7.0  7.0  7.0   (648, 103, 606, 483)
 3:39.50  violet     4.2   2.0  5.5  7.0  3.0   (279, 175, 129, 137)
 3:40.00  teal       7.0   7.0  7.0  7.0  7.0   (648, 103, 606, 483)
 3:40.00  violet     4.2   2.0  5.5  7.0  3.0   (279, 175, 129, 137)
 3:40.50  teal       7.0   7.0  7.0  7.0  7.0   (648, 103, 606, 483)
 3:40.50  violet     4.2   2.0  5.5  7.0  3.0   (279, 175, 129, 137)
 3:41.00  teal       7.0   7.0  7.0  7.0  7.0   (648, 103, 606, 483)
 3:41.00  violet     4.2   2.0  5.5  7.0  3.0   (279, 175, 129, 137)
 3:41.50  teal       7.0   7.0  7.0  7.0  7.0   (648, 103, 606, 483)
 3:41.50  violet     4.2   2.0  5.5  7.0  3.0   (279, 175, 129, 137)
 3:42.00  teal       7.0   7.0  7.0  7.0  7.0   (648, 103, 606, 483)
 3:42.00  violet     4.2   2.0  5.5  7.0  3.0   (279, 175, 129, 137)
 3:42.50  teal       7.0   7.0  7.0  7.0  7.0   (648, 103, 606, 483)
 3:42.50  violet     4.2   2.0  5.5  7.0  3.0   (279, 175, 129, 137)
 3:43.00  teal       7.0   7.0  7.0  7.0  7.0   (648, 103, 606, 483)
 3:43.00  violet     4.2   2.0  5.5  7.0  3.0   (279, 175, 129, 137)
 3:43.50  violet     4.2   2.0  5.5  7.0  3.0   (279, 175, 129, 137)
 3:43.50  violet     6.0   6.0  6.0  6.0  6.0   (28, 606, 1226, 82)
 3:44.00  violet     4.2   2.0  5.5  7.0  3.0   (279, 175, 129, 137)
 3:44.00  violet     6.0   6.0  6.0  6.0  6.0   (28, 606, 1226, 82)
 3:44.50  violet     4.2   2.0  5.5  7.0  3.0   (279, 175, 129, 137)
 3:44.50  violet     6.0   6.0  6.0  6.0  6.0   (28, 606, 1226, 82)
 3:45.00  violet     4.2   2.0  5.5  7.0  3.0   (279, 175, 129, 137)
 3:45.00  violet     6.0   6.0  6.0  6.0  6.0   (28, 606, 1226, 82)
 3:45.50  violet     4.2   2.0  5.5  7.0  3.0   (279, 175, 129, 137)
 3:45.50  violet     6.0   6.0  6.0  6.0  6.0   (28, 606, 1226, 82)
 3:46.00  violet     4.2   2.0  5.5  7.0  3.0   (279, 175, 129, 137)
 3:46.00  violet     6.0   6.0  6.0  6.0  6.0   (28, 606, 1226, 82)
 3:46.50  violet     4.2   2.0  5.5  7.0  3.0   (279, 175, 129, 137)
 3:46.50  violet     6.0   6.0  6.0  6.0  6.0   (28, 606, 1226, 82)
 3:47.00  violet     5.0   2.0  6.0  7.0  4.0   (291, 175, 117, 137)
 3:47.00  violet     6.0   6.0  6.0  6.0  6.0   (28, 606, 1226, 82)
 4:05.50  purple     6.0   6.0  6.0  6.0  7.0   (27, 132, 399, 527)
 4:06.00  purple     6.0   6.0  6.0  6.0  7.0   (27, 132, 399, 527)
 4:14.50  purple     6.0   6.0  6.0  7.0  6.0   (27, 131, 399, 528)
 4:15.00  blue       6.0   6.0  6.0  6.0  6.0   (442, 132, 398, 526)
 4:15.50  blue       6.0   6.0  6.0  6.0  6.0   (442, 132, 398, 526)
 4:16.00  blue       6.0   6.0  6.0  6.0  6.0   (442, 132, 398, 526)
 4:16.50  blue       6.0   6.0  6.0  6.0  6.0   (442, 132, 398, 526)
 4:17.00  blue       6.0   6.0  6.0  6.0  6.0   (442, 132, 398, 526)
 4:17.50  blue       6.0   6.0  6.0  6.0  6.0   (442, 132, 398, 526)
 4:18.00  blue       6.0   6.0  6.0  6.0  6.0   (442, 132, 398, 526)
 4:18.50  blue       6.0   6.0  6.0  6.0  6.0   (442, 132, 398, 526)
 4:19.00  blue       6.0   6.0  6.0  6.0  6.0   (442, 132, 398, 526)
 4:19.50  blue       6.0   6.0  6.0  6.0  6.0   (442, 132, 398, 526)
 4:20.00  blue       6.0   6.0  6.0  6.0  6.0   (442, 132, 398, 526)
 4:20.50  blue       6.0   6.0  6.0  6.0  6.0   (442, 132, 398, 526)
 4:21.00  blue       6.0   6.0  6.0  6.0  6.0   (442, 132, 398, 526)
 4:21.50  blue       6.0   6.0  6.0  6.0  6.0   (442, 132, 398, 526)
 4:22.00  blue       6.0   6.0  6.0  6.0  6.0   (442, 132, 398, 526)
 4:22.50  blue       6.0   6.0  6.0  6.0  6.0   (442, 132, 398, 526)
 4:23.00  blue       6.0   6.0  6.0  6.0  6.0   (442, 132, 398, 526)
 4:23.50  blue       6.0   6.0  6.0  6.0  6.0   (442, 132, 398, 526)
 4:24.00  blue       6.0   6.0  6.0  6.0  6.0   (442, 132, 398, 526)
 4:24.50  blue       6.0   6.0  6.0  6.0  6.0   (442, 132, 398, 526)
 4:25.00  blue       6.0   6.0  6.0  6.0  6.0   (442, 132, 398, 526)
 4:25.50  teal       7.0   7.0  7.0  7.0  7.0   (855, 131, 399, 528)
 4:26.00  teal       7.0   7.0  7.0  7.0  7.0   (855, 131, 399, 528)
 4:26.50  teal       7.0   7.0  7.0  7.0  7.0   (855, 131, 399, 528)
 4:27.00  teal       7.0   7.0  7.0  7.0  7.0   (855, 131, 399, 528)
 4:27.50  teal       7.0   7.0  7.0  7.0  7.0   (855, 131, 399, 528)
 4:28.00  teal       7.0   7.0  7.0  7.0  7.0   (855, 131, 399, 528)
 4:28.50  teal       7.0   7.0  7.0  7.0  7.0   (855, 131, 399, 528)
 4:29.00  teal       7.0   7.0  7.0  7.0  7.0   (855, 131, 399, 528)
 4:29.50  teal       7.0   7.0  7.0  7.0  7.0   (855, 131, 399, 528)
 4:56.50  gold       2.0   2.0  2.0  2.0  2.0   (162, 228, 272, 344)
 4:57.00  gold       2.0   2.0  2.0  2.0  2.0   (162, 228, 272, 345)
 4:57.50  gold       2.0   2.0  2.0  2.0  2.0   (162, 228, 272, 345)
 4:58.00  gold       2.0   2.0  2.0  2.0  2.0   (162, 228, 272, 345)
 4:58.50  gold       2.0   2.0  2.0  2.0  2.0   (162, 228, 272, 345)
 4:59.00  gold       2.0   2.0  2.0  2.0  2.0   (162, 228, 272, 345)
 4:59.50  gold       2.0   2.0  2.0  2.0  2.0   (162, 228, 272, 345)
 5:00.00  gold       2.0   2.0  2.0  2.0  2.0   (162, 228, 272, 345)
 5:00.50  gold       2.0   2.0  2.0  2.0  2.0   (162, 228, 272, 345)
 5:01.00  gold       2.0   2.0  2.0  2.0  2.0   (162, 228, 272, 345)
 5:01.50  gold       2.0   2.0  2.0  2.0  2.0   (162, 228, 272, 345)
 5:02.00  gold       2.0   2.0  2.0  2.0  2.0   (162, 228, 272, 345)
 5:02.50  gold       2.0   2.0  2.0  2.0  2.0   (162, 228, 272, 344)
 5:03.00  gold       2.0   2.0  2.0  2.0  2.0   (162, 228, 272, 344)
 5:03.50  gold       2.0   2.0  2.0  2.0  2.0   (162, 228, 272, 344)
 5:04.00  gold       2.0   2.0  2.0  2.0  2.0   (162, 228, 272, 344)
 5:04.50  gold       2.0   2.0  2.0  2.0  2.0   (162, 228, 272, 344)
 5:05.00  gold       2.0   2.0  2.0  2.0  2.0   (162, 228, 272, 344)
 5:05.50  gold       2.0   2.0  2.0  2.0  2.0   (162, 228, 272, 344)
 5:06.00  gold       2.0   2.0  2.0  2.0  2.0   (162, 228, 272, 344)

# 359 ring samples in 60 runs; stroke histogram (rounded px): 2 px: 24, 4 px: 79, 5 px: 1, 6 px: 53, 7 px: 41, 8 px: 83, 9 px: 12, 10 px: 65, 12 px: 1
# runs (start, end, color, median stroke, min-max, samples)
 0:19.00 -  0:19.50  gold      2.0   2.0- 2.0    2
 0:20.00 -  0:20.50  gold      2.0   2.0- 2.0    2
 0:21.00 -  0:23.50  gold      4.0   4.0- 4.5    6
 0:32.00 -  0:32.00  blue      4.0   4.0- 4.0    1
 0:32.50 -  0:37.00  blue      8.0   8.0- 8.0   10
 0:37.50 -  0:37.50  amber     8.5   8.5- 8.5    1
 0:38.00 -  0:45.00  amber     8.0   8.0- 8.0   15
 0:46.00 -  0:46.00  purple    8.5   8.5- 8.5    1
 0:46.50 -  0:47.50  purple    8.0   8.0- 8.0    3
 0:51.00 -  0:52.00  purple    8.5   8.5- 8.5    3
 0:52.50 -  0:52.50  teal      9.0   9.0- 9.0    1
 0:52.50 -  0:52.50  teal     11.5  11.5-11.5    1
 0:53.00 -  0:58.00  teal      9.0   9.0- 9.0   11
 1:34.50 -  1:34.50  purple    4.0   4.0- 4.0    1
 1:35.00 -  1:35.00  purple    6.0   6.0- 6.0    1
 1:35.50 -  1:42.50  purple    8.0   8.0- 8.0   15
 1:43.00 -  1:43.00  purple    8.0   8.0- 8.0    1
 1:43.50 -  1:43.50  purple    8.5   8.5- 8.5    1
 1:44.00 -  1:51.00  purple    8.0   8.0- 8.0   15
 1:58.00 -  2:03.00  purple   10.0  10.0-10.0   11
 2:03.50 -  2:03.50  purple   10.0  10.0-10.0    1
 2:04.00 -  2:07.50  purple   10.0  10.0-10.0    8
 2:08.00 -  2:08.00  purple   10.0  10.0-10.0    1
 2:08.50 -  2:09.50  purple   10.0  10.0-10.0    3
 2:13.50 -  2:13.50  purple   10.0  10.0-10.0    1
 2:14.50 -  2:14.50  amber     8.0   8.0- 8.0    1
 2:15.00 -  2:18.00  amber     8.0   8.0- 8.0    7
 2:23.50 -  2:28.00  amber     8.5   8.5- 8.5   10
 2:28.50 -  2:28.50  amber    10.0  10.0-10.0    1
 2:29.00 -  2:33.00  amber    10.5  10.5-10.5    9
 2:33.50 -  2:33.50  amber    10.0  10.0-10.0    1
 2:34.00 -  2:34.00  amber    10.0  10.0-10.0    1
 2:34.50 -  2:41.50  amber    10.0  10.0-10.0   15
 2:42.00 -  2:42.00  amber    10.0  10.0-10.0    1
 2:42.50 -  2:48.00  amber    10.0  10.0-10.0   12
 3:03.50 -  3:03.50  gold      4.0   4.0- 4.0    1
 3:05.00 -  3:06.00  gold      4.0   4.0- 4.0    3
 3:13.50 -  3:43.50  violet    4.0   4.0- 4.2   61
 3:17.50 -  3:27.00  purple    6.0   6.0- 6.0   20
 3:27.50 -  3:43.00  teal      7.0   7.0- 7.0   32
 3:43.50 -  3:43.50  violet    6.0   6.0- 6.0    1
 3:44.00 -  3:44.00  violet    4.2   4.2- 4.2    1
 3:44.00 -  3:44.00  violet    6.0   6.0- 6.0    1
 3:44.50 -  3:44.50  violet    4.2   4.2- 4.2    1
 3:44.50 -  3:44.50  violet    6.0   6.0- 6.0    1
 3:45.00 -  3:45.00  violet    4.2   4.2- 4.2    1
 3:45.00 -  3:45.00  violet    6.0   6.0- 6.0    1
 3:45.50 -  3:45.50  violet    4.2   4.2- 4.2    1
 3:45.50 -  3:45.50  violet    6.0   6.0- 6.0    1
 3:46.00 -  3:46.00  violet    4.2   4.2- 4.2    1
 3:46.00 -  3:46.00  violet    6.0   6.0- 6.0    1
 3:46.50 -  3:46.50  violet    4.2   4.2- 4.2    1
 3:46.50 -  3:46.50  violet    6.0   6.0- 6.0    1
 3:47.00 -  3:47.00  violet    5.0   5.0- 5.0    1
 3:47.00 -  3:47.00  violet    6.0   6.0- 6.0    1
 4:05.50 -  4:06.00  purple    6.0   6.0- 6.0    2
 4:14.50 -  4:14.50  purple    6.0   6.0- 6.0    1
 4:15.00 -  4:25.00  blue      6.0   6.0- 6.0   21
 4:25.50 -  4:29.50  teal      7.0   7.0- 7.0    9
 4:56.50 -  5:06.00  gold      2.0   2.0- 2.0   20
