    0.00     0.56 0.77  AI
    0.56     0.98 0.98  makes
    0.98     1.40 1.00  mistakes,
    1.86     2.16 0.99  but
    2.16     2.46 0.98  it
    2.46     2.76 0.99  doesn't
    2.76     3.10 1.00  hesitate.
    3.68     3.72 0.99  It
    3.72     3.96 1.00  uses
    3.96     4.20 1.00  the
    4.20     4.62 0.99  exact
    4.62     5.04 1.00  same
    5.04     5.76 0.99  confident,
    6.14     6.66 1.00  authoritative
    6.66     7.10 1.00  voice
    7.10     7.64 0.52  whether
    7.64     7.80 1.00  the
    7.80     8.04 1.00  facts
    8.04     8.24 1.00  are
    8.24     8.62 0.99  perfectly
    8.62     9.08 1.00  accurate
    9.08     9.70 0.87  or
    9.70    10.20 1.00  completely
   10.20    10.56 1.00  wrong.
   11.28    11.42 0.98  But
   11.42    11.90 0.93  factual
   11.90    12.40 1.00  accuracy
   12.40    12.74 1.00  is
   12.74    13.10 1.00  only
   13.10    13.28 1.00  the
   13.28    13.64 1.00  starting
   13.64    13.96 1.00  point.
   14.48    14.66 0.99  Even
   14.66    14.80 1.00  a
   14.80    15.12 1.00  response
   15.12    15.34 1.00  with
   15.34    15.60 1.00  no
   15.60    16.02 0.99  factual
   16.02    16.40 1.00  mistakes
   16.40    16.74 1.00  can
   16.74    17.04 1.00  fail
   17.04    17.26 1.00  to
   17.26    17.38 1.00  meet
   17.38    17.50 1.00  your
   17.50    17.80 1.00  needs.
   18.28    18.48 1.00  A
   18.48    18.68 1.00  joke
   18.68    18.94 0.99  might
   18.94    19.14 1.00  not
   19.14    19.30 1.00  be
   19.30    19.54 1.00  funny.
   20.04    20.16 1.00  An
   20.16    20.58 1.00  explanation
   20.58    20.96 1.00  might
   20.96    21.22 1.00  leave
   21.22    21.42 1.00  you
   21.42    21.80 1.00  confused.
   22.32    22.46 1.00  A
   22.46    22.70 0.82  multi
   22.70    22.90 0.99  -step
   22.90    23.26 1.00  plan
   23.26    23.56 0.99  might
   23.56    24.02 0.99  simply
   24.02    24.28 1.00  be
   24.28    24.84 0.99  unworkable.
   25.49    25.74 0.63  To
   25.74    26.18 0.99  evaluate
   26.18    26.48 0.99  an
   26.48    26.74 0.99  AI
   26.74    27.14 0.99  response
   27.14    27.74 0.99  effectively,
   28.34    28.36 0.99  you
   28.36    28.52 1.00  must
   28.52    28.84 1.00  ask
   28.84    29.16 0.84  two
   29.16    29.62 1.00  questions
   29.62    30.08 0.97  every
   30.08    30.46 0.99  time.
   31.00    31.08 0.51  Is
   31.08    31.20 1.00  it
   31.20    31.38 0.99  right?
   31.86    32.02 0.93  And
   32.02    32.26 0.97  is
   32.26    32.40 1.00  it
   32.40    32.62 1.00  good
   32.62    32.90 1.00  enough
   32.90    33.22 1.00  for
   33.22    33.36 1.00  what
   33.36    33.48 1.00  I
   33.48    33.68 1.00  need?
   34.62    34.80 0.97  Start
   34.80    35.12 1.00  with
   35.12    35.34 0.97  the
   35.34    35.48 0.51  quick
   35.48    35.72 0.83  pass.
   36.42    36.56 0.99  These
   36.56    36.72 1.00  are
   36.72    36.86 0.99  the
   36.86    37.16 0.96  three
   37.16    37.72 1.00  mandatory
   37.72    38.10 0.98  baseline
   38.10    38.50 1.00  steps
   38.50    38.72 0.99  you
   38.72    39.00 0.99  must
   39.00    39.50 1.00  perform
   39.50    39.80 1.00  before
   39.80    39.98 0.99  you
   39.98    40.40 0.99  utilize
   40.40    40.92 1.00  any
   40.92    41.30 0.99  AI
   41.30    41.66 1.00  output.
   42.46    42.50 0.93  Step
   42.50    42.78 0.26  1
   42.78    43.26 0.94  is
   43.26    43.46 1.00  to
   43.46    43.64 0.96  read.
   44.28    44.38 0.99  Read
   44.38    44.56 1.00  the
   44.56    44.94 1.00  complete
   44.94    45.32 1.00  answer
   45.32    45.80 0.99  before
   45.80    46.04 1.00  you
   46.04    46.26 1.00  use
   46.26    46.46 1.00  it.
   46.76    46.92 1.00  If
   46.92    47.04 1.00  you
   47.04    47.24 1.00  pass
   47.24    47.34 1.00  it
   47.34    47.64 1.00  along,
   47.84    48.00 1.00  you
   48.00    48.20 1.00  take
   48.20    48.78 1.00  responsibility
   48.78    49.14 1.00  for
   49.14    49.30 1.00  what
   49.30    49.40 1.00  it
   49.40    49.60 1.00  says.
   50.62    50.66 0.99  Step
   50.66    50.96 0.97  2
   50.96    51.20 1.00  is
   51.20    51.42 1.00  to
   51.42    51.88 1.00  understand.
   52.44    52.62 1.00  You
   52.62    52.98 0.98  cannot
   52.98    53.24 1.00  judge
   53.24    53.42 1.00  an
   53.42    53.70 1.00  answer
   53.70    53.90 1.00  that
   53.90    54.10 1.00  you
   54.10    54.28 0.99  do
   54.28    54.52 1.00  not
   54.52    54.96 0.01  comprehend.
   55.50    55.66 0.98  If
   55.66    55.76 0.98  a
   55.76    55.96 1.00  section
   55.96    56.16 1.00  is
   56.16    56.42 1.00  dense,
   56.96    57.12 0.99  ask
   57.12    57.30 1.00  the
   57.30    57.56 0.99  AI
   57.56    58.00 1.00  directly.
   58.46    58.82 0.98  Explain
   58.82    59.04 1.00  the
   59.04    59.28 0.99  second
   59.28    59.66 1.00  paragraph
   59.66    59.92 1.00  in
   59.92    60.20 1.00  simpler
   60.20    60.62 1.00  terms.
   61.54    61.54 0.83  Step
   61.54    61.88 0.35  3
   61.88    62.16 0.97  is
   62.16    62.40 1.00  to
   62.40    62.78 0.86  validate.
   63.36    63.62 0.99  Compare
   63.62    63.84 1.00  the
   63.84    64.16 0.99  generated
   64.16    64.58 1.00  answer
   64.58    64.90 1.00  against
   64.90    65.16 1.00  what
   65.16    65.30 1.00  you
   65.30    65.64 1.00  already
   65.64    65.92 1.00  know
   65.92    66.42 0.86  and
   66.42    66.58 1.00  what
   66.58    66.70 1.00  you
   66.70    67.08 0.94  originally
   67.08    67.52 1.00  asked
   67.52    67.82 1.00  for.
   68.18    68.46 1.00  Look
   68.46    68.80 1.00  closely
   68.80    69.04 1.00  for
   69.04    69.38 1.00  anything
   69.38    69.82 1.00  wrong,
   70.18    70.48 1.00  missing,
   70.74    70.92 1.00  or
   70.92    71.20 1.00  not
   71.20    71.56 0.99  useful.
   72.38    72.56 1.00  This
   72.56    72.76 1.00  is
   72.76    72.90 1.00  your
   72.90    73.26 1.00  foundational
   73.26    73.70 0.81  rule.
   74.22    74.36 0.98  Read.
   74.84    75.24 0.98  Understand.
   75.90    76.10 0.90  Validate.
   77.06    77.22 1.00  Some
   77.22    77.54 1.00  answers
   77.54    77.94 1.00  require
   77.94    78.28 1.00  more
   78.28    78.66 1.00  scrutiny
   78.66    78.94 0.99  than
   78.94    79.14 1.00  a
   79.14    79.30 0.93  quick
   79.30    79.58 0.92  pass.
   80.10    80.30 1.00  Use
   80.30    80.54 1.00  these
   80.54    80.78 0.93  three
   80.78    81.16 1.00  questions
   81.16    81.42 1.00  to
   81.42    81.70 1.00  decide
   81.70    81.96 1.00  if
   81.96    82.08 1.00  an
   82.08    82.42 1.00  output
   82.42    82.72 1.00  deserves
   82.72    82.98 0.17  a
   82.98    83.22 0.92  closer
   83.22    83.60 1.00  look.
   84.42    84.60 0.92  First,
   85.18    85.26 0.96  can
   85.26    85.42 1.00  you
   85.42    85.60 1.00  judge
   85.60    85.86 1.00  it?
   86.32    86.54 0.99  Compare
   86.54    86.72 1.00  the
   86.72    86.98 1.00  answer
   86.98    87.28 1.00  against
   87.28    87.50 1.00  what
   87.50    87.64 1.00  you
   87.64    87.84 1.00  know.
   88.28    88.46 0.99  If
   88.46    88.60 1.00  you
   88.60    88.72 0.99  do
   88.72    88.90 1.00  not
   88.90    89.08 1.00  have
   89.08    89.20 0.98  the
   89.20    89.46 0.99  baseline
   89.46    89.78 1.00  knowledge
   89.78    90.02 1.00  to
   90.02    90.20 1.00  judge
   90.20    90.38 1.00  it,
   90.72    90.78 1.00  you
   90.78    91.06 0.98  must
   91.06    91.34 1.00  keep
   91.34    91.70 1.00  checking.
   92.62    92.80 0.99  Second,
   93.32    93.42 0.99  what
   93.42    93.62 1.00  kind
   93.62    93.80 1.00  of
   93.80    93.98 0.99  task
   93.98    94.20 1.00  is
   94.20    94.48 1.00  it?
   94.94    95.14 1.00  Different
   95.14    95.48 1.00  tasks
   95.48    95.98 0.99  require
   95.98    96.40 1.00  different
   96.40    96.66 1.00  checks.
   97.10    97.26 1.00  A
   97.26    97.52 1.00  factual
   97.52    97.90 1.00  answer
   97.90    98.18 1.00  needs
   98.18    98.76 1.00  accuracy.
   99.18    99.26 0.99  A
   99.26    99.58 1.00  draft
   99.58    99.96 1.00  needs
   99.96   100.24 1.00  clear
  100.24   100.52 0.99  writing.
  100.88   101.08 1.00  A
  101.08   101.38 1.00  plan
  101.38   101.78 1.00  must
  101.78   102.02 1.00  be
  102.02   102.42 1.00  workable.
  103.06   103.36 1.00  Third,
  104.24   104.24 1.00  evaluate
  104.24   104.44 1.00  the
  104.44   104.74 1.00  stakes.
  105.46   105.64 0.99  Picking
  105.64   105.84 1.00  a
  105.84   106.04 1.00  movie
  106.04   106.30 1.00  is
  106.30   106.54 0.99  low
  106.54   106.84 0.92  stakes.
  107.34   107.48 1.00  A
  107.48   107.86 1.00  scholarship
  107.86   108.38 1.00  application
  108.38   108.82 0.90  or
  108.82   109.20 1.00  medical
  109.20   109.58 1.00  advice
  109.58   109.86 1.00  about
  109.86   110.00 1.00  an
  110.00   110.40 1.00  injury
  110.40   111.00 0.99  deserves
  111.00   111.38 0.30  far
  111.38   111.60 1.00  more
  111.60   111.92 1.00  care.
  112.56   112.70 0.99  Ask
  112.70   112.96 1.00  yourself,
  113.32   113.54 0.57  how
  113.54   113.72 1.00  much
  113.72   113.88 1.00  is
  113.88   114.10 0.59  writing
  114.10   114.32 1.00  on
  114.32   114.62 1.00  it?
  114.98   115.18 0.97  Match
  115.18   115.36 1.00  your
  115.36   115.80 1.00  verification
  115.80   116.22 0.99  effort
  116.22   116.46 1.00  to
  116.46   116.58 1.00  the
  116.58   116.78 1.00  level
  116.78   116.96 1.00  of
  116.96   117.22 1.00  risk.
  117.72   117.90 0.99  Give
  117.90   118.08 1.00  the
  118.08   118.40 1.00  answer
  118.40   118.64 0.98  the
  118.64   119.04 1.00  attention
  119.04   119.38 1.00  it
  119.38   119.80 1.00  deserves.
  120.52   120.62 0.99  When
  120.62   120.80 1.00  an
  120.80   121.14 0.99  answer
  121.14   121.42 1.00  needs
  121.42   121.68 1.00  a
  121.68   121.96 0.99  closer
  121.96   122.36 1.00  look,
  122.74   122.98 1.00  you
  122.98   123.24 0.99  choose
  123.24   123.46 0.99  the
  123.46   123.96 1.00  specific
  123.96   124.30 0.98  checks
  124.30   124.56 1.00  that
  124.56   124.70 1.00  fit
  124.70   124.88 1.00  your
  124.88   125.18 0.98  task.
  125.62   125.76 0.99  You
  125.76   125.98 1.00  don't
  125.98   126.36 0.99  necessarily
  126.36   126.72 1.00  need
  126.72   126.94 0.99  all
  126.94   127.22 0.94  five
  127.22   127.56 0.96  every
  127.56   127.80 1.00  time.
  128.40   128.56 1.00  You
  128.56   128.80 1.00  can
  128.80   129.12 1.00  check
  129.12   129.30 1.00  the
  129.30   129.60 1.00  sources,
  130.22   130.42 0.99  ask
  130.42   130.62 0.99  for
  130.62   130.96 0.99  sources,
  131.24   131.36 0.90  then
  131.36   131.54 1.00  open
  131.54   131.84 1.00  them.
  132.22   132.32 0.99  Does
  132.32   132.60 1.00  each
  132.60   132.94 1.00  source
  132.94   133.50 1.00  actually
  133.50   133.86 1.00  support
  133.86   134.04 1.00  the
  134.04   134.26 1.00  claim?
  134.76   134.86 0.99  Is
  134.86   134.96 1.00  it
  134.96   135.24 1.00  reliable?
  136.62   136.62 0.99  Challenge
  136.62   136.88 1.00  the
  136.88   137.14 1.00  answer.
  137.82   138.04 1.00  Ask
  138.04   138.28 1.00  the
  138.28   138.56 0.14  tool,
  138.96   139.26 0.97  what's
  139.26   139.40 1.00  the
  139.40   139.80 1.00  strongest
  139.80   140.24 0.99  argument
  140.24   140.58 1.00  against
  140.58   140.94 0.99  this?
  141.50   141.60 0.98  Look
  141.60   141.80 1.00  for
  141.80   142.14 1.00  weaknesses
  142.14   142.52 0.99  you
  142.52   142.80 0.99  hadn't
  142.80   143.16 0.99  considered.
  144.18   144.38 0.99  Ask
  144.38   144.82 0.99  what's
  144.82   145.12 1.00  missing.
  145.82   145.96 0.99  Ask
  145.96   146.24 0.98  AI,
  146.82   146.88 0.74  what
  146.88   147.38 1.00  important
  147.38   147.84 1.00  information
  147.84   148.20 1.00  did
  148.20   148.36 1.00  you
  148.36   148.50 1.00  leave
  148.50   148.74 1.00  out?
  149.24   149.44 0.96  And
  149.44   149.72 0.99  decide
  149.72   149.90 0.99  if
  149.90   150.08 1.00  those
  150.08   150.56 0.99  omissions
  150.56   150.98 0.95  change
  150.98   151.20 0.99  your
  151.20   151.32 1.00  view
  151.32   151.46 1.00  of
  151.46   151.58 1.00  the
  151.58   151.86 1.00  answer.
  152.94   153.06 0.99  Search
  153.06   153.36 1.00  the
  153.36   153.56 0.87  live
  153.56   153.86 0.92  web.
  154.72   154.88 1.00  Ask
  154.88   155.18 0.99  AI
  155.18   155.42 1.00  to
  155.42   155.62 1.00  find
  155.62   156.04 1.00  current
  156.04   156.64 1.00  information,
  156.96   157.20 1.00  then
  157.20   157.80 0.99  manually
  157.80   158.20 1.00  open
  158.20   158.34 1.00  the
  158.34   158.60 1.00  sources
  158.60   158.90 1.00  to
  158.90   159.08 1.00  check
  159.08   159.22 1.00  what
  159.22   159.36 1.00  they
  159.36   159.60 1.00  say.
  160.20   160.56 1.00  Or
  160.56   161.12 0.70  check
  161.12   161.28 1.00  it
  161.28   161.56 1.00  yourself.
  162.12   162.36 1.00  Find
  162.36   162.74 1.00  another
  162.74   162.96 1.00  way
  162.96   163.10 1.00  to
  163.10   163.36 1.00  verify
  163.36   163.58 1.00  the
  163.58   163.84 1.00  data.
  164.34   164.90 0.98  Recalculate
  164.90   165.02 1.00  the
  165.02   165.32 1.00  numbers,
  165.68   165.88 1.00  test
  165.88   166.16 1.00  the
  166.16   166.28 0.03  code
  166.28   166.64 0.98  directly,
  167.04   167.26 1.00  or
  167.26   167.52 0.99  ask
  167.52   167.70 0.99  a
  167.70   167.90 1.00  human
  167.90   168.26 1.00  expert
  168.26   168.48 0.99  who
  168.48   168.62 1.00  knows
  168.62   168.82 0.99  the
  168.82   169.12 1.00  subject.
  169.98   170.36 0.99  Use
  170.36   170.68 0.98  AI
  170.68   171.00 1.00  to
  171.00   171.22 1.00  help
  171.22   171.42 1.00  you
  171.42   171.64 1.00  check.
  172.02   172.20 0.98  But
  172.20   172.52 0.94  remember
  172.52   173.02 0.88  that
  173.02   173.16 0.99  the
  173.16   173.36 1.00  tool
  173.36   173.56 0.99  does
  173.56   173.80 1.00  not
  173.80   174.00 1.00  have
  174.00   174.14 1.00  the
  174.14   174.36 1.00  final
  174.36   174.62 1.00  word.
  175.10   175.44 0.99  You
  175.44   175.78 1.00  decide
  175.78   175.98 1.00  whether
  175.98   176.22 1.00  the
  176.22   176.42 1.00  answer
  176.42   176.68 1.00  holds
  176.68   176.98 1.00  up.
  177.76   178.12 1.00  After
  178.12   178.32 1.00  your
  178.32   178.80 1.00  evaluation,
  179.14   179.30 1.00  you
  179.30   179.50 1.00  must
  179.50   179.90 1.00  decide
  179.90   180.40 0.98  exactly
  180.40   180.72 1.00  what
  180.72   180.88 1.00  to
  180.88   181.02 1.00  do
  181.02   181.18 1.00  with
  181.18   181.30 0.99  the
  181.30   181.64 0.99  generated
  181.64   182.00 1.00  answer.
  182.50   182.68 1.00  You
  182.68   182.90 1.00  can
  182.90   183.24 0.99  use
  183.24   183.46 1.00  it.
  183.90   184.06 1.00  If
  184.06   184.22 1.00  the
  184.22   184.46 1.00  answer
  184.46   184.64 1.00  is
  184.64   184.90 0.97  right
  184.90   185.20 0.87  and
  185.20   185.42 1.00  good
  185.42   185.58 1.00  enough
  185.58   185.74 1.00  for
  185.74   185.86 1.00  what
  185.86   185.98 1.00  you
  185.98   186.20 1.00  need,
  186.52   186.62 1.00  put
  186.62   186.74 1.00  it
  186.74   186.82 1.00  to
  186.82   186.96 1.00  work.
  187.58   187.76 1.00  You
  187.76   187.92 1.00  can
  187.92   188.14 0.98  fix
  188.14   188.38 1.00  it.
  188.92   189.08 1.00  Tell
  189.08   189.24 1.00  the
  189.24   189.54 0.99  AI
  189.54   189.78 1.00  what
  189.78   189.98 1.00  needs
  189.98   190.18 1.00  to
  190.18   190.44 1.00  change,
  190.64   190.92 1.00  or
  190.92   191.20 1.00  change
  191.20   191.32 1.00  it
  191.32   191.58 1.00  yourself.
  192.20   192.46 1.00  Then
  192.46   192.84 0.71  check
  192.84   193.00 0.50  the
  193.00   193.30 0.97  revised
  193.30   193.68 1.00  answer
  193.68   194.06 0.99  before
  194.06   194.28 1.00  you
  194.28   194.44 1.00  use
  194.44   194.66 1.00  it.
  195.24   195.46 0.97  Or
  195.46   195.72 0.78  walk
  195.72   195.98 1.00  away.
  196.60   196.78 0.99  If
  196.78   196.92 1.00  the
  196.92   197.22 0.99  AI
  197.22   197.56 1.00  isn't
  197.56   197.88 1.00  helping
  197.88   198.08 1.00  you
  198.08   198.26 1.00  reach
  198.26   198.46 1.00  the
  198.46   198.64 1.00  goal,
  199.02   199.20 1.00  try
  199.20   199.46 1.00  another
  199.46   199.78 1.00  approach,
  200.10   200.30 1.00  or
  200.30   200.62 1.00  consult
  200.62   200.98 1.00  someone
  200.98   201.18 1.00  who
  201.18   201.30 1.00  knows
  201.30   201.52 1.00  the
  201.52   201.80 1.00  subject.
  202.74   202.98 0.99  Your
  202.98   203.62 1.00  evaluation
  203.62   204.22 0.98  dictates
  204.22   204.58 1.00  your
  204.58   204.80 1.00  next
  204.80   205.04 1.00  move,
  205.52   205.72 1.00  keeping
  205.72   205.94 1.00  you
  205.94   206.12 1.00  in
  206.12   206.50 1.00  complete
  206.50   206.96 1.00  control
  206.96   207.18 1.00  of
  207.18   207.30 1.00  the
  207.30   207.56 1.00  final
  207.56   207.90 1.00  result.
  208.76   209.06 0.99  Checking
  209.06   209.48 0.99  before
  209.48   209.74 1.00  you
  209.74   210.06 1.00  use
  210.06   210.48 1.00  prevents
  210.48   211.08 0.99  critical
  211.08   211.50 1.00  failures
  211.50   211.76 0.96  in
  211.76   211.96 1.00  high
  211.96   212.16 0.95  -stakes
  212.16   212.58 1.00  tasks,
  213.12   213.42 1.00  like
  213.42   213.58 1.00  a
  213.58   213.90 0.99  scholarship
  213.90   214.42 1.00  application.
  215.04   215.24 0.99  The
  215.24   215.56 1.00  AI
  215.56   215.88 1.00  claims
  215.88   216.46 0.89  the
  216.46   216.90 0.97  scholarship
  216.90   217.30 1.00  deadline
  217.30   217.56 1.00  is
  217.56   217.76 0.99  March
  217.76   218.02 0.99  1,
  218.48   218.76 1.00  but
  218.76   218.90 0.99  the
  218.90   219.30 0.99  official
  219.30   219.72 1.00  sources
  219.72   220.30 1.00  state
  220.30   220.44 0.99  the
  220.44   220.76 1.00  deadline
  220.76   220.98 0.45  is
  220.98   221.20 0.96  February
  221.20   221.80 0.99  15.
  222.66   222.88 0.98  The
  222.88   223.14 0.99  decision
  223.14   223.54 1.00  is
  223.54   223.84 0.99  to
  223.84   223.98 0.99  fix
  223.98   224.26 1.00  it.
  224.84   224.98 0.99  Hard
  224.98   225.36 1.00  evidence
  225.36   225.92 1.00  contradicts
  225.92   226.18 1.00  the
  226.18   226.52 0.99  generated
  226.52   226.84 1.00  claim.
  227.60   227.70 0.99  The
  227.70   227.92 1.00  answer
  227.92   228.22 1.00  is
  228.22   228.48 0.96  not
  228.48   228.64 0.99  the
  228.64   228.96 1.00  evidence.
  229.70   229.90 1.00  Remember
  229.90   230.16 0.98  this
  230.16   230.48 1.00  critical
  230.48   230.88 0.99  rule
  230.88   231.14 1.00  for
  231.14   231.36 0.99  all
  231.36   231.48 0.99  your
  231.48   231.78 1.00  work.
  232.26   232.52 0.92  AI
  232.52   233.10 1.00  generates
  233.10   233.30 1.00  the
  233.30   233.64 1.00  initial
  233.64   234.04 1.00  draft,
  234.48   234.54 1.00  but
  234.54   234.80 0.99  human
  234.80   235.26 1.00  oversight
  235.26   235.66 0.97  must
  235.66   236.12 1.00  dictate
  236.12   236.30 1.00  the
  236.30   236.52 1.00  final
  236.52   236.84 1.00  result.
