Duration 223.233s; fps 30.000000
11.733
15.500
19.833
25.433
42.233
63.933
66.400
71.133
104.333
107.867
116.367
137.500
158.033
162.300
173.133
179.933
190.500
190.533
190.567
190.600
190.633
190.667
190.700
190.733
190.767
190.800
190.833
190.867
190.900
190.933
190.967
191.000
191.033
191.067
191.100
191.133
191.167
191.200
191.233
191.267
199.833
199.867
199.900
199.933
199.967
200.000
200.033
200.067
200.100
200.133
200.167
200.200
200.233
208.933
208.967
209.000
209.033
209.067
209.100
209.133
209.167
209.200
209.233
209.267
209.300
217.733
217.767
217.800
217.833
217.867
217.900
217.933
217.967
218.000
218.033
218.067
218.100
218.133
218.167
218.200
218.233
218.267
218.300
218.333
218.367
218.400
220.233
