# flattery-trap.mp4  1280x720  duration=5:29.37  step=0.5s  thr=45.0
# target: fixed 4 px at 720p (6 px at 1080p), Edit Spec section 5 (2026-09-26); widths are SOLID pixels at thr, true width is about +0.5
# time      color    stroke   L    R    T    B    bbox(x,y,w,h)
 0:13.50  gold      14.5  33.0 12.0 17.0 12.0   (508, 231, 492, 289)
 0:14.00  gold      14.5  33.0 12.0 17.0 12.0   (508, 231, 492, 289)
 0:14.50  gold      14.5  33.0 12.0 17.0 12.0   (508, 231, 492, 289)
 0:15.00  gold      15.5  34.0 14.0 17.0 11.0   (510, 230, 491, 290)
 0:29.00  violet     4.0   5.0  4.0  4.0  4.0   (316, 72, 648, 106)
 0:29.50  violet     4.0   5.0  4.0  4.0  4.0   (316, 72, 648, 106)
 0:30.00  violet     4.0   5.0  4.0  4.0  4.0   (316, 72, 648, 106)
 0:30.50  violet     4.0   5.0  4.0  4.0  4.0   (316, 72, 648, 106)
 0:31.00  violet     4.0   5.0  4.0  4.0  4.0   (316, 72, 648, 106)
 0:31.50  violet     4.0   5.0  4.0  4.0  4.0   (316, 72, 648, 106)
 0:32.00  violet     4.0   5.0  4.0  4.0  4.0   (316, 72, 648, 106)
 0:32.50  violet     4.0   5.0  4.0  4.0  4.0   (316, 72, 648, 106)
 0:33.00  violet     4.0   5.0  4.0  4.0  4.0   (316, 72, 648, 106)
 0:33.50  violet     4.0   5.0  4.0  4.0  4.0   (316, 72, 648, 106)
 0:34.00  violet     4.0   5.0  4.0  4.0  4.0   (316, 72, 648, 106)
 0:34.50  violet     4.0   5.0  4.0  4.0  4.0   (316, 72, 648, 106)
 0:35.00  violet     4.0   5.0  4.0  4.0  4.0   (316, 72, 648, 106)
 0:35.50  violet     4.0   5.0  4.0  4.0  4.0   (316, 72, 648, 106)
 0:36.00  violet     4.0   5.0  4.0  4.0  4.0   (316, 72, 648, 106)
 0:36.50  violet     4.0   5.0  4.0  4.0  4.0   (316, 72, 648, 106)
 0:37.00  violet     4.0   5.0  4.0  4.0  4.0   (316, 72, 648, 106)
 0:37.50  violet     4.0   5.0  4.0  4.0  4.0   (316, 72, 648, 106)
 0:38.00  violet     4.0   5.0  4.0  4.0  4.0   (316, 72, 648, 106)
 0:38.50  violet     4.0   5.0  4.0  4.0  4.0   (316, 72, 648, 106)
 0:39.00  violet     4.0   5.0  4.0  4.0  4.0   (316, 72, 648, 106)
 0:39.50  violet     4.0   5.0  4.0  4.0  4.0   (316, 72, 648, 106)
 0:40.00  violet     4.0   5.0  4.0  4.0  4.0   (316, 72, 648, 106)
 0:40.50  amber      4.0   4.0  4.0  4.0  4.0   (324, 418, 310, 51)
 0:41.00  amber      4.0   4.0  4.0  4.0  4.0   (324, 418, 310, 51)
 0:41.50  amber      4.0   4.0  4.0  4.0  4.0   (324, 418, 310, 51)
 0:42.00  amber      4.0   4.0  4.0  4.0  4.0   (324, 418, 310, 51)
 0:42.50  amber      4.0   4.0  4.0  4.0  4.0   (324, 418, 310, 51)
 0:43.00  amber      4.0   4.0  4.0  4.0  4.0   (324, 418, 310, 51)
 0:43.50  amber      4.0   4.0  4.0  4.0  4.0   (324, 418, 310, 51)
 0:44.00  amber      4.0   4.0  4.0  4.0  4.0   (324, 418, 310, 51)
 0:44.50  amber      4.0   4.0  4.0  4.0  4.0   (324, 418, 310, 51)
 0:45.00  amber      4.0   4.0  4.0  4.0  4.0   (324, 418, 310, 51)
 0:57.00  blue       4.0   4.0  4.0  4.0  4.0   (650, 418, 308, 50)
 0:57.50  blue       4.0   4.0  4.0  4.0  4.0   (650, 418, 308, 50)
 0:58.00  blue       4.0   4.0  4.0  4.0  4.0   (650, 418, 308, 50)
 0:58.50  blue       4.0   4.0  4.0  4.0  4.0   (650, 418, 308, 50)
 0:59.00  blue       4.0   4.0  4.0  4.0  4.0   (650, 418, 308, 50)
 0:59.50  blue       4.0   4.0  4.0  4.0  4.0   (650, 418, 308, 50)
 1:00.00  blue       4.0   4.0  4.0  4.0  4.0   (650, 418, 308, 50)
 1:00.50  blue       4.0   4.0  4.0  4.0  4.0   (650, 418, 308, 50)
 1:01.00  blue       4.0   4.0  4.0  4.0  4.0   (650, 418, 308, 50)
 1:01.50  blue       4.0   4.0  4.0  4.0  4.0   (650, 418, 308, 50)
 1:02.00  blue       4.0   4.0  4.0  4.0  4.0   (650, 418, 308, 50)
 1:02.50  blue       4.0   4.0  4.0  4.0  4.0   (650, 418, 308, 50)
 1:03.00  blue       4.0   4.0  4.0  4.0  4.0   (650, 418, 308, 50)
 1:03.50  blue       4.0   4.0  4.0  4.0  4.0   (650, 418, 308, 50)
 1:04.00  blue       4.0   4.0  4.0  4.0  4.0   (650, 418, 308, 50)
 1:23.00  teal       5.2   4.5  6.5  6.0  2.0   (1037, 229, 141, 103)
 1:23.50  teal       5.2   4.5  6.5  6.0  2.0   (1037, 229, 141, 103)
 1:24.00  teal       5.2   4.5  6.5  6.0  2.0   (1037, 229, 141, 103)
 1:24.50  teal       5.2   4.5  6.5  6.0  2.0   (1037, 229, 141, 103)
 1:25.00  teal       5.2   4.5  6.5  6.0  2.0   (1037, 229, 141, 103)
 1:25.50  teal       5.2   4.5  6.5  6.0  2.0   (1037, 229, 141, 103)
 1:26.00  teal       5.2   4.5  6.5  6.0  2.0   (1037, 229, 141, 103)
 1:26.50  teal       5.2   4.5  6.5  6.0  2.0   (1037, 229, 141, 103)
 1:27.00  teal       5.2   4.5  6.5  6.0  2.0   (1037, 229, 141, 103)
 1:27.50  teal       5.2   4.5  6.5  6.0  2.0   (1037, 229, 141, 103)
 1:28.00  teal       5.2   4.5  6.5  6.0  2.0   (1037, 229, 141, 103)
 1:28.50  teal       5.2   4.5  6.5  6.0  2.0   (1037, 229, 141, 103)
 1:29.00  teal       5.2   4.5  6.5  6.0  2.0   (1037, 229, 141, 103)
 1:29.50  teal       5.2   4.5  6.5  6.0  2.0   (1037, 229, 141, 103)
 1:30.00  teal       5.2   4.5  6.5  6.0  2.0   (1037, 229, 141, 103)
 1:30.50  teal       5.2   4.5  6.5  6.0  2.0   (1037, 229, 141, 103)
 1:31.00  teal       5.2   4.5  6.5  6.0  2.0   (1037, 229, 141, 103)
 1:33.00  purple     6.0   6.0  6.0  7.0  6.0   (48, 155, 274, 479)
 1:33.50  purple     6.0   6.0  6.0  7.0  6.0   (48, 155, 274, 479)
 1:34.00  purple     6.0   6.0  6.0  7.0  6.0   (48, 155, 274, 479)
 1:34.50  purple     6.0   6.0  6.0  7.0  6.0   (48, 155, 274, 479)
 1:35.00  purple     6.0   6.0  6.0  7.0  6.0   (48, 155, 274, 479)
 1:35.50  purple     6.0   6.0  6.0  7.0  6.0   (48, 155, 274, 479)
 1:36.00  purple     6.0   6.0  6.0  7.0  6.0   (48, 155, 274, 479)
 1:36.50  purple     6.0   6.0  6.0  7.0  6.0   (48, 155, 274, 479)
 1:37.00  purple     6.0   6.0  6.0  7.0  6.0   (48, 155, 274, 479)
 1:37.50  purple     6.0   6.0  6.0  7.0  6.0   (48, 155, 274, 479)
 1:38.00  purple     6.0   6.0  6.0  7.0  6.0   (48, 155, 274, 479)
 1:38.50  purple     6.0   6.0  6.0  7.0  6.0   (48, 155, 274, 479)
 1:39.00  purple     6.0   6.0  6.0  7.0  6.0   (48, 155, 274, 479)
 1:39.50  blue       6.0   6.0  6.0  6.0  6.0   (480, 156, 320, 478)
 1:40.00  blue       6.0   6.0  6.0  6.0  6.0   (480, 156, 320, 478)
 1:40.50  blue       6.0   6.0  6.0  6.0  6.0   (480, 156, 320, 478)
 1:41.00  blue       6.0   6.0  6.0  6.0  6.0   (480, 156, 320, 478)
 1:41.50  blue       6.0   6.0  6.0  6.0  6.0   (480, 156, 320, 478)
 1:42.00  blue       6.0   6.0  6.0  6.0  6.0   (480, 156, 320, 478)
 1:42.50  blue       6.0   6.0  6.0  6.0  6.0   (480, 156, 320, 478)
 1:43.00  blue       6.0   6.0  6.0  6.0  6.0   (480, 156, 320, 478)
 1:43.50  blue       6.0   6.0  6.0  6.0  6.0   (480, 156, 320, 478)
 1:44.00  blue       6.0   6.0  6.0  6.0  6.0   (480, 156, 320, 478)
 1:44.50  teal       7.0   7.0  7.0  7.0  7.0   (960, 155, 273, 479)
 1:45.00  teal       7.0   7.0  7.0  7.0  7.0   (960, 155, 273, 479)
 1:45.50  teal       7.0   7.0  7.0  7.0  7.0   (960, 155, 273, 479)
 1:46.00  teal       7.0   7.0  7.0  7.0  7.0   (960, 155, 273, 479)
 1:46.50  teal       7.0   7.0  7.0  7.0  7.0   (960, 155, 273, 479)
 1:47.00  teal       7.0   7.0  7.0  7.0  7.0   (960, 155, 273, 479)
 1:47.50  teal       7.0   7.0  7.0  7.0  7.0   (960, 155, 273, 479)
 1:48.00  teal       7.0   7.0  7.0  7.0  7.0   (960, 155, 273, 479)
 1:48.50  teal       7.0   7.0  7.0  7.0  7.0   (960, 155, 273, 479)
 1:49.00  teal       7.0   7.0  7.0  7.0  7.0   (960, 155, 273, 479)
 1:49.50  teal       7.0   7.0  7.0  7.0  7.0   (960, 155, 273, 479)
 1:50.00  teal       7.0   7.0  7.0  7.0  7.0   (960, 155, 273, 479)
 1:50.50  teal       7.0   7.0  7.0  7.0  7.0   (960, 155, 273, 479)
 1:51.00  teal       7.0   7.0  7.0  7.0  7.0   (960, 155, 273, 479)
 1:51.50  teal       7.0   7.0  7.0  7.0  7.0   (960, 155, 273, 479)
 1:52.00  teal       7.0   7.0  7.0  7.0  7.0   (960, 155, 273, 479)
 1:52.50  teal       7.0   7.0  7.0  7.0  7.0   (960, 155, 273, 479)
 2:18.50  purple     6.0   6.0  6.0  6.0  6.0   (40, 274, 1200, 146)
 2:19.00  purple     6.0   6.0  6.0  6.0  6.0   (40, 274, 1200, 146)
 2:19.50  purple     6.0   6.0  6.0  6.0  6.0   (40, 274, 1200, 146)
 2:20.00  purple     6.0   6.0  6.0  6.0  6.0   (40, 274, 1200, 146)
 2:20.50  purple     6.0   6.0  6.0  6.0  6.0   (40, 274, 1200, 146)
 2:21.00  purple     6.0   6.0  6.0  6.0  6.0   (40, 274, 1200, 146)
 2:21.50  purple     6.0   6.0  6.0  6.0  6.0   (40, 274, 1200, 146)
 2:22.00  purple     6.0   6.0  6.0  6.0  6.0   (40, 274, 1200, 146)
 2:22.50  purple     6.0   6.0  6.0  6.0  6.0   (40, 274, 1200, 146)
 2:23.00  purple     6.0   6.0  6.0  6.0  6.0   (40, 274, 1200, 146)
 2:23.50  purple     6.0   6.0  6.0  6.0  6.0   (40, 274, 1200, 146)
 3:00.00  violet     4.0   4.0  4.0  4.0  4.0   (250, 100, 782, 92)
 3:00.50  violet     6.0   6.0  6.0  6.0  6.0   (66, 144, 1148, 138)
 3:01.00  violet     6.0   6.0  6.0  6.0  6.0   (40, 152, 1200, 144)
 3:01.50  violet     6.0   6.0  6.0  6.0  6.0   (40, 152, 1200, 144)
 3:02.00  violet     6.0   6.0  6.0  6.0  6.0   (40, 152, 1200, 144)
 3:02.50  violet     6.0   6.0  6.0  6.0  6.0   (40, 152, 1200, 144)
 3:03.00  violet     6.0   6.0  6.0  6.0  6.0   (40, 152, 1200, 144)
 3:03.50  violet     6.0   6.0  6.0  6.0  6.0   (40, 152, 1200, 144)
 3:04.00  violet     6.0   6.0  6.0  6.0  6.0   (40, 152, 1200, 144)
 3:04.50  violet     6.0   6.0  6.0  6.0  6.0   (40, 152, 1200, 144)
 3:05.00  violet     6.0   6.0  6.0  6.0  6.0   (40, 152, 1200, 144)
 3:05.50  violet     6.0   6.0  6.0  6.0  6.0   (40, 152, 1200, 144)
 3:06.00  violet     6.0   6.0  6.0  6.0  6.0   (40, 152, 1200, 144)
 3:06.50  violet     6.0   6.0  6.0  6.0  6.0   (40, 152, 1200, 144)
 3:07.00  violet     6.0   6.0  6.0  6.0  6.0   (40, 152, 1200, 144)
 3:07.50  violet     6.0   6.0  6.0  6.0  6.0   (40, 152, 1200, 144)
 3:08.00  violet     6.0   6.0  6.0  6.0  6.0   (40, 152, 1200, 144)
 3:08.50  violet     6.0   6.0  6.0  6.0  6.0   (40, 152, 1200, 144)
 3:09.00  violet     6.0   6.0  6.0  6.0  6.0   (40, 152, 1200, 144)
 3:09.50  violet     6.0   6.0  6.0  6.0  6.0   (40, 152, 1200, 144)
 3:10.00  violet     6.0   6.0  6.0  6.0  6.0   (40, 152, 1200, 144)
 3:10.50  violet     6.0   6.0  6.0  6.0  6.0   (40, 152, 1200, 144)
 3:11.00  violet     6.0   6.0  6.0  6.0  6.0   (40, 152, 1200, 144)
 3:11.50  violet     6.0   6.0  6.0  6.0  6.0   (40, 152, 1200, 144)
 3:12.00  violet     6.0   6.0  6.0  6.0  6.0   (40, 152, 1200, 144)
 3:12.50  violet     6.0   6.0  6.0  6.0  6.0   (40, 152, 1200, 144)
 3:13.00  violet     6.0   6.0  6.0  6.0  6.0   (40, 152, 1200, 144)
 3:13.50  violet     6.0   6.0  6.0  6.0  6.0   (40, 152, 1200, 144)
 3:14.00  violet     6.0   6.0  6.0  6.0  6.0   (40, 152, 1200, 144)
 3:14.50  violet     6.0   6.0  6.0  6.0  6.0   (40, 152, 1200, 144)
 3:15.00  violet     6.0   6.0  6.0  6.0  6.0   (40, 152, 1200, 144)
 3:21.00  violet     4.0   4.0  4.0  4.0  4.0   (260, 188, 760, 110)
 3:21.50  violet     4.0   4.0  4.0  4.0  4.0   (260, 188, 760, 110)
 3:22.00  violet     4.0   4.0  4.0  4.0  4.0   (260, 188, 760, 110)
 3:22.50  violet     4.0   4.0  4.0  4.0  4.0   (228, 202, 826, 118)
 3:23.00  violet     6.0   6.0  6.0  6.0  6.0   (42, 274, 1198, 172)
 3:23.50  violet     6.0   6.0  6.0  6.0  6.0   (40, 274, 1200, 174)
 3:24.00  violet     6.0   6.0  6.0  6.0  6.0   (40, 274, 1200, 174)
 3:24.50  violet     6.0   6.0  6.0  6.0  6.0   (40, 274, 1200, 174)
 3:25.00  violet     6.0   6.0  6.0  6.0  6.0   (40, 274, 1200, 174)
 3:25.50  violet     6.0   6.0  6.0  6.0  6.0   (40, 274, 1200, 174)
 3:26.00  violet     6.0   6.0  6.0  6.0  6.0   (40, 274, 1200, 174)
 3:26.50  violet     6.0   6.0  6.0  6.0  6.0   (40, 274, 1200, 174)
 3:27.00  violet     6.0   6.0  6.0  6.0  6.0   (40, 274, 1200, 174)
 3:27.50  violet     6.0   6.0  6.0  6.0  6.0   (40, 274, 1200, 174)
 3:28.00  violet     6.0   6.0  6.0  6.0  6.0   (40, 274, 1200, 174)
 3:28.50  violet     6.0   6.0  6.0  6.0  6.0   (40, 274, 1200, 174)
 3:29.00  violet     6.0   6.0  6.0  6.0  6.0   (40, 274, 1200, 174)
 3:29.50  violet     6.0   6.0  6.0  6.0  6.0   (40, 274, 1200, 174)
 3:30.00  violet     6.0   6.0  6.0  6.0  6.0   (40, 274, 1200, 174)
 3:30.50  violet     6.0   6.0  6.0  6.0  6.0   (40, 274, 1200, 174)
 3:31.00  violet     6.0   6.0  6.0  6.0  6.0   (40, 274, 1200, 174)
 3:31.50  violet     6.0   6.0  6.0  6.0  6.0   (40, 274, 1200, 174)
 3:32.00  violet     6.0   6.0  6.0  6.0  6.0   (40, 274, 1200, 174)
 3:32.50  violet     6.0   6.0  6.0  6.0  6.0   (40, 274, 1200, 174)
 3:33.00  violet     6.0   6.0  6.0  6.0  6.0   (40, 274, 1200, 174)
 3:33.50  violet     6.0   6.0  6.0  6.0  6.0   (40, 274, 1200, 174)
 3:34.00  violet     6.0   6.0  6.0  6.0  6.0   (40, 274, 1200, 174)
 3:34.50  violet     6.0   6.0  6.0  6.0  6.0   (40, 274, 1200, 174)
 3:35.00  violet     6.0   6.0  6.0  6.0  6.0   (40, 274, 1200, 174)
 3:35.50  violet     6.0   6.0  6.0  6.0  6.0   (40, 274, 1200, 174)
 3:36.00  violet     6.0   6.0  6.0  6.0  6.0   (40, 274, 1200, 174)
 3:36.50  violet     6.0   6.0  6.0  6.0  6.0   (40, 274, 1200, 174)
 3:37.00  violet     6.0   6.0  6.0  6.0  6.0   (40, 274, 1200, 174)
 3:37.50  violet     6.0   6.0  6.0  6.0  6.0   (40, 274, 1200, 174)
 3:38.00  violet     6.0   6.0  6.0  6.0  6.0   (40, 274, 1200, 174)
 3:38.50  violet     6.0   6.0  6.0  6.0  6.0   (40, 274, 1200, 174)
 3:39.00  violet     6.0   6.0  6.0  6.0  6.0   (40, 274, 1200, 174)
 3:39.50  violet     6.0   6.0  6.0  6.0  6.0   (40, 274, 1200, 174)
 3:40.00  violet     6.0   6.0  6.0  6.0  6.0   (40, 274, 1200, 174)
 3:40.50  violet     6.0   6.0  6.0  6.0  6.0   (40, 400, 1200, 174)
 3:41.00  violet     6.0   6.0  6.0  6.0  6.0   (40, 274, 1200, 174)
 3:41.50  violet     6.0   6.0  6.0  6.0  6.0   (40, 274, 1200, 174)
 3:42.00  violet     6.0   6.0  6.0  6.0  6.0   (40, 274, 1200, 174)
 3:42.50  violet     6.0   6.0  6.0  6.0  6.0   (40, 274, 1200, 174)
 3:43.00  violet     6.0   6.0  6.0  6.0  6.0   (40, 274, 1200, 174)
 3:43.50  violet     6.0   6.0  6.0  6.0  6.0   (40, 274, 1200, 174)
 3:44.00  violet     6.0   6.0  6.0  6.0  6.0   (40, 274, 1200, 174)
 3:44.50  violet     6.0   6.0  6.0  6.0  6.0   (40, 274, 1200, 174)
 3:45.00  violet     6.0   6.0  6.0  6.0  6.0   (40, 274, 1200, 174)
 3:45.50  violet     6.0   6.0  6.0  6.0  6.0   (40, 274, 1200, 174)
 3:46.00  violet     6.0   6.0  6.0  6.0  6.0   (40, 274, 1200, 174)
 3:46.50  violet     6.0   6.0  6.0  6.0  6.0   (40, 274, 1200, 174)
 3:47.00  violet     6.0   6.0  6.0  6.0  6.0   (40, 274, 1200, 174)
 3:47.50  violet     6.0   6.0  6.0  6.0  6.0   (40, 274, 1200, 174)
 3:48.00  violet     6.0   6.0  6.0  6.0  6.0   (40, 274, 1200, 174)
 3:48.50  violet     6.0   6.0  6.0  6.0  6.0   (40, 274, 1200, 174)
 3:49.00  violet     6.0   6.0  6.0  6.0  6.0   (40, 274, 1200, 174)
 3:49.50  violet     6.0   6.0  6.0  6.0  6.0   (40, 274, 1200, 174)
 3:50.00  violet     6.0   6.0  6.0  6.0  6.0   (40, 274, 1200, 174)
 3:50.50  violet     6.0   6.0  6.0  6.0  6.0   (40, 274, 1200, 174)
 3:51.00  violet     6.0   6.0  6.0  6.0  6.0   (40, 274, 1200, 174)
 3:51.50  violet     6.0   6.0  6.0  6.0  6.0   (40, 274, 1200, 174)
 3:52.00  violet     6.0   6.0  6.0  6.0  6.0   (40, 274, 1200, 174)
 3:52.50  violet     6.0   6.0  6.0  6.0  6.0   (40, 274, 1200, 174)
 3:53.00  violet     6.0   6.0  6.0  6.0  6.0   (40, 274, 1200, 174)
 3:53.50  violet     6.0   6.0  6.0  6.0  6.0   (40, 274, 1200, 174)
 3:54.00  violet     6.0   6.0  6.0  6.0  6.0   (40, 274, 1200, 174)
 3:54.50  violet     6.0   6.0  6.0  6.0  6.0   (40, 274, 1200, 174)
 3:55.00  violet     6.0   6.0  6.0  6.0  6.0   (40, 274, 1200, 174)
 3:55.50  violet     6.0   6.0  6.0  6.0  6.0   (40, 274, 1200, 174)
 3:56.00  violet     6.0   6.0  6.0  6.0  6.0   (40, 274, 1200, 174)
 3:56.50  violet     6.0   6.0  6.0  6.0  6.0   (40, 274, 1200, 174)
 3:57.00  violet     6.0   6.0  6.0  6.0  6.0   (40, 274, 1200, 174)
 3:57.50  violet     6.0   6.0  6.0  6.0  6.0   (40, 274, 1200, 174)
 3:58.00  violet     6.0   6.0  6.0  6.0  6.0   (40, 274, 1200, 174)
 3:58.50  violet     6.0   6.0  6.0  6.0  6.0   (40, 274, 1200, 174)
 3:59.00  violet     6.0   6.0  6.0  6.0  6.0   (40, 274, 1200, 174)
 3:59.50  violet     6.0   6.0  6.0  6.0  6.0   (40, 274, 1200, 174)
 4:00.00  violet     6.0   6.0  6.0  6.0  6.0   (40, 274, 1200, 174)
 4:00.50  violet     6.0   6.0  6.0  6.0  6.0   (40, 274, 1200, 174)
 4:01.00  violet     6.0   6.0  6.0  6.0  6.0   (40, 274, 1200, 174)
 4:01.50  violet     6.0   6.0  6.0  6.0  6.0   (40, 274, 1200, 174)
 4:02.00  violet     6.0   6.0  6.0  6.0  6.0   (40, 274, 1200, 174)
 4:08.50  violet     4.0   4.0  4.0  4.0  4.0   (260, 410, 760, 110)
 4:09.00  violet     4.0   4.0  4.0  4.0  4.0   (260, 410, 760, 110)
 4:09.50  violet     4.0   4.0  4.0  4.0  4.0   (260, 410, 760, 110)
 4:10.00  violet     4.0   4.0  4.0  4.0  4.0   (154, 344, 972, 140)
 4:10.50  violet     6.0   6.0  6.0  6.0  6.0   (40, 274, 1200, 174)
 4:11.00  violet     6.0   6.0  6.0  6.0  6.0   (40, 274, 1200, 174)
 4:11.50  violet     6.0   6.0  6.0  6.0  6.0   (40, 274, 1200, 174)
 4:12.00  violet     6.0   6.0  6.0  6.0  6.0   (40, 274, 1200, 174)
 4:12.50  violet     6.0   6.0  6.0  6.0  6.0   (40, 274, 1200, 174)
 4:13.00  violet     6.0   6.0  6.0  6.0  6.0   (40, 274, 1200, 174)
 4:13.50  violet     6.0   6.0  6.0  6.0  6.0   (40, 274, 1200, 174)
 4:14.00  violet     6.0   6.0  6.0  6.0  6.0   (40, 274, 1200, 174)
 4:14.50  violet     6.0   6.0  6.0  6.0  6.0   (40, 274, 1200, 174)
 4:15.00  violet     6.0   6.0  6.0  6.0  6.0   (40, 274, 1200, 174)
 4:15.50  violet     6.0   6.0  6.0  6.0  6.0   (40, 274, 1200, 174)
 4:16.00  violet     6.0   6.0  6.0  6.0  6.0   (40, 274, 1200, 174)
 4:16.50  violet     6.0   6.0  6.0  6.0  6.0   (40, 274, 1200, 174)
 4:17.00  violet     6.0   6.0  6.0  6.0  6.0   (40, 274, 1200, 174)
 4:17.50  violet     6.0   6.0  6.0  6.0  6.0   (40, 274, 1200, 174)
 4:18.00  violet     6.0   6.0  6.0  6.0  6.0   (40, 274, 1200, 174)
 4:18.50  violet     6.0   6.0  6.0  6.0  6.0   (40, 274, 1200, 174)
 4:19.00  violet     6.0   6.0  6.0  6.0  6.0   (40, 274, 1200, 174)
 4:19.50  violet     6.0   6.0  6.0  6.0  6.0   (40, 274, 1200, 174)
 4:20.00  violet     6.0   6.0  6.0  6.0  6.0   (40, 274, 1200, 174)
 4:20.50  violet     6.0   6.0  6.0  6.0  6.0   (40, 274, 1200, 174)
 4:21.00  violet     6.0   6.0  6.0  6.0  6.0   (40, 274, 1200, 174)
 4:21.50  violet     6.0   6.0  6.0  6.0  6.0   (40, 274, 1200, 174)
 4:22.00  violet     6.0   6.0  6.0  6.0  6.0   (40, 274, 1200, 174)
 4:22.50  violet     6.0   6.0  6.0  6.0  6.0   (40, 274, 1200, 174)
 4:34.50  gold       3.0   3.0  3.0  2.0  4.0   (244, 143, 326, 417)
 4:43.50  violet     4.0   4.0  4.0  4.0  4.0   (260, 520, 760, 84)
 4:44.00  violet     4.0   4.0  4.0  4.0  4.0   (260, 520, 760, 84)
 4:44.50  violet     4.0   4.0  4.0  4.0  4.0   (260, 520, 760, 84)
 4:45.00  violet     4.0   4.0  4.0  4.0  4.0   (260, 520, 760, 84)
 4:45.50  violet     4.0   4.0  4.0  4.0  4.0   (140, 456, 1002, 110)
 4:46.00  violet     6.0   6.0  6.0  6.0  6.0   (40, 404, 1200, 132)
 4:46.50  violet     6.0   6.0  6.0  6.0  6.0   (40, 404, 1200, 132)
 4:47.00  violet     6.0   6.0  6.0  6.0  6.0   (40, 404, 1200, 132)
 4:47.50  violet     6.0   6.0  6.0  6.0  6.0   (40, 404, 1200, 132)
 4:48.00  violet     6.0   6.0  6.0  6.0  6.0   (40, 404, 1200, 132)
 4:48.50  violet     6.0   6.0  6.0  6.0  6.0   (40, 404, 1200, 132)
 4:49.00  violet     6.0   6.0  6.0  6.0  6.0   (40, 404, 1200, 132)
 4:49.50  violet     6.0   6.0  6.0  6.0  6.0   (40, 404, 1200, 132)
 4:50.00  violet     6.0   6.0  6.0  6.0  6.0   (40, 404, 1200, 132)
 4:50.50  violet     6.0   6.0  6.0  6.0  6.0   (40, 404, 1200, 132)
 4:51.00  violet     6.0   6.0  6.0  6.0  6.0   (40, 404, 1200, 132)
 4:51.50  violet     6.0   6.0  6.0  6.0  6.0   (40, 404, 1200, 132)
 4:52.00  violet     6.0   6.0  6.0  6.0  6.0   (40, 404, 1200, 132)
 4:52.50  violet     6.0   6.0  6.0  6.0  6.0   (40, 404, 1200, 132)
 4:53.00  violet     6.0   6.0  6.0  6.0  6.0   (40, 404, 1200, 132)
 4:53.50  violet     6.0   6.0  6.0  6.0  6.0   (40, 404, 1200, 132)
 4:54.00  violet     6.0   6.0  6.0  6.0  6.0   (40, 404, 1200, 132)
 4:54.50  violet     6.0   6.0  6.0  6.0  6.0   (40, 404, 1200, 132)
 4:55.00  violet     6.0   6.0  6.0  6.0  6.0   (40, 404, 1200, 132)
 4:55.50  violet     6.0   6.0  6.0  6.0  6.0   (40, 404, 1200, 132)
 4:56.00  violet     6.0   6.0  6.0  6.0  6.0   (40, 404, 1200, 132)
 4:56.50  violet     6.0   6.0  6.0  6.0  6.0   (40, 404, 1200, 132)
 4:57.00  violet     6.0   6.0  6.0  6.0  6.0   (40, 404, 1200, 132)
 4:57.50  violet     6.0   6.0  6.0  6.0  6.0   (40, 404, 1200, 132)
 4:58.00  violet     6.0   6.0  6.0  6.0  6.0   (40, 404, 1200, 132)
 4:58.50  violet     6.0   6.0  6.0  6.0  6.0   (40, 404, 1200, 132)
 4:59.00  violet     6.0   6.0  6.0  6.0  6.0   (40, 404, 1200, 132)
 4:59.50  violet     6.0   6.0  6.0  6.0  6.0   (40, 404, 1200, 132)
 5:00.00  violet     6.0   6.0  6.0  6.0  6.0   (40, 404, 1200, 132)
 5:16.50  violet     4.0   4.0  4.0  4.0  4.0   (252, 626, 776, 52)
 5:17.00  violet     4.0   4.0  4.0  4.0  4.0   (252, 626, 776, 52)
 5:17.50  violet     4.0   4.0  4.0  4.0  4.0   (252, 626, 776, 52)
 5:18.00  violet     4.0   4.0  4.0  4.0  4.0   (252, 626, 776, 52)
 5:18.50  violet     4.0   4.0  4.0  4.0  4.0   (252, 626, 776, 52)
 5:19.00  violet     4.0   4.0  4.0  4.0  4.0   (252, 626, 776, 52)
 5:19.50  violet     4.0   4.0  4.0  4.0  4.0   (252, 626, 776, 52)

# 305 ring samples in 25 runs; stroke histogram (rounded px): 3 px: 1, 4 px: 69, 5 px: 17, 6 px: 197, 7 px: 17, 14 px: 3, 16 px: 1
# runs (start, end, color, median stroke, min-max, samples)
 0:13.50 -  0:15.00  gold     14.5  14.5-15.5    4
 0:29.00 -  0:40.00  violet    4.0   4.0- 4.0   23
 0:40.50 -  0:45.00  amber     4.0   4.0- 4.0   10
 0:57.00 -  1:04.00  blue      4.0   4.0- 4.0   15
 1:23.00 -  1:31.00  teal      5.2   5.2- 5.2   17
 1:33.00 -  1:39.00  purple    6.0   6.0- 6.0   13
 1:39.50 -  1:44.00  blue      6.0   6.0- 6.0   10
 1:44.50 -  1:52.50  teal      7.0   7.0- 7.0   17
 2:18.50 -  2:23.50  purple    6.0   6.0- 6.0   11
 3:00.00 -  3:00.00  violet    4.0   4.0- 4.0    1
 3:00.50 -  3:00.50  violet    6.0   6.0- 6.0    1
 3:01.00 -  3:15.00  violet    6.0   6.0- 6.0   29
 3:21.00 -  3:22.00  violet    4.0   4.0- 4.0    3
 3:22.50 -  3:22.50  violet    4.0   4.0- 4.0    1
 3:23.00 -  3:40.00  violet    6.0   6.0- 6.0   35
 3:40.50 -  3:40.50  violet    6.0   6.0- 6.0    1
 3:41.00 -  4:02.00  violet    6.0   6.0- 6.0   43
 4:08.50 -  4:09.50  violet    4.0   4.0- 4.0    3
 4:10.00 -  4:10.00  violet    4.0   4.0- 4.0    1
 4:10.50 -  4:22.50  violet    6.0   6.0- 6.0   25
 4:34.50 -  4:34.50  gold      3.0   3.0- 3.0    1
 4:43.50 -  4:45.00  violet    4.0   4.0- 4.0    4
 4:45.50 -  4:45.50  violet    4.0   4.0- 4.0    1
 4:46.00 -  5:00.00  violet    6.0   6.0- 6.0   29
 5:16.50 -  5:19.50  violet    4.0   4.0- 4.0    7
