# learn-with-ai.mp4  1280x720  duration=3:39.43  step=0.5s  thr=45.0
# target: fixed 4 px at 720p (6 px at 1080p), Edit Spec section 5 (2026-09-26); widths are SOLID pixels at thr, true width is about +0.5
# time      color    stroke   L    R    T    B    bbox(x,y,w,h)
 0:36.00  gold       2.0   2.0  2.0  2.0  2.0   (854, 314, 291, 200)
 0:36.50  gold       2.5   3.0  3.0  2.0  2.0   (854, 314, 292, 200)
 0:37.00  gold       2.5   3.0  3.0  2.0  2.0   (854, 314, 292, 200)
 0:37.50  gold       2.5   3.0  3.0  2.0  2.0   (854, 314, 292, 200)
 0:38.00  gold       2.5   3.0  3.0  2.0  2.0   (854, 314, 292, 200)
 0:38.50  gold       2.5   3.0  3.0  2.0  2.0   (854, 314, 292, 200)
 0:39.00  gold       2.5   3.0  3.0  2.0  2.0   (854, 314, 292, 200)
 0:39.50  gold       2.5   3.0  3.0  2.0  2.0   (854, 314, 292, 200)
 1:02.50  blue       4.0   4.0  4.0  4.0  4.0   (244, 228, 432, 76)
 1:03.00  blue       6.0   6.0  6.0  6.0  6.0   (278, 20, 720, 128)
 1:03.50  blue       6.0   6.0  6.0  6.0  6.0   (278, 18, 724, 128)
 1:04.00  blue       6.0   6.0  6.0  6.0  6.0   (278, 18, 724, 128)
 1:04.50  blue       6.0   6.0  6.0  6.0  6.0   (278, 140, 724, 138)
 1:05.00  blue       6.0   6.0  6.0  6.0  6.0   (278, 140, 724, 138)
 1:05.50  blue       6.0   6.0  6.0  6.0  6.0   (278, 140, 724, 138)
 1:06.00  blue       6.0   6.0  6.0  6.0  6.0   (278, 140, 724, 138)
 1:06.50  blue       6.0   6.0  6.0  6.0  6.0   (278, 140, 724, 138)
 1:07.00  blue       6.0   6.0  6.0  6.0  6.0   (278, 140, 724, 138)
 1:07.50  blue       6.0   6.0  6.0  6.0  6.0   (278, 140, 724, 138)
 1:08.00  blue       6.0   6.0  6.0  6.0  6.0   (278, 140, 724, 138)
 1:08.50  blue       6.0   6.0  6.0  6.0  6.0   (278, 140, 724, 138)
 1:09.00  blue       6.0   6.0  6.0  6.0  6.0   (278, 140, 724, 138)
 1:09.50  blue       6.0   6.0  6.0  6.0  6.0   (278, 140, 724, 138)
 1:10.00  blue       6.0   6.0  6.0  6.0  6.0   (278, 140, 724, 138)
 1:10.50  blue       6.0   6.0  6.0  6.0  6.0   (278, 140, 724, 138)
 1:11.00  blue       6.0   6.0  6.0  6.0  6.0   (278, 140, 724, 138)
 1:11.50  blue       6.0   6.0  6.0  6.0  6.0   (278, 140, 724, 138)
 1:12.00  blue       6.0   6.0  6.0  6.0  6.0   (278, 140, 725, 138)
 1:12.50  blue       6.0   6.0  6.0  6.0  6.0   (278, 140, 725, 138)
 1:13.00  blue       6.0   6.0  6.0  6.0  6.0   (278, 140, 725, 138)
 1:13.50  blue       6.0   6.0  6.0  6.0  6.0   (278, 140, 725, 138)
 1:14.00  blue       6.0   6.0  6.0  6.0  6.0   (278, 298, 724, 186)
 1:14.50  blue       6.0   6.0  6.0  6.0  6.0   (278, 298, 724, 186)
 1:15.00  blue       6.0   6.0  6.0  6.0  6.0   (278, 298, 724, 186)
 1:15.50  blue       6.0   6.0  6.0  6.0  6.0   (278, 298, 724, 186)
 1:16.00  blue       6.0   6.0  6.0  6.0  6.0   (278, 298, 724, 186)
 1:16.50  blue       6.0   6.0  6.0  6.0  6.0   (278, 298, 724, 186)
 1:17.00  blue       6.0   6.0  6.0  6.0  6.0   (278, 298, 724, 186)
 1:17.50  blue       6.0   6.0  6.0  6.0  6.0   (278, 298, 724, 186)
 1:18.00  blue       6.0   6.0  6.0  6.0  6.0   (278, 298, 724, 186)
 1:18.50  blue       6.0   6.0  6.0  6.0  6.0   (278, 298, 724, 186)
 1:19.00  blue       6.0   6.0  6.0  6.0  6.0   (278, 298, 724, 186)
 1:19.50  blue       6.0   6.0  6.0  6.0  6.0   (278, 298, 724, 186)
 1:20.00  blue       6.0   6.0  6.0  6.0  6.0   (278, 298, 724, 186)
 1:20.50  blue       6.0   6.0  6.0  6.0  6.0   (278, 298, 725, 186)
 1:21.00  blue       6.0   6.0  6.0  6.0  6.0   (278, 298, 725, 186)
 1:21.50  blue       6.0   6.0  6.0  6.0  6.0   (278, 504, 724, 182)
 1:22.00  blue       6.0   6.0  6.0  6.0  6.0   (278, 504, 724, 182)
 1:22.50  blue       6.0   6.0  6.0  6.0  6.0   (278, 504, 724, 182)
 1:23.00  blue       6.0   6.0  6.0  6.0  6.0   (278, 504, 724, 182)
 1:23.50  blue       6.0   6.0  6.0  6.0  6.0   (278, 504, 724, 182)
 1:24.00  blue       6.0   6.0  6.0  6.0  6.0   (278, 504, 724, 182)
 1:24.50  blue       6.0   6.0  6.0  6.0  6.0   (278, 504, 724, 182)
 1:25.00  blue       6.0   6.0  6.0  6.0  6.0   (278, 504, 724, 182)
 1:25.50  blue       6.0   6.0  6.0  6.0  6.0   (278, 504, 724, 182)
 1:26.00  blue       6.0   6.0  6.0  6.0  6.0   (278, 504, 724, 182)
 1:26.50  blue       6.0   6.0  6.0  6.0  6.0   (278, 504, 724, 182)
 1:27.00  blue       6.0   6.0  6.0  6.0  6.0   (278, 504, 724, 182)
 1:27.50  blue       6.0   6.0  6.0  6.0  6.0   (278, 504, 724, 182)
 1:28.00  blue       6.0   6.0  6.0  6.0  6.0   (278, 504, 724, 182)
 1:28.50  purple     6.0   6.0  6.0  6.0  6.0   (961, 18, 319, 128)
 1:29.00  purple     6.0   6.0  6.0  6.0  6.0   (314, 18, 725, 128)
 1:29.50  purple     6.0   6.0  6.0  6.0  6.0   (278, 18, 725, 128)
 1:30.00  purple     6.0   6.0  6.0  6.0  6.0   (278, 18, 725, 128)
 1:30.50  purple     6.0   6.0  6.0  6.0  6.0   (278, 18, 725, 128)
 1:31.00  purple     6.0   6.0  6.0  6.0  6.0   (278, 18, 725, 128)
 1:31.50  purple     6.0   6.0  6.0  6.0  6.0   (278, 18, 725, 128)
 1:32.00  purple     6.0   6.0  6.0  6.0  6.0   (278, 18, 725, 128)
 1:32.50  purple     6.0   6.0  6.0  6.0  6.0   (278, 18, 725, 128)
 1:33.00  purple     6.0   6.0  6.0  6.0  6.0   (278, 18, 725, 128)
 1:33.50  purple     6.0   6.0  6.0  6.0  6.0   (278, 18, 725, 128)
 1:34.00  purple     6.0   6.0  6.0  6.0  6.0   (278, 18, 725, 128)
 1:34.50  purple     6.0   6.0  6.0  6.0  6.0   (278, 140, 725, 139)
 1:35.00  purple     6.0   6.0  6.0  6.0  6.0   (278, 140, 725, 139)
 1:35.50  purple     6.0   6.0  6.0  6.0  6.0   (278, 140, 725, 139)
 1:36.00  purple     6.0   6.0  6.0  6.0  6.0   (278, 140, 725, 139)
 1:36.50  purple     6.0   6.0  6.0  6.0  6.0   (278, 140, 725, 139)
 1:37.00  purple     6.0   6.0  6.0  6.0  6.0   (278, 140, 725, 139)
 1:37.50  purple     6.0   6.0  6.0  6.0  6.0   (278, 140, 725, 139)
 1:38.00  purple     6.0   6.0  6.0  6.0  6.0   (278, 140, 725, 139)
 1:38.50  purple     6.0   6.0  6.0  6.0  6.0   (278, 140, 725, 139)
 1:39.00  purple     6.0   6.0  6.0  6.0  6.0   (278, 140, 725, 139)
 1:39.50  purple     6.0   6.0  6.0  6.0  6.0   (278, 140, 725, 139)
 1:40.00  purple     6.0   6.0  6.0  6.0  6.0   (278, 298, 725, 186)
 1:40.50  purple     6.0   6.0  6.0  6.0  6.0   (278, 298, 725, 186)
 1:41.00  purple     6.0   6.0  6.0  6.0  6.0   (278, 298, 725, 186)
 1:41.50  purple     6.0   6.0  6.0  6.0  6.0   (278, 298, 725, 186)
 1:42.00  purple     6.0   6.0  6.0  6.0  6.0   (278, 298, 725, 186)
 1:42.50  purple     6.0   6.0  6.0  6.0  6.0   (278, 298, 725, 186)
 1:43.00  purple     6.0   6.0  6.0  6.0  6.0   (278, 298, 725, 186)
 1:43.50  purple     6.0   6.0  6.0  6.0  6.0   (278, 298, 725, 186)
 1:44.00  purple     6.0   6.0  6.0  6.0  6.0   (278, 298, 725, 186)
 1:44.50  purple     6.0   6.0  6.0  6.0  6.0   (278, 298, 725, 186)
 1:45.00  purple     6.0   6.0  6.0  6.0  6.0   (278, 298, 725, 186)
 1:45.50  purple     6.0   6.0  6.0  6.0  6.0   (278, 298, 725, 186)
 1:46.00  purple     6.0   6.0  6.0  6.0  6.0   (278, 298, 725, 186)
 1:46.50  purple     6.0   6.0  6.0  6.0  6.0   (278, 504, 725, 183)
 1:47.00  purple     6.0   6.0  6.0  6.0  6.0   (278, 504, 725, 183)
 1:47.50  purple     6.0   6.0  6.0  6.0  6.0   (278, 504, 725, 183)
 1:48.00  purple     6.0   6.0  6.0  6.0  6.0   (278, 504, 725, 183)
 1:48.50  purple     6.0   6.0  6.0  6.0  6.0   (278, 504, 725, 183)
 1:49.00  purple     6.0   6.0  6.0  6.0  6.0   (278, 504, 725, 183)
 1:49.50  purple     6.0   6.0  6.0  6.0  6.0   (278, 504, 725, 183)
 1:50.00  purple     6.0   6.0  6.0  6.0  6.0   (278, 504, 725, 183)
 1:50.50  purple     6.0   6.0  6.0  6.0  6.0   (278, 504, 725, 183)
 1:51.00  purple     6.0   6.0  6.0  6.0  6.0   (278, 504, 725, 183)
 1:51.50  purple     6.0   6.0  6.0  6.0  6.0   (278, 504, 725, 183)
 1:52.00  purple     6.0   6.0  6.0  6.0  6.0   (278, 504, 725, 183)
 1:52.50  purple     6.0   6.0  6.0  6.0  6.0   (278, 504, 725, 183)
 1:53.00  purple    12.5  19.0 19.0  6.0  5.0   (618, 0, 112, 88)
 1:53.00  purple    10.5   8.0  4.0 22.5 13.0   (724, 0, 200, 88)
 1:53.00  purple     6.0   6.0  6.0  6.0  6.0   (412, 508, 606, 154)
 1:53.50  violet     4.0   4.0  4.0  4.0  4.0   (198, 652, 850, 56)
 1:54.00  violet     4.0   4.0  4.0  4.0  4.0   (230, 648, 820, 54)
 1:54.50  violet     4.0   4.0  4.0  4.0  4.0   (230, 648, 820, 54)
 1:55.00  violet     4.0   4.0  4.0  4.0  4.0   (230, 648, 820, 54)
 1:55.50  violet     4.0   4.0  4.0  4.0  4.0   (230, 648, 820, 54)
 1:56.00  violet     4.0   4.0  4.0  4.0  4.0   (230, 648, 820, 54)
 1:56.50  violet     4.0   4.0  4.0  4.0  4.0   (230, 648, 820, 54)
 1:57.00  violet     4.0   4.0  4.0  4.0  4.0   (230, 648, 820, 54)
 1:57.50  violet     4.0   4.0  4.0  4.0  4.0   (230, 648, 820, 54)
 1:58.00  violet     4.0   4.0  4.0  4.0  4.0   (230, 648, 820, 54)
 1:58.50  violet     4.0   4.0  4.0  4.0  4.0   (230, 648, 820, 54)
 1:59.00  violet     4.0   4.0  4.0  4.0  4.0   (230, 648, 820, 54)
 2:09.50  blue       6.0   6.0  6.0  6.0  6.0   (28, 120, 604, 448)
 2:10.00  blue       6.0   6.0  6.0  6.0  6.0   (28, 120, 604, 448)
 2:10.50  blue       6.0   6.0  6.0  6.0  6.0   (28, 120, 604, 448)
 2:11.00  blue       6.0   6.0  6.0  6.0  6.0   (28, 120, 604, 448)
 2:11.50  blue       6.0   6.0  6.0  6.0  6.0   (28, 120, 604, 448)
 2:12.00  blue       6.0   6.0  6.0  6.0  6.0   (28, 120, 604, 448)
 2:12.50  blue       6.0   6.0  6.0  6.0  6.0   (28, 120, 604, 448)
 2:13.00  blue       6.0   6.0  6.0  6.0  6.0   (28, 120, 604, 448)
 2:13.50  blue       6.0   6.0  6.0  6.0  6.0   (28, 120, 604, 448)
 2:14.00  blue       6.0   6.0  6.0  6.0  6.0   (28, 120, 604, 448)
 2:14.50  blue       6.0   6.0  6.0  6.0  6.0   (28, 120, 604, 448)
 2:15.00  blue       6.0   6.0  6.0  6.0  6.0   (28, 120, 604, 448)
 2:15.50  blue       6.0   6.0  6.0  6.0  6.0   (28, 120, 604, 448)
 2:16.00  blue       6.0   6.0  6.0  6.0  6.0   (28, 120, 604, 448)
 2:16.50  blue       6.0   6.0  6.0  6.0  6.0   (28, 120, 604, 448)
 2:17.00  green      7.0   7.0  7.0  7.0  7.0   (648, 119, 606, 450)
 2:17.50  green      7.0   7.0  7.0  7.0  7.0   (648, 119, 606, 450)
 2:18.00  green      7.0   7.0  7.0  7.0  7.0   (648, 119, 606, 450)
 2:18.50  green      7.0   7.0  7.0  7.0  7.0   (648, 119, 606, 450)
 2:19.00  green      7.0   7.0  7.0  7.0  7.0   (648, 119, 606, 450)
 2:19.50  green      7.0   7.0  7.0  7.0  7.0   (648, 119, 606, 450)
 2:20.00  green      7.0   7.0  7.0  7.0  7.0   (648, 119, 606, 450)
 2:20.50  green      7.0   7.0  7.0  7.0  7.0   (648, 119, 606, 450)
 2:21.00  green      7.0   7.0  7.0  7.0  7.0   (648, 119, 606, 450)
 2:21.50  green      7.0   7.0  7.0  7.0  7.0   (648, 119, 606, 450)
 2:22.00  green      7.0   7.0  7.0  7.0  7.0   (648, 119, 606, 450)
 2:22.50  green      7.0   7.0  7.0  7.0  7.0   (648, 119, 606, 450)
 2:23.00  green      7.0   7.0  7.0  7.0  7.0   (648, 119, 606, 450)
 2:23.50  green      7.0   7.0  7.0  7.0  7.0   (648, 119, 606, 450)
 2:24.00  green      7.0   7.0  7.0  7.0  7.0   (648, 119, 606, 450)
 2:24.50  green      7.0   7.0  7.0  7.0  7.0   (648, 119, 606, 450)
 2:25.00  green      7.0   7.0  7.0  7.0  7.0   (648, 119, 606, 450)
 2:25.50  violet     6.0   6.0  6.0  6.0  6.0   (28, 590, 1226, 82)
 2:26.00  violet     6.0   6.0  6.0  6.0  6.0   (28, 590, 1226, 82)
 2:26.50  violet     6.0   6.0  6.0  6.0  6.0   (28, 590, 1226, 82)
 2:27.00  violet     6.0   6.0  6.0  6.0  6.0   (28, 590, 1226, 82)
 2:27.50  violet     6.0   6.0  6.0  6.0  6.0   (28, 590, 1226, 82)
 2:28.00  violet     6.0   6.0  6.0  6.0  6.0   (28, 590, 1226, 82)
 2:34.50  green     12.0   5.5  9.5 14.5 14.5   (482, 358, 150, 121)
 2:35.00  green     12.0   5.5  9.5 14.5 14.5   (482, 358, 150, 121)
 2:35.50  green     12.0   5.5  9.5 14.5 14.5   (482, 358, 150, 121)
 2:36.00  green     12.0   5.5  9.5 14.5 14.5   (482, 358, 150, 121)
 2:36.50  green     12.0   5.5  9.5 14.5 14.5   (482, 358, 150, 121)
 2:37.00  green     12.0   5.5  9.5 14.5 14.5   (482, 358, 150, 121)
 2:37.50  green     12.0   5.5  9.5 14.5 14.5   (482, 358, 150, 121)
 2:38.00  green     12.0   5.5  9.5 14.5 14.5   (482, 358, 150, 121)
 2:38.50  green     12.0   5.5  9.5 14.5 14.5   (482, 358, 150, 121)
 2:39.00  green     12.0   5.5  9.5 14.5 14.5   (482, 358, 150, 121)
 2:39.50  green     12.0   5.5  9.5 14.5 14.5   (482, 358, 150, 121)
 2:40.00  green     15.5   9.0 13.0 18.0 20.0   (576, 523, 244, 190)
 2:40.00  purple     6.5   7.0  6.0  8.0  6.0   (256, 48, 571, 454)
 2:40.50  purple     6.5   7.0  6.0  8.0  6.0   (238, 40, 804, 642)
 2:41.00  purple     6.5   7.0  6.0  8.0  6.0   (238, 40, 804, 642)
 2:41.50  purple     6.5   7.0  6.0  8.0  6.0   (238, 40, 804, 642)
 2:42.00  purple     6.5   7.0  6.0  8.0  6.0   (238, 40, 804, 642)
 2:42.50  purple     6.5   7.0  6.0  8.0  6.0   (238, 40, 805, 642)
 2:43.00  purple     6.5   7.0  6.0  8.0  6.0   (238, 40, 805, 642)
 2:43.50  purple     6.5   7.0  6.0  8.0  6.0   (238, 40, 805, 642)
 2:44.00  purple     6.5   7.0  6.0  8.0  6.0   (238, 40, 805, 642)
 2:44.50  purple     6.5   7.0  6.0  8.0  6.0   (238, 40, 805, 642)
 2:45.00  purple     6.5   7.0  6.0  8.0  6.0   (238, 40, 805, 642)
 2:45.50  purple     6.5   7.0  6.0  8.0  6.0   (238, 40, 805, 642)
 2:46.00  purple     6.5   7.0  6.0  8.0  6.0   (238, 40, 805, 642)
 2:46.50  purple     6.5   7.0  6.0  8.0  6.0   (238, 40, 805, 642)
 2:47.00  purple     6.5   7.0  6.0  8.0  6.0   (238, 40, 805, 642)
 2:47.50  purple     6.5   7.0  6.0  8.0  6.0   (238, 40, 805, 642)
 2:48.00  purple     6.5   7.0  6.0  8.0  6.0   (238, 40, 805, 642)
 2:48.50  purple     6.5   7.0  6.0  8.0  6.0   (238, 40, 805, 642)
 2:49.00  purple     6.5   7.0  6.0  8.0  6.0   (238, 40, 805, 642)
 2:49.50  purple     6.5   7.0  6.0  8.0  6.0   (238, 40, 805, 642)
 2:50.00  blue       8.0   8.0  8.0  8.0  6.0   (1068, 40, 212, 642)
 2:50.50  blue       6.0   6.0  6.0  8.0  6.0   (470, 40, 804, 642)
 2:51.00  blue       7.0   8.0  6.0  8.0  6.0   (238, 40, 804, 642)
 2:51.50  blue       7.0   8.0  6.0  8.0  6.0   (238, 40, 804, 642)
 2:52.00  blue       7.0   8.0  6.0  8.0  6.0   (238, 40, 804, 642)
 2:52.50  blue       7.0   8.0  6.0  8.0  6.0   (238, 40, 804, 642)
 2:53.00  blue       7.0   8.0  6.0  8.0  6.0   (238, 40, 804, 642)
 2:53.50  blue       7.0   8.0  6.0  8.0  6.0   (238, 40, 804, 642)
 2:54.00  blue       7.0   8.0  6.0  8.0  6.0   (238, 40, 804, 642)
 2:54.50  blue       7.0   8.0  6.0  8.0  6.0   (238, 40, 804, 642)
 2:55.00  blue       7.0   8.0  6.0  8.0  6.0   (238, 40, 804, 642)
 2:55.50  blue       7.0   8.0  6.0  8.0  6.0   (238, 40, 804, 642)
 2:56.00  blue       7.0   8.0  6.0  8.0  6.0   (238, 40, 804, 642)
 2:56.50  blue       7.0   8.0  6.0  8.0  6.0   (238, 40, 804, 642)
 2:57.50  green     12.0  14.0 26.0  1.0 10.0   (212, 127, 310, 153)
 2:57.50  green     14.2  19.0 21.0  8.5  9.5   (718, 160, 139, 133)
 2:57.50  teal      14.8   7.0 12.5 17.0 21.0   (137, 120, 806, 600)
 2:58.00  green     13.5  16.0 21.0 11.0 10.0   (820, 80, 138, 132)
 2:58.00  teal       8.0   7.0  9.0 16.0  7.0   (238, 40, 805, 642)
 2:58.00  teal      12.8  16.0 15.5 10.0 10.0   (838, 222, 112, 61)
 2:58.50  green     13.5  16.0 21.0 11.0 10.0   (820, 80, 138, 132)
 2:58.50  teal       8.0   7.0  9.0 16.0  7.0   (238, 40, 805, 642)
 2:58.50  teal      12.8  16.0 15.5 10.0 10.0   (838, 222, 112, 61)
 2:59.00  green     13.5  16.0 21.0 11.0 10.0   (820, 80, 138, 132)
 2:59.00  teal       8.0   7.0  9.0 16.0  7.0   (238, 40, 805, 642)
 2:59.00  teal      12.8  16.0 15.5 10.0 10.0   (838, 222, 112, 61)
 2:59.50  green     13.5  16.0 21.0 11.0 10.0   (820, 80, 138, 132)
 2:59.50  teal       8.0   7.0  9.0 16.0  7.0   (238, 40, 805, 642)
 2:59.50  teal      12.8  16.0 15.5 10.0 10.0   (838, 222, 112, 61)
 3:00.00  green     13.5  16.0 21.0 11.0 10.0   (820, 80, 138, 132)
 3:00.00  teal       8.0   7.0  9.0 16.0  7.0   (238, 40, 805, 642)
 3:00.00  teal      12.8  16.0 15.5 10.0 10.0   (838, 222, 112, 61)
 3:00.50  green     13.5  16.0 21.0 11.0 10.0   (820, 80, 138, 132)
 3:00.50  teal       8.0   7.0  9.0 16.0  7.0   (238, 40, 805, 642)
 3:00.50  teal      12.8  16.0 15.5 10.0 10.0   (838, 222, 112, 61)
 3:01.00  green     13.5  16.0 21.0 11.0 10.0   (820, 80, 138, 132)
 3:01.00  teal       8.0   7.0  9.0 16.0  7.0   (238, 40, 805, 642)
 3:01.00  teal      12.8  16.0 15.5 10.0 10.0   (838, 222, 112, 61)
 3:01.50  green     15.0  19.0 22.0 11.0 10.5   (820, 80, 138, 131)
 3:01.50  teal       8.0   7.0  9.0 16.0  7.0   (238, 40, 805, 642)
 3:02.00  green     15.0  19.0 22.0 11.0 10.5   (820, 79, 138, 132)
 3:02.00  teal       9.0   7.0 11.0 15.0  7.0   (238, 40, 805, 642)
 3:02.00  teal      12.5  21.5 15.0 10.0 10.0   (838, 223, 112, 60)
 3:02.50  green     15.0  19.0 22.0 11.0 10.5   (820, 79, 138, 132)
 3:02.50  teal       9.0   7.0 11.0 15.0  7.0   (238, 40, 805, 642)
 3:02.50  teal      12.5  21.5 15.0 10.0 10.0   (838, 223, 113, 60)
 3:03.00  green     15.0  19.0 22.0 11.0 10.5   (820, 79, 138, 132)
 3:03.00  teal       9.0   7.0 11.0 15.0  7.0   (238, 40, 805, 642)
 3:03.00  teal      12.5  21.5 15.0 10.0 10.0   (838, 223, 113, 60)
 3:03.50  green     15.0  19.0 22.0 11.0 10.5   (820, 79, 138, 132)
 3:03.50  teal       9.0   7.0 11.0 15.0  7.0   (238, 40, 805, 642)
 3:03.50  teal      12.5  21.5 15.0 10.0 10.0   (838, 223, 112, 60)
 3:04.00  green     15.0  19.0 22.0 11.0 10.5   (820, 79, 138, 132)
 3:04.00  teal       9.0   7.0 11.0 15.0  7.0   (238, 40, 805, 642)
 3:04.00  teal      12.5  21.5 15.0 10.0 10.0   (838, 223, 112, 60)
 3:04.50  green     15.0  19.0 22.0 11.0 10.5   (820, 79, 138, 132)
 3:04.50  teal       9.0   7.0 11.0 15.0  7.0   (238, 40, 805, 642)
 3:04.50  teal      12.5  21.5 15.0 10.0 10.0   (838, 223, 113, 60)
 3:05.00  green     15.0  19.0 22.0 11.0 10.5   (820, 79, 138, 132)
 3:05.00  teal       9.0   7.0 11.0 15.0  7.0   (238, 40, 805, 642)
 3:05.00  teal      12.5  21.5 15.0 10.0 10.0   (838, 223, 113, 60)
 3:05.50  green     15.0  19.0 22.0 11.0 10.5   (820, 79, 138, 132)
 3:05.50  teal       9.0   7.0 11.0 15.0  7.0   (238, 40, 805, 642)
 3:05.50  teal      12.5  21.5 15.0 10.0 10.0   (838, 223, 113, 60)
 3:06.00  green     14.5  19.0 22.0 10.0 10.0   (820, 79, 138, 132)
 3:06.00  teal       8.0   7.0  9.0 15.0  7.0   (238, 40, 805, 642)
 3:06.00  teal      12.8  22.0 15.5 10.0 10.0   (838, 223, 113, 60)
 3:06.50  green     14.5  19.0 22.0 10.0 10.0   (820, 79, 138, 132)
 3:06.50  teal       8.0   7.0  9.0 15.0  7.0   (238, 40, 805, 642)
 3:06.50  teal      12.8  22.0 15.5 10.0 10.0   (838, 223, 113, 60)
 3:07.00  green     14.5  19.0 22.0 10.0 10.0   (820, 79, 138, 132)
 3:07.00  teal       8.0   7.0  9.0 15.0  7.0   (238, 40, 805, 642)
 3:07.00  teal      12.8  22.0 15.5 10.0 10.0   (838, 223, 113, 60)
 3:07.50  green     14.5  19.0 22.0 10.0 10.0   (820, 79, 138, 132)
 3:07.50  teal       8.0   7.0  9.0 15.0  7.0   (238, 40, 805, 642)
 3:07.50  teal      12.8  22.0 15.5 10.0 10.0   (838, 223, 113, 60)
 3:08.00  green     14.5  19.0 22.0 10.0 10.0   (820, 79, 138, 132)
 3:08.00  teal       8.0   7.0  9.0 15.0  7.0   (238, 40, 805, 642)
 3:08.00  teal      12.8  22.0 15.5 10.0 10.0   (838, 223, 113, 60)
 3:08.50  green     14.5  19.0 22.0 10.0 10.0   (820, 79, 138, 132)
 3:08.50  teal       8.0   7.0  9.0 15.0  7.0   (238, 40, 805, 642)
 3:08.50  teal      12.8  22.0 15.5 10.0 10.0   (838, 223, 113, 60)
 3:09.00  green     14.5  19.0 22.0 10.0 10.0   (820, 79, 138, 132)
 3:09.00  teal       8.0   7.0  9.0 15.0  7.0   (238, 40, 805, 642)
 3:09.00  teal      12.8  22.0 15.5 10.0 10.0   (838, 223, 113, 60)
 3:09.50  green     14.5  19.0 22.0 10.0 10.0   (820, 79, 138, 132)
 3:09.50  teal       8.0   7.0  9.0 15.0  7.0   (238, 40, 805, 642)
 3:09.50  teal      12.8  22.0 15.5 10.0 10.0   (838, 223, 113, 60)
 3:10.00  green     14.5  19.0 22.0 10.0 10.0   (820, 79, 138, 132)
 3:10.00  teal       8.0   7.0  9.0 13.0  7.0   (238, 40, 805, 642)
 3:10.00  teal      12.8  21.5 15.5 10.0 10.0   (838, 223, 113, 60)
 3:10.50  green     14.5  12.5 16.5  1.0 30.0   (366, 46, 337, 266)
 3:10.50  green     14.0  18.0 21.0 10.0 10.0   (484, 80, 139, 130)
 3:10.50  amber      7.0   6.0  8.0  8.0  6.0   (734, 40, 546, 642)
 3:11.00  green     15.0  20.0 21.0 10.0 10.0   (0, 80, 127, 131)
 3:11.00  teal      12.5  16.5 15.0 10.0 10.0   (8, 222, 112, 61)
 3:11.00  amber      6.5   7.0  6.0  7.0  6.0   (238, 40, 804, 642)
 3:11.50  green     14.5  19.0 21.0 10.0 10.0   (0, 80, 127, 132)
 3:11.50  amber      6.5   7.0  6.0  7.0  6.0   (238, 40, 804, 642)
 3:12.00  green     14.5  19.0 21.0 10.0 10.0   (0, 80, 127, 132)
 3:12.00  amber      6.5   7.0  6.0  7.0  6.0   (238, 40, 804, 642)
 3:12.50  green     14.5  19.0 21.0 10.0 10.0   (0, 80, 127, 132)
 3:12.50  amber      6.5   7.0  6.0  7.0  6.0   (238, 40, 804, 642)
 3:13.00  green     14.5  19.0 21.0 10.0 10.0   (0, 80, 127, 132)
 3:13.00  amber      6.5   7.0  6.0  7.0  6.0   (238, 40, 804, 642)
 3:13.50  green     14.5  19.0 21.0 10.0 10.0   (0, 80, 127, 132)
 3:13.50  amber      6.5   7.0  6.0  7.0  6.0   (238, 40, 804, 642)
 3:14.00  green     15.0  20.0 21.0 10.0 10.0   (0, 80, 127, 131)
 3:14.00  amber      7.0   7.0  6.0  7.0  7.0   (238, 40, 804, 642)
 3:14.50  green     15.0  20.0 21.0 10.0 10.0   (0, 80, 127, 131)
 3:14.50  amber      7.0   7.0  6.0  7.0  7.0   (238, 40, 804, 642)
 3:15.00  green     15.0  20.0 21.0 10.0 10.0   (0, 80, 127, 131)
 3:15.00  amber      7.0   7.0  6.0  7.0  7.0   (238, 40, 804, 642)
 3:15.50  green     15.0  20.0 21.0 10.0 10.0   (0, 80, 127, 131)
 3:15.50  amber      7.0   7.0  6.0  7.0  7.0   (238, 40, 804, 642)
 3:16.00  green     15.0  20.0 21.0 10.0 10.0   (0, 80, 127, 131)
 3:16.00  amber      7.0   7.0  6.0  7.0  7.0   (238, 40, 804, 642)
 3:16.50  green     15.0  20.0 21.0 10.0 10.0   (0, 80, 127, 131)
 3:16.50  amber      7.0   7.0  6.0  7.0  7.0   (238, 40, 804, 642)
 3:17.00  green     15.0  20.0 21.0 10.0 10.0   (0, 80, 127, 131)
 3:17.00  amber      7.0   7.0  6.0  7.0  7.0   (238, 40, 804, 642)
 3:17.50  green     15.0  20.0 21.0 10.0 10.0   (0, 80, 127, 131)
 3:17.50  amber      7.0   7.0  6.0  7.0  7.0   (238, 40, 804, 642)
 3:18.00  green     15.0  20.0 21.0 10.0 10.0   (0, 80, 127, 131)
 3:18.00  amber      7.0   7.0  6.0  7.0  7.0   (238, 40, 804, 642)
 3:18.50  green     15.0  20.0 21.0 10.0 10.0   (0, 80, 128, 131)
 3:18.50  teal      12.5  17.0 15.0 10.0 10.0   (7, 222, 113, 61)
 3:18.50  amber      7.0   7.0  6.0  7.0  7.0   (238, 40, 804, 642)
 3:19.00  green     15.0  20.0 21.0 10.0 10.0   (0, 80, 128, 131)
 3:19.00  teal      12.5  17.0 15.0 10.0 10.0   (7, 222, 113, 61)
 3:19.00  amber      7.0   7.0  6.0  7.0  7.0   (238, 40, 804, 642)
 3:19.50  green     15.0  20.0 21.0 10.0 10.0   (0, 80, 128, 131)
 3:19.50  teal      12.5  17.0 15.0 10.0 10.0   (7, 222, 113, 61)
 3:19.50  amber      7.0   7.0  6.0  7.0  7.0   (238, 40, 804, 642)
 3:20.00  green     15.0  20.0 21.0 10.0 10.0   (0, 80, 128, 131)
 3:20.00  teal      12.5  17.0 15.0 10.0 10.0   (7, 222, 113, 61)
 3:20.00  amber      7.0   7.0  6.0  7.0  7.0   (238, 40, 804, 642)
 3:20.50  green     12.0   9.0 12.0 20.0 12.0   (184, 207, 242, 192)
 3:20.50  amber      6.0   6.0  7.0  6.0  6.0   (448, 202, 578, 460)
 3:21.00  green      8.5   5.5  8.0 13.0  9.0   (468, 354, 158, 121)
 3:21.00  amber      6.0   6.0  6.0  7.0  6.0   (638, 348, 370, 298)
 3:21.50  green     11.5   5.5  8.0 15.0 15.0   (482, 358, 150, 119)
 3:21.50  amber      6.0   6.0  6.0  7.0  6.0   (644, 352, 364, 292)
 3:22.00  green     11.5   5.5  8.0 15.0 15.0   (482, 358, 150, 119)
 3:22.00  violet     6.0   6.0  6.0  6.0  6.0   (272, 654, 736, 53)
 3:22.50  green     11.2   5.0  8.0 14.5 14.5   (482, 358, 150, 122)
 3:22.50  violet     6.0   6.0  6.0  6.0  6.0   (272, 654, 736, 54)
 3:23.00  green     11.2   5.0  8.0 14.5 14.5   (482, 358, 150, 122)
 3:23.00  violet     6.0   6.0  6.0  6.0  6.0   (272, 654, 736, 54)
 3:23.50  green     11.2   5.0  8.0 14.5 14.5   (482, 358, 150, 122)
 3:23.50  violet     6.0   6.0  6.0  6.0  6.0   (272, 654, 736, 54)
 3:24.00  green     11.2   5.0  8.0 14.5 14.5   (482, 358, 150, 122)
 3:24.00  violet     6.0   6.0  6.0  6.0  6.0   (272, 654, 736, 54)
 3:24.50  green     11.2   5.0  8.0 14.5 14.5   (482, 358, 150, 122)
 3:24.50  violet     6.0   6.0  6.0  6.0  6.0   (272, 654, 736, 54)
 3:25.00  green     11.2   5.0  8.0 14.5 14.5   (482, 358, 150, 122)
 3:25.00  violet     6.0   6.0  6.0  6.0  6.0   (272, 654, 736, 54)
 3:25.50  green     11.2   5.0  8.0 14.5 14.5   (482, 358, 150, 122)
 3:25.50  violet     6.0   6.0  6.0  6.0  6.0   (272, 654, 736, 54)
 3:26.00  green     11.2   5.0  8.0 14.5 14.5   (482, 358, 150, 122)
 3:26.00  violet     6.0   6.0  6.0  6.0  6.0   (272, 654, 736, 54)
 3:26.50  green     11.2   5.0  8.0 14.5 14.5   (482, 358, 150, 122)
 3:26.50  violet     6.0   6.0  6.0  6.0  6.0   (272, 654, 736, 54)
 3:27.00  green     11.5   6.0  9.0 14.0 14.0   (482, 358, 150, 122)
 3:27.00  violet     6.0   6.0  6.0  6.0  6.0   (272, 654, 736, 52)
 3:27.50  green     11.5   6.0  9.0 14.0 14.0   (482, 358, 150, 122)
 3:27.50  violet     6.0   6.0  6.0  6.0  6.0   (272, 654, 736, 52)
 3:28.00  green     11.5   6.0  9.0 14.0 14.0   (482, 358, 150, 122)
 3:28.00  violet     6.0   6.0  6.0  6.0  6.0   (272, 654, 736, 52)
 3:28.50  green     11.5   6.0  9.0 14.0 14.0   (482, 358, 150, 122)
 3:28.50  violet     6.0   6.0  6.0  6.0  6.0   (272, 654, 736, 52)
 3:29.00  green     11.5   6.0  9.0 14.0 14.0   (482, 358, 150, 122)
 3:29.00  violet     6.0   6.0  6.0  6.0  6.0   (272, 654, 736, 52)
 3:29.50  green     11.5   6.0  9.0 14.0 14.0   (482, 358, 150, 122)
 3:29.50  violet     6.0   6.0  6.0  6.0  6.0   (272, 654, 736, 52)

# 369 ring samples in 89 runs; stroke histogram (rounded px): 2 px: 8, 4 px: 13, 6 px: 168, 7 px: 43, 8 px: 19, 9 px: 8, 10 px: 1, 11 px: 9, 12 px: 35, 13 px: 16, 14 px: 24, 15 px: 24, 16 px: 1
# runs (start, end, color, median stroke, min-max, samples)
 0:36.00 -  0:39.50  gold      2.5   2.0- 2.5    8
 1:02.50 -  1:02.50  blue      4.0   4.0- 4.0    1
 1:03.00 -  1:04.00  blue      6.0   6.0- 6.0    3
 1:04.50 -  1:13.50  blue      6.0   6.0- 6.0   19
 1:14.00 -  1:21.00  blue      6.0   6.0- 6.0   15
 1:21.50 -  1:28.00  blue      6.0   6.0- 6.0   14
 1:28.50 -  1:28.50  purple    6.0   6.0- 6.0    1
 1:29.00 -  1:34.00  purple    6.0   6.0- 6.0   11
 1:34.50 -  1:39.50  purple    6.0   6.0- 6.0   11
 1:40.00 -  1:46.00  purple    6.0   6.0- 6.0   13
 1:46.50 -  1:52.50  purple    6.0   6.0- 6.0   13
 1:53.00 -  1:53.00  purple   12.5  12.5-12.5    1
 1:53.00 -  1:53.00  purple   10.5  10.5-10.5    1
 1:53.00 -  1:53.00  purple    6.0   6.0- 6.0    1
 1:53.50 -  1:59.00  violet    4.0   4.0- 4.0   12
 2:09.50 -  2:16.50  blue      6.0   6.0- 6.0   15
 2:17.00 -  2:25.00  green     7.0   7.0- 7.0   17
 2:25.50 -  2:28.00  violet    6.0   6.0- 6.0    6
 2:34.50 -  2:39.50  green    12.0  12.0-12.0   11
 2:40.00 -  2:40.00  green    15.5  15.5-15.5    1
 2:40.00 -  2:40.00  purple    6.5   6.5- 6.5    1
 2:40.50 -  2:49.50  purple    6.5   6.5- 6.5   19
 2:50.00 -  2:50.00  blue      8.0   8.0- 8.0    1
 2:50.50 -  2:50.50  blue      6.0   6.0- 6.0    1
 2:51.00 -  2:56.50  blue      7.0   7.0- 7.0   12
 2:57.50 -  2:57.50  green    12.0  12.0-12.0    1
 2:57.50 -  2:57.50  green    14.2  14.2-14.2    1
 2:57.50 -  2:57.50  teal     14.8  14.8-14.8    1
 2:58.00 -  3:10.00  green    14.5  13.5-15.0   25
 2:58.00 -  2:58.00  teal      8.0   8.0- 8.0    1
 2:58.00 -  2:58.00  teal     12.8  12.8-12.8    1
 2:58.50 -  2:58.50  teal      8.0   8.0- 8.0    1
 2:58.50 -  2:58.50  teal     12.8  12.8-12.8    1
 2:59.00 -  2:59.00  teal      8.0   8.0- 8.0    1
 2:59.00 -  2:59.00  teal     12.8  12.8-12.8    1
 2:59.50 -  2:59.50  teal      8.0   8.0- 8.0    1
 2:59.50 -  2:59.50  teal     12.8  12.8-12.8    1
 3:00.00 -  3:00.00  teal      8.0   8.0- 8.0    1
 3:00.00 -  3:00.00  teal     12.8  12.8-12.8    1
 3:00.50 -  3:00.50  teal      8.0   8.0- 8.0    1
 3:00.50 -  3:00.50  teal     12.8  12.8-12.8    1
 3:01.00 -  3:01.00  teal      8.0   8.0- 8.0    1
 3:01.00 -  3:01.00  teal     12.8  12.8-12.8    1
 3:01.50 -  3:02.00  teal      8.5   8.0- 9.0    2
 3:02.00 -  3:02.00  teal     12.5  12.5-12.5    1
 3:02.50 -  3:02.50  teal      9.0   9.0- 9.0    1
 3:02.50 -  3:02.50  teal     12.5  12.5-12.5    1
 3:03.00 -  3:03.00  teal      9.0   9.0- 9.0    1
 3:03.00 -  3:03.00  teal     12.5  12.5-12.5    1
 3:03.50 -  3:03.50  teal      9.0   9.0- 9.0    1
 3:03.50 -  3:03.50  teal     12.5  12.5-12.5    1
 3:04.00 -  3:04.00  teal      9.0   9.0- 9.0    1
 3:04.00 -  3:04.00  teal     12.5  12.5-12.5    1
 3:04.50 -  3:04.50  teal      9.0   9.0- 9.0    1
 3:04.50 -  3:04.50  teal     12.5  12.5-12.5    1
 3:05.00 -  3:05.00  teal      9.0   9.0- 9.0    1
 3:05.00 -  3:05.00  teal     12.5  12.5-12.5    1
 3:05.50 -  3:05.50  teal      9.0   9.0- 9.0    1
 3:05.50 -  3:05.50  teal     12.5  12.5-12.5    1
 3:06.00 -  3:06.00  teal      8.0   8.0- 8.0    1
 3:06.00 -  3:06.00  teal     12.8  12.8-12.8    1
 3:06.50 -  3:06.50  teal      8.0   8.0- 8.0    1
 3:06.50 -  3:06.50  teal     12.8  12.8-12.8    1
 3:07.00 -  3:07.00  teal      8.0   8.0- 8.0    1
 3:07.00 -  3:07.00  teal     12.8  12.8-12.8    1
 3:07.50 -  3:07.50  teal      8.0   8.0- 8.0    1
 3:07.50 -  3:07.50  teal     12.8  12.8-12.8    1
 3:08.00 -  3:08.00  teal      8.0   8.0- 8.0    1
 3:08.00 -  3:08.00  teal     12.8  12.8-12.8    1
 3:08.50 -  3:08.50  teal      8.0   8.0- 8.0    1
 3:08.50 -  3:08.50  teal     12.8  12.8-12.8    1
 3:09.00 -  3:09.00  teal      8.0   8.0- 8.0    1
 3:09.00 -  3:09.00  teal     12.8  12.8-12.8    1
 3:09.50 -  3:09.50  teal      8.0   8.0- 8.0    1
 3:09.50 -  3:09.50  teal     12.8  12.8-12.8    1
 3:10.00 -  3:10.00  teal      8.0   8.0- 8.0    1
 3:10.00 -  3:10.00  teal     12.8  12.8-12.8    1
 3:10.50 -  3:10.50  green    14.5  14.5-14.5    1
 3:10.50 -  3:10.50  green    14.0  14.0-14.0    1
 3:10.50 -  3:10.50  amber     7.0   7.0- 7.0    1
 3:11.00 -  3:20.00  green    15.0  14.5-15.0   19
 3:11.00 -  3:11.00  teal     12.5  12.5-12.5    1
 3:11.00 -  3:20.00  amber     7.0   6.5- 7.0   19
 3:18.50 -  3:20.00  teal     12.5  12.5-12.5    4
 3:20.50 -  3:20.50  green    12.0  12.0-12.0    1
 3:20.50 -  3:20.50  amber     6.0   6.0- 6.0    1
 3:21.00 -  3:29.50  green    11.2   8.5-11.5   18
 3:21.00 -  3:21.50  amber     6.0   6.0- 6.0    2
 3:22.00 -  3:29.50  violet    6.0   6.0- 6.0   16
