# evaluate-the-results.mp4  1280x720  duration=4:16.93  step=0.5s  thr=45.0
# target: fixed 4 px at 720p (6 px at 1080p), Edit Spec section 5 (2026-09-26); widths are SOLID pixels at thr, true width is about +0.5
# time      color    stroke   L    R    T    B    bbox(x,y,w,h)
 0:49.50  blue       6.0   6.0  6.0  6.0  6.0   (26, 216, 404, 356)
 0:50.00  blue       6.0   6.0  6.0  6.0  6.0   (26, 216, 402, 356)
 0:50.50  blue       6.0   6.0  6.0  6.0  6.0   (26, 216, 402, 356)
 0:51.00  blue       6.0   6.0  6.0  6.0  6.0   (26, 216, 402, 356)
 0:51.50  blue       6.0   6.0  6.0  6.0  6.0   (26, 216, 402, 356)
 0:52.00  blue       6.0   6.0  6.0  6.0  6.0   (26, 216, 402, 356)
 0:52.50  blue       6.0   6.0  6.0  6.0  6.0   (26, 216, 402, 356)
 0:53.00  blue       6.0   6.0  6.0  6.0  6.0   (26, 216, 402, 356)
 0:53.50  blue       6.0   6.0  6.0  6.0  6.0   (26, 216, 402, 356)
 0:54.00  blue       6.0   6.0  6.0  6.0  6.0   (26, 216, 402, 356)
 0:54.50  blue       6.0   6.0  6.0  6.0  6.0   (26, 216, 402, 356)
 0:55.00  blue       6.0   6.0  6.0  6.0  6.0   (26, 216, 402, 356)
 0:55.50  blue       6.0   6.0  6.0  6.0  6.0   (26, 216, 402, 356)
 0:56.00  teal       7.0   7.0  7.0  7.0  7.0   (438, 215, 405, 358)
 0:56.50  teal       7.0   7.0  7.0  7.0  7.0   (438, 215, 405, 358)
 0:57.00  teal       7.0   7.0  7.0  7.0  7.0   (438, 215, 405, 358)
 0:57.50  teal       7.0   7.0  7.0  7.0  7.0   (438, 215, 405, 358)
 0:58.00  teal       7.0   7.0  7.0  7.0  7.0   (438, 215, 405, 358)
 0:58.50  teal       7.0   7.0  7.0  7.0  7.0   (438, 215, 405, 358)
 0:59.00  teal       7.0   7.0  7.0  7.0  7.0   (438, 215, 405, 358)
 0:59.50  teal       7.0   7.0  7.0  7.0  7.0   (438, 215, 405, 358)
 1:00.00  teal       7.0   7.0  7.0  7.0  7.0   (438, 215, 405, 358)
 1:00.50  teal       7.0   7.0  7.0  7.0  7.0   (438, 215, 405, 358)
 1:01.00  teal       7.0   7.0  7.0  7.0  7.0   (438, 215, 405, 358)
 1:01.50  teal       7.0   7.0  7.0  7.0  7.0   (438, 215, 405, 358)
 1:02.00  teal       7.0   7.0  7.0  7.0  7.0   (437, 215, 407, 358)
 1:02.50  teal       7.0   7.0  7.0  7.0  7.0   (437, 215, 407, 358)
 1:03.00  teal       7.0   7.0  7.0  7.0  7.0   (437, 215, 407, 358)
 1:03.50  teal       7.0   7.0  7.0  7.0  7.0   (437, 214, 407, 359)
 1:04.00  teal       7.0   7.0  7.0  7.0  7.0   (437, 214, 407, 359)
 1:04.50  teal       7.0   7.0  7.0  7.0  7.0   (437, 214, 407, 359)
 1:05.00  teal       7.0   7.0  7.0  7.0  7.0   (437, 214, 407, 359)
 1:05.50  teal       7.0   7.0  7.0  7.0  7.0   (437, 214, 407, 360)
 1:06.00  teal       7.0   7.0  7.0  7.0  7.0   (437, 214, 407, 360)
 1:06.50  amber      6.0   7.0  6.0  6.0  6.0   (852, 214, 406, 360)
 1:07.00  amber      6.0   7.0  6.0  6.0  6.0   (852, 214, 406, 360)
 1:07.50  amber      6.5   6.0  6.0  7.0  7.0   (852, 214, 406, 360)
 1:08.00  amber      6.5   6.0  6.0  7.0  7.0   (852, 214, 406, 360)
 1:08.50  amber      6.5   6.0  6.0  7.0  7.0   (852, 214, 406, 360)
 1:09.00  amber      7.0   6.0  7.0  7.0  7.0   (852, 214, 408, 360)
 1:09.50  amber      7.0   6.0  7.0  7.0  7.0   (852, 214, 408, 360)
 1:10.00  amber      7.0   6.0  7.0  7.0  7.0   (852, 214, 408, 360)
 1:10.50  amber      7.0   6.0  7.0  7.0  7.0   (852, 214, 408, 360)
 1:11.00  amber      7.0   6.0  7.0  7.0  7.0   (854, 214, 406, 360)
 1:11.50  amber      7.0   6.0  7.0  7.0  7.0   (854, 214, 406, 360)
 1:12.00  amber      7.0   6.0  7.0  7.0  7.0   (854, 214, 406, 360)
 1:12.50  amber      6.5   6.0  6.0  7.0  7.0   (854, 214, 406, 360)
 1:13.00  amber      6.5   6.0  6.0  7.0  7.0   (854, 214, 406, 360)
 1:13.50  amber      6.5   6.0  6.0  7.0  7.0   (854, 214, 406, 360)
 1:14.00  amber      6.5   6.0  6.0  7.0  7.0   (854, 214, 406, 360)
 1:14.50  amber      6.5   6.0  6.0  7.0  7.0   (854, 214, 406, 360)
 1:15.00  amber      6.5   6.0  6.0  7.0  7.0   (854, 214, 406, 360)
 1:15.50  amber      6.5   6.0  6.0  7.0  7.0   (854, 214, 406, 360)
 1:16.00  amber      6.0   6.0  6.0  7.0  6.0   (854, 214, 406, 360)
 1:16.50  amber      6.0   6.0  6.0  7.0  6.0   (854, 214, 406, 360)
 1:17.00  amber      6.0   6.0  6.0  7.0  6.0   (854, 214, 408, 360)
 1:17.50  amber      6.0   6.0  6.0  7.0  6.0   (854, 214, 408, 360)
 1:18.00  amber      6.0   6.0  6.0  7.0  6.0   (854, 214, 408, 360)
 1:18.50  amber      6.0   6.0  6.0  7.0  6.0   (854, 214, 408, 360)
 1:19.00  amber      6.0   6.0  6.0  7.0  6.0   (854, 214, 408, 360)
 1:19.50  amber      6.0   6.0  6.0  7.0  6.0   (854, 214, 408, 360)
 1:20.00  amber      6.0   6.0  6.0  7.0  6.0   (854, 214, 408, 360)
 1:20.50  amber      6.0   6.0  6.0  7.0  6.0   (854, 214, 408, 360)
 1:21.00  violet     6.0   6.0  6.0  6.0  6.0   (20, 594, 1242, 84)
 1:21.50  violet     6.0   6.0  6.0  6.0  6.0   (20, 594, 1242, 84)
 1:22.00  violet     6.0   6.0  6.0  6.0  6.0   (20, 594, 1242, 84)
 1:22.50  violet     6.0   6.0  6.0  6.0  6.0   (18, 594, 1244, 84)
 1:23.00  violet     6.0   6.0  6.0  6.0  6.0   (18, 594, 1244, 84)
 1:23.50  violet     6.0   6.0  6.0  6.0  6.0   (18, 594, 1244, 84)
 1:24.00  violet     6.0   6.0  6.0  6.0  6.0   (18, 596, 1244, 82)
 1:24.50  violet     6.0   6.0  6.0  6.0  6.0   (18, 596, 1244, 84)
 1:25.00  violet     6.0   6.0  6.0  6.0  6.0   (18, 596, 1244, 84)
 1:25.50  violet     6.0   6.0  6.0  6.0  6.0   (18, 596, 1244, 84)
 1:26.00  violet     6.0   6.0  6.0  6.0  6.0   (18, 596, 1244, 84)
 1:26.50  violet     6.0   6.0  6.0  6.0  6.0   (18, 596, 1244, 84)
 1:27.00  violet     6.0   6.0  6.0  6.0  6.0   (18, 596, 1244, 84)
 1:27.50  violet     6.0   6.0  6.0  6.0  6.0   (18, 596, 1244, 84)
 1:28.00  violet     6.0   6.0  6.0  6.0  6.0   (18, 596, 1244, 84)
 1:28.50  violet     6.0   6.0  6.0  6.0  6.0   (18, 596, 1244, 84)
 1:35.50  blue       6.0   6.0  6.0  6.0  6.0   (26, 216, 404, 356)
 1:36.00  blue       6.0   6.0  6.0  6.0  6.0   (26, 216, 402, 356)
 1:36.50  blue       6.0   6.0  6.0  6.0  6.0   (26, 216, 402, 356)
 1:37.00  blue       6.0   6.0  6.0  6.0  6.0   (26, 216, 402, 356)
 1:37.50  blue       6.0   6.0  6.0  6.0  6.0   (26, 216, 402, 356)
 1:38.00  blue       6.0   6.0  6.0  6.0  6.0   (26, 216, 402, 356)
 1:38.50  blue       6.0   6.0  6.0  6.0  6.0   (26, 216, 402, 356)
 1:39.00  blue       6.0   6.0  6.0  6.0  6.0   (26, 216, 402, 356)
 1:39.50  blue       6.0   6.0  6.0  6.0  6.0   (26, 216, 402, 356)
 1:40.00  blue       6.0   6.0  6.0  6.0  6.0   (26, 216, 402, 356)
 1:40.50  blue       6.0   6.0  6.0  6.0  6.0   (26, 216, 402, 356)
 1:41.00  blue       6.0   6.0  6.0  6.0  6.0   (26, 216, 402, 356)
 1:41.50  blue       6.0   6.0  6.0  6.0  6.0   (26, 216, 402, 356)
 1:42.00  blue       6.0   6.0  6.0  6.0  6.0   (26, 216, 402, 356)
 1:42.50  blue       6.0   6.0  6.0  6.0  6.0   (24, 216, 404, 356)
 1:43.00  blue       6.0   6.0  6.0  6.0  6.0   (24, 216, 404, 356)
 1:43.50  blue       6.0   6.0  6.0  6.0  6.0   (24, 216, 404, 356)
 1:44.00  blue       6.0   6.0  6.0  6.0  6.0   (24, 216, 404, 356)
 1:44.50  blue       6.0   6.0  6.0  6.0  6.0   (24, 216, 404, 356)
 1:45.00  blue       6.0   6.0  6.0  6.0  6.0   (24, 216, 404, 356)
 1:45.50  blue       6.0   6.0  6.0  6.0  6.0   (24, 216, 404, 356)
 1:46.00  blue       6.0   6.0  6.0  6.0  6.0   (24, 216, 404, 356)
 1:46.50  blue       6.0   6.0  6.0  6.0  6.0   (24, 216, 404, 356)
 1:47.00  blue       6.0   6.0  6.0  6.0  6.0   (24, 216, 404, 356)
 1:47.50  blue       6.0   6.0  6.0  6.0  6.0   (24, 216, 404, 356)
 1:48.00  teal       7.0   7.0  7.0  7.0  7.0   (437, 214, 407, 359)
 1:48.50  teal       7.0   7.0  7.0  7.0  7.0   (437, 214, 407, 359)
 1:49.00  teal       7.0   7.0  7.0  7.0  7.0   (437, 214, 407, 359)
 1:49.50  teal       7.0   7.0  7.0  7.0  7.0   (437, 214, 407, 359)
 1:50.00  teal       7.0   7.0  7.0  7.0  7.0   (437, 214, 407, 360)
 1:50.50  teal       7.0   7.0  7.0  7.0  7.0   (437, 214, 407, 360)
 1:51.00  teal       7.0   7.0  7.0  7.0  7.0   (437, 214, 407, 360)
 1:51.50  teal       7.0   7.0  7.0  7.0  7.0   (437, 214, 407, 360)
 1:52.00  teal       7.0   7.0  7.0  7.0  7.0   (437, 214, 407, 360)
 1:52.50  teal       7.0   7.0  7.0  7.0  7.0   (437, 214, 407, 360)
 1:53.00  teal       7.0   7.0  7.0  7.0  7.0   (437, 214, 407, 360)
 1:53.50  teal       7.0   7.0  7.0  7.0  7.0   (437, 214, 407, 360)
 1:54.00  teal       7.0   7.0  7.0  7.0  7.0   (437, 214, 407, 360)
 1:54.50  teal       7.0   7.0  7.0  7.0  7.0   (437, 214, 407, 360)
 1:55.00  teal       7.0   7.0  7.0  7.0  7.0   (437, 214, 407, 360)
 1:55.50  teal       7.0   7.0  7.0  7.0  7.0   (437, 214, 407, 360)
 1:56.00  teal       7.0   7.0  7.0  7.0  7.0   (437, 214, 407, 360)
 1:56.50  teal       7.0   7.0  7.0  7.0  7.0   (437, 214, 407, 360)
 1:57.00  teal       7.0   7.0  7.0  7.0  7.0   (437, 214, 407, 360)
 1:57.50  teal       7.0   7.0  7.0  7.0  7.0   (436, 214, 409, 360)
 1:58.00  teal       7.0   7.0  7.0  7.0  7.0   (436, 214, 409, 360)
 1:58.50  teal       7.0   7.0  7.0  7.0  7.0   (436, 214, 409, 360)
 1:59.00  teal       7.0   7.0  7.0  7.0  7.0   (436, 214, 409, 360)
 1:59.50  amber      6.0   6.0  6.0  7.0  6.0   (854, 214, 406, 360)
 2:00.00  amber      6.0   6.0  6.0  7.0  6.0   (854, 214, 406, 360)
 2:00.50  amber      6.2   6.0  6.5  7.0  6.0   (854, 214, 408, 360)
 2:01.00  amber      6.2   6.0  6.5  7.0  6.0   (854, 214, 408, 360)
 2:01.50  amber      6.2   6.0  6.5  7.0  6.0   (854, 214, 408, 360)
 2:02.00  amber      6.2   6.0  6.5  7.0  6.0   (854, 214, 408, 360)
 2:02.50  amber      6.0   6.0  6.0  7.0  6.0   (854, 214, 408, 360)
 2:03.00  amber      6.0   6.0  6.0  7.0  6.0   (854, 214, 408, 360)
 2:03.50  amber      6.0   6.0  6.0  7.0  6.0   (854, 214, 408, 360)
 2:04.00  amber      6.0   6.0  6.0  7.0  6.0   (854, 214, 408, 360)
 2:04.50  amber      6.0   6.0  6.0  6.0  6.0   (854, 214, 408, 360)
 2:05.00  amber      6.0   6.0  6.0  6.0  6.0   (854, 214, 408, 360)
 2:05.50  amber      6.0   6.0  6.0  6.0  6.0   (854, 214, 408, 360)
 2:06.00  amber      6.0   6.0  6.0  6.0  6.0   (854, 214, 408, 360)
 2:06.50  amber      6.0   6.0  6.0  6.0  6.0   (854, 214, 408, 360)
 2:07.00  amber      6.0   6.0  6.0  6.0  6.0   (854, 214, 408, 360)
 2:07.50  amber      6.0   6.0  6.0  6.0  6.0   (854, 214, 408, 360)
 2:08.00  amber      6.0   6.0  6.0  6.0  6.0   (854, 214, 408, 360)
 2:08.50  amber      6.0   6.0  6.0  6.0  6.0   (854, 214, 408, 360)
 2:09.00  amber      6.0   6.0  6.0  6.0  6.0   (854, 214, 408, 360)
 2:09.50  violet     6.0   6.0  6.0  6.0  6.0   (18, 596, 1244, 84)
 2:10.00  violet     6.0   6.0  6.0  6.0  6.0   (18, 596, 1244, 84)
 2:10.50  violet     6.0   6.0  6.0  6.0  6.0   (18, 596, 1244, 84)
 2:11.00  violet     6.0   6.0  6.0  6.0  6.0   (18, 596, 1244, 84)
 2:19.00  purple     6.0   6.0  6.0  6.0  6.0   (83, 202, 223, 376)
 2:19.50  purple     6.0   6.0  6.0  6.0  7.0   (126, 94, 326, 553)
 2:20.00  purple     6.0   7.0  6.0  6.0  6.0   (147, 40, 377, 642)
 2:20.50  purple     6.0   7.0  6.0  6.0  6.0   (147, 40, 377, 642)
 2:21.00  purple     6.0   7.0  6.0  6.0  6.0   (147, 40, 377, 642)
 2:21.50  purple     6.0   7.0  6.0  6.0  6.0   (147, 40, 377, 642)
 2:22.00  purple     6.0   7.0  6.0  6.0  6.0   (147, 40, 377, 642)
 2:22.50  purple     6.0   7.0  6.0  6.0  6.0   (147, 40, 377, 642)
 2:23.00  purple     6.0   7.0  6.0  6.0  6.0   (147, 40, 377, 642)
 2:23.50  purple     6.0   7.0  6.0  6.0  6.0   (147, 40, 377, 642)
 2:24.00  purple     6.0   7.0  6.0  6.0  6.0   (147, 40, 377, 642)
 2:24.50  purple     6.0   7.0  6.0  6.0  6.0   (147, 40, 377, 642)
 2:25.00  blue       6.0   6.0  6.0  6.0  6.0   (534, 40, 378, 642)
 2:25.50  blue       6.0   6.0  6.0  6.0  6.0   (452, 40, 378, 642)
 2:26.00  blue       6.0   6.0  6.0  6.0  6.0   (452, 40, 378, 642)
 2:26.50  blue       6.0   6.0  6.0  6.0  6.0   (452, 40, 378, 642)
 2:27.00  blue       6.0   6.0  6.0  6.0  6.0   (452, 40, 378, 642)
 2:27.50  blue       6.0   6.0  6.0  6.0  6.0   (452, 40, 378, 642)
 2:28.00  blue       6.0   6.0  6.0  6.0  6.0   (452, 40, 378, 642)
 2:28.50  blue       6.0   6.0  6.0  6.0  6.0   (452, 40, 378, 642)
 2:29.00  blue       6.0   6.0  6.0  6.0  6.0   (452, 40, 378, 642)
 2:29.50  blue       6.0   6.0  6.0  6.0  6.0   (452, 40, 378, 642)
 2:30.00  blue       6.0   6.0  6.0  6.0  6.0   (452, 40, 378, 642)
 2:30.50  blue       6.0   6.0  6.0  6.0  6.0   (452, 40, 378, 642)
 2:31.00  blue       6.0   6.0  6.0  6.0  6.0   (452, 40, 378, 642)
 2:31.50  blue       6.0   6.0  6.0  6.0  6.0   (452, 40, 378, 642)
 2:32.00  blue       6.0   6.0  6.0  6.0  6.0   (452, 40, 378, 642)
 2:32.50  teal       7.0   7.0  7.0  7.0  7.0   (633, 40, 378, 642)
 2:33.00  teal       7.0   7.0  7.0  7.0  7.0   (451, 40, 379, 642)
 2:33.50  teal       7.0   7.0  7.0  7.0  7.0   (451, 40, 379, 642)
 2:34.00  teal       7.0   7.0  7.0  7.0  7.0   (451, 40, 379, 642)
 2:34.50  teal       7.0   7.0  7.0  7.0  7.0   (451, 40, 379, 642)
 2:35.00  teal       7.0   7.0  7.0  7.0  7.0   (451, 40, 379, 642)
 2:35.50  teal       7.0   7.0  7.0  7.0  7.0   (451, 40, 379, 642)
 2:36.00  teal       7.0   7.0  7.0  7.0  7.0   (451, 40, 379, 642)
 2:36.50  teal       7.0   7.0  7.0  7.0  7.0   (451, 40, 379, 642)
 2:37.00  teal       7.0   7.0  7.0  7.0  7.0   (451, 40, 379, 642)
 2:37.50  teal       7.0   7.0  7.0  7.0  7.0   (451, 40, 379, 642)
 2:38.00  teal       7.0   7.0  7.0  7.0  7.0   (451, 40, 379, 642)
 2:38.50  teal       7.0   7.0  7.0  7.0  7.0   (451, 40, 379, 642)
 2:39.00  teal       7.0   7.0  7.0  7.0  7.0   (451, 40, 379, 642)
 2:39.50  teal       7.0   7.0  7.0  7.0  7.0   (451, 40, 379, 642)
 2:40.00  teal       7.0   7.0  7.0  7.0  7.0   (451, 40, 379, 642)
 2:40.50  teal       7.0   7.0  7.0  7.0  7.0   (451, 40, 379, 642)
 2:41.00  teal       7.0   7.0  7.0  7.0  7.0   (451, 40, 379, 642)
 2:41.50  teal       7.0   7.0  7.0  7.0  7.0   (451, 40, 379, 642)
 2:42.00  teal       7.0   7.0  7.0  7.0  7.0   (451, 40, 379, 642)
 2:42.50  teal       7.0   7.0  7.0  7.0  7.0   (451, 40, 379, 642)
 2:43.00  green      7.0   7.0  7.0  7.0  7.0   (608, 40, 378, 642)
 2:43.50  green      7.0   7.0  7.0  7.0  7.0   (452, 40, 377, 642)
 2:44.00  green      7.0   7.0  7.0  7.0  7.0   (452, 40, 377, 642)
 2:44.50  green      7.0   7.0  7.0  7.0  7.0   (452, 40, 377, 642)
 2:45.00  green      7.0   7.0  7.0  7.0  7.0   (452, 40, 377, 642)
 2:45.50  green      7.0   7.0  7.0  7.0  7.0   (452, 40, 377, 642)
 2:46.00  green      7.0   7.0  7.0  7.0  7.0   (452, 40, 377, 642)
 2:46.50  green      7.0   7.0  7.0  7.0  7.0   (452, 40, 377, 642)
 2:47.00  green      7.0   7.0  7.0  7.0  7.0   (452, 40, 377, 642)
 2:47.50  green      7.0   7.0  7.0  7.0  7.0   (452, 40, 377, 642)
 2:48.00  green      7.0   7.0  7.0  7.0  7.0   (452, 40, 377, 642)
 2:48.50  green      7.0   7.0  7.0  7.0  7.0   (452, 40, 377, 642)
 2:49.00  green      7.0   7.0  7.0  7.0  7.0   (452, 40, 377, 642)
 2:49.50  green      7.0   7.0  7.0  7.0  7.0   (452, 40, 377, 642)
 2:50.00  amber      6.5   6.0  7.0  7.0  6.0   (776, 40, 374, 642)
 2:50.50  amber      6.0   6.0  6.0  7.0  6.0   (760, 40, 374, 642)
 2:51.00  amber      6.0   6.0  6.0  7.0  6.0   (760, 40, 374, 642)
 2:51.50  amber      6.0   6.0  6.0  7.0  6.0   (760, 40, 374, 642)
 2:52.00  amber      6.0   6.0  6.0  7.0  6.0   (760, 40, 374, 642)
 2:52.50  amber      6.0   6.0  6.0  7.0  6.0   (760, 40, 374, 642)
 2:53.00  amber      6.0   6.0  6.0  6.0  6.0   (760, 40, 374, 642)
 2:53.50  amber      6.0   6.0  6.0  6.0  6.0   (760, 40, 374, 642)
 2:54.00  amber      6.0   6.0  6.0  6.0  6.0   (760, 40, 374, 642)
 2:54.50  amber      6.0   6.0  6.0  6.0  6.0   (760, 40, 374, 642)
 2:55.00  amber      6.0   6.0  6.0  6.0  6.0   (760, 40, 374, 642)
 2:55.50  amber      6.0   6.0  6.0  6.0  6.0   (760, 40, 374, 642)
 2:56.00  amber      6.0   6.0  6.0  6.0  6.0   (760, 40, 374, 642)
 2:56.50  amber      6.0   6.0  6.0  6.0  6.0   (760, 40, 374, 642)
 2:57.00  amber      6.0   7.0  6.0  6.0  6.0   (764, 44, 372, 634)
 2:57.50  violet     6.0   6.0  6.0  6.0  6.0   (0, 628, 1182, 88)
 2:58.00  violet     6.0   6.0  6.0  6.0  6.0   (82, 596, 1116, 76)
 2:58.50  violet     6.0   6.0  6.0  6.0  6.0   (82, 596, 1116, 76)
 2:59.00  violet     6.0   6.0  6.0  6.0  6.0   (82, 596, 1116, 76)
 2:59.50  violet     6.0   6.0  6.0  6.0  6.0   (82, 596, 1116, 76)
 3:00.00  violet     6.0   6.0  6.0  6.0  6.0   (82, 596, 1116, 76)
 3:00.50  violet     6.0   6.0  6.0  6.0  6.0   (82, 596, 1116, 76)
 3:01.00  violet     6.0   6.0  6.0  6.0  6.0   (82, 596, 1116, 76)
 3:08.00  green      7.0   7.0  7.0  7.0  7.0   (27, 215, 403, 357)
 3:08.50  green      7.0   7.0  7.0  7.0  7.0   (27, 215, 403, 357)
 3:09.00  green      7.0   7.0  7.0  7.0  7.0   (27, 215, 403, 357)
 3:09.50  green      7.0   7.0  7.0  7.0  7.0   (27, 215, 403, 357)
 3:10.00  green      7.0   7.0  7.0  7.0  7.0   (27, 215, 403, 357)
 3:10.50  green      7.0   7.0  7.0  7.0  7.0   (27, 215, 403, 357)
 3:11.00  green      7.0   7.0  7.0  7.0  7.0   (27, 215, 403, 357)
 3:11.50  green      7.0   7.0  7.0  7.0  7.0   (27, 215, 403, 357)
 3:12.00  green      7.0   7.0  7.0  7.0  7.0   (27, 215, 403, 357)
 3:12.50  green      7.0   7.0  7.0  7.0  7.0   (27, 215, 403, 357)
 3:13.00  green      7.0   7.0  7.0  7.0  7.0   (27, 215, 403, 357)
 3:13.50  green      7.0   7.0  7.0  7.0  7.0   (27, 215, 403, 357)
 3:14.00  green      7.0   7.0  7.0  7.0  7.0   (27, 215, 403, 357)
 3:14.50  green      7.0   7.0  7.0  7.0  7.0   (27, 215, 403, 357)
 3:15.00  green      7.0   7.0  7.0  7.0  7.0   (27, 215, 403, 357)
 3:15.50  green      7.0   7.0  7.0  7.0  7.0   (27, 215, 403, 357)
 3:16.00  blue       6.0   6.0  6.0  6.0  6.0   (440, 216, 402, 356)
 3:16.50  blue       6.0   6.0  6.0  6.0  6.0   (440, 216, 402, 356)
 3:17.00  blue       6.0   6.0  6.0  6.0  6.0   (440, 216, 402, 356)
 3:17.50  blue       6.0   6.0  6.0  6.0  6.0   (440, 216, 402, 356)
 3:18.00  blue       6.0   6.0  6.0  6.0  6.0   (440, 216, 402, 356)
 3:18.50  blue       6.0   6.0  6.0  6.0  6.0   (440, 216, 402, 356)
 3:19.00  blue       6.0   6.0  6.0  6.0  6.0   (440, 216, 402, 356)
 3:19.50  blue       6.0   6.0  6.0  6.0  6.0   (440, 216, 402, 356)
 3:20.00  blue       6.0   6.0  6.0  6.0  6.0   (440, 216, 402, 356)
 3:20.50  blue       6.0   6.0  6.0  6.0  6.0   (440, 216, 402, 356)
 3:21.00  blue       6.0   6.0  6.0  6.0  6.0   (440, 216, 402, 356)
 3:21.50  blue       6.0   6.0  6.0  6.0  6.0   (440, 216, 402, 356)
 3:22.00  blue       6.0   6.0  6.0  6.0  6.0   (440, 216, 402, 356)
 3:22.50  blue       6.0   6.0  6.0  6.0  6.0   (440, 216, 402, 356)
 3:23.00  blue       6.0   6.0  6.0  6.0  6.0   (440, 216, 402, 356)
 3:23.50  blue       6.0   6.0  6.0  6.0  6.0   (440, 216, 402, 356)
 3:24.00  blue       6.0   6.0  6.0  6.0  6.0   (440, 216, 402, 356)
 3:24.50  blue       6.0   6.0  6.0  6.0  6.0   (440, 216, 402, 356)
 3:25.00  blue       6.0   6.0  6.0  6.0  6.0   (440, 216, 402, 356)
 3:25.50  blue       6.0   6.0  6.0  6.0  6.0   (440, 216, 402, 356)
 3:26.00  blue       6.0   6.0  6.0  6.0  6.0   (440, 216, 402, 356)
 3:26.50  blue       6.0   6.0  6.0  6.0  6.0   (440, 216, 402, 356)
 3:27.00  red        6.0   6.0  6.0  6.0  6.0   (852, 216, 402, 356)
 3:27.50  red        6.0   6.0  6.0  6.0  6.0   (852, 216, 402, 356)
 3:28.00  red        6.0   6.0  6.0  6.0  6.0   (852, 216, 402, 356)
 3:28.50  red        6.0   6.0  6.0  6.0  6.0   (852, 216, 402, 356)
 3:29.00  red        6.0   6.0  6.0  6.0  6.0   (852, 216, 402, 356)
 3:29.50  red        6.0   6.0  6.0  6.0  6.0   (852, 216, 402, 356)
 3:30.00  red        6.0   6.0  6.0  6.0  6.0   (852, 216, 402, 356)
 3:30.50  red        6.0   6.0  6.0  6.0  6.0   (852, 216, 402, 356)
 3:31.00  red        6.0   6.0  6.0  6.0  6.0   (852, 216, 402, 356)
 3:31.50  red        6.0   6.0  6.0  6.0  6.0   (852, 216, 402, 356)
 3:32.00  red        6.0   6.0  6.0  6.0  6.0   (852, 216, 402, 356)
 3:32.50  violet     6.0   6.0  6.0  6.0  6.0   (28, 592, 1226, 82)
 3:33.00  violet     6.0   6.0  6.0  6.0  6.0   (28, 592, 1226, 82)
 3:33.50  violet     6.0   6.0  6.0  6.0  6.0   (28, 592, 1226, 82)
 3:34.00  violet     6.0   6.0  6.0  6.0  6.0   (28, 592, 1226, 82)
 3:34.50  violet     6.0   6.0  6.0  6.0  6.0   (28, 592, 1226, 82)
 3:35.00  violet     6.0   6.0  6.0  6.0  6.0   (28, 592, 1226, 82)
 3:35.50  violet     6.0   6.0  6.0  6.0  6.0   (28, 592, 1226, 82)
 3:36.00  violet     6.0   6.0  6.0  6.0  6.0   (28, 592, 1226, 82)
 3:36.50  violet     6.0   6.0  6.0  6.0  6.0   (28, 592, 1226, 82)
 3:37.00  violet     6.0   6.0  6.0  6.0  6.0   (28, 592, 1226, 82)
 3:37.50  violet     6.0   6.0  6.0  6.0  6.0   (28, 592, 1226, 82)
 3:38.00  violet     6.0   6.0  6.0  6.0  6.0   (28, 592, 1226, 82)
 3:41.50  blue       4.0   4.0  4.0  4.0  4.0   (222, 480, 252, 102)
 3:42.00  blue       6.0   6.0  6.0  6.0  6.0   (64, 390, 348, 140)
 3:42.50  blue       6.0   6.0  6.0  6.0  6.0   (64, 390, 348, 140)
 3:43.00  blue       6.0   6.0  6.0  6.0  6.0   (64, 390, 348, 140)
 3:43.50  blue       6.0   6.0  6.0  6.0  6.0   (64, 390, 348, 140)
 3:44.00  blue       6.0   6.0  6.0  6.0  6.0   (64, 390, 348, 140)
 3:44.50  blue       6.0   6.0  6.0  6.0  6.0   (64, 390, 348, 140)
 3:45.00  teal       7.0   7.0  7.0  7.0  7.0   (466, 389, 349, 141)
 3:45.50  teal       7.0   7.0  7.0  7.0  7.0   (466, 389, 349, 141)
 3:46.00  teal       7.0   7.0  7.0  7.0  7.0   (466, 389, 349, 141)
 3:46.50  teal       7.0   7.0  7.0  7.0  7.0   (466, 389, 349, 141)
 3:47.00  teal       7.0   7.0  7.0  7.0  7.0   (466, 389, 349, 141)
 3:47.50  teal       7.0   7.0  7.0  7.0  7.0   (466, 389, 349, 141)
 3:48.00  teal       7.0   7.0  7.0  7.0  7.0   (466, 389, 349, 141)
 3:48.50  teal       7.0   7.0  7.0  7.0  7.0   (466, 389, 349, 141)
 3:49.00  teal       7.0   7.0  7.0  7.0  7.0   (466, 389, 349, 141)
 3:49.50  teal       7.0   7.0  7.0  7.0  7.0   (466, 389, 349, 141)
 3:50.00  teal       7.0   7.0  7.0  7.0  7.0   (466, 389, 349, 141)
 3:50.50  teal       7.0   7.0  7.0  7.0  7.0   (466, 389, 349, 141)
 3:51.00  teal       7.0   7.0  7.0  7.0  7.0   (466, 389, 349, 141)
 3:51.50  teal       7.0   7.0  7.0  7.0  7.0   (466, 389, 349, 141)
 3:52.00  red        6.0   6.0  7.0  6.0  6.0   (870, 390, 348, 140)
 3:52.50  red        6.0   6.0  7.0  6.0  6.0   (870, 390, 348, 140)
 3:53.00  red        6.0   6.0  7.0  6.0  6.0   (870, 390, 348, 140)
 3:53.50  red        6.0   6.0  7.0  6.0  6.0   (870, 390, 348, 140)
 3:54.00  red        6.0   6.0  7.0  6.0  6.0   (870, 390, 348, 140)
 3:54.50  red        6.0   6.0  7.0  6.0  6.0   (870, 390, 348, 140)
 3:55.00  red        6.0   6.0  7.0  6.0  6.0   (870, 390, 348, 140)
 3:55.50  red        6.0   6.0  7.0  6.0  6.0   (870, 390, 348, 140)
 3:56.00  red        6.0   6.0  7.0  6.0  6.0   (870, 390, 348, 140)
 3:56.50  red        6.0   6.0  7.0  6.0  6.0   (870, 390, 348, 140)
 3:57.00  red        6.0   6.0  7.0  6.0  6.0   (870, 390, 348, 140)
 3:57.50  red        6.0   6.0  7.0  6.0  6.0   (870, 390, 348, 140)
 3:58.00  red        6.0   6.0  7.0  6.0  6.0   (870, 390, 348, 140)
 3:58.50  red        6.0   6.0  7.0  6.0  6.0   (870, 390, 348, 140)
 3:59.00  red        4.0   4.0  4.0  4.0  4.0   (832, 446, 286, 116)
 3:59.50  violet     4.0   4.0  4.0  4.0  4.0   (270, 630, 742, 50)
 4:00.00  violet     4.0   4.0  4.0  4.0  4.0   (274, 632, 734, 50)
 4:00.50  violet     4.0   4.0  4.0  4.0  4.0   (274, 632, 734, 50)
 4:01.00  violet     4.0   4.0  4.0  4.0  4.0   (274, 632, 734, 50)
 4:01.50  violet     4.0   4.0  4.0  4.0  4.0   (274, 632, 734, 50)
 4:02.00  violet     4.0   4.0  4.0  4.0  4.0   (274, 632, 734, 50)
 4:02.50  violet     4.0   4.0  4.0  4.0  4.0   (274, 632, 734, 50)
 4:03.00  violet     4.0   4.0  4.0  4.0  4.0   (274, 632, 734, 50)
 4:03.50  violet     4.0   4.0  4.0  4.0  4.0   (274, 632, 734, 50)
 4:04.00  violet     4.0   4.0  4.0  4.0  4.0   (274, 632, 734, 50)
 4:04.50  violet     4.0   4.0  4.0  4.0  4.0   (274, 632, 734, 50)
 4:05.00  violet     4.0   4.0  4.0  4.0  4.0   (274, 632, 734, 50)
 4:05.50  violet     4.0   4.0  4.0  4.0  4.0   (274, 632, 734, 50)

# 346 ring samples in 30 runs; stroke histogram (rounded px): 4 px: 15, 6 px: 215, 7 px: 116
# runs (start, end, color, median stroke, min-max, samples)
 0:49.50 -  0:55.50  blue      6.0   6.0- 6.0   13
 0:56.00 -  1:06.00  teal      7.0   7.0- 7.0   21
 1:06.50 -  1:20.50  amber     6.5   6.0- 7.0   29
 1:21.00 -  1:28.50  violet    6.0   6.0- 6.0   16
 1:35.50 -  1:47.50  blue      6.0   6.0- 6.0   25
 1:48.00 -  1:59.00  teal      7.0   7.0- 7.0   23
 1:59.50 -  2:09.00  amber     6.0   6.0- 6.2   20
 2:09.50 -  2:11.00  violet    6.0   6.0- 6.0    4
 2:19.00 -  2:19.00  purple    6.0   6.0- 6.0    1
 2:19.50 -  2:19.50  purple    6.0   6.0- 6.0    1
 2:20.00 -  2:24.50  purple    6.0   6.0- 6.0   10
 2:25.00 -  2:25.00  blue      6.0   6.0- 6.0    1
 2:25.50 -  2:32.00  blue      6.0   6.0- 6.0   14
 2:32.50 -  2:32.50  teal      7.0   7.0- 7.0    1
 2:33.00 -  2:42.50  teal      7.0   7.0- 7.0   20
 2:43.00 -  2:43.00  green     7.0   7.0- 7.0    1
 2:43.50 -  2:49.50  green     7.0   7.0- 7.0   13
 2:50.00 -  2:57.00  amber     6.0   6.0- 6.5   15
 2:57.50 -  2:57.50  violet    6.0   6.0- 6.0    1
 2:58.00 -  3:01.00  violet    6.0   6.0- 6.0    7
 3:08.00 -  3:15.50  green     7.0   7.0- 7.0   16
 3:16.00 -  3:26.50  blue      6.0   6.0- 6.0   22
 3:27.00 -  3:32.00  red       6.0   6.0- 6.0   11
 3:32.50 -  3:38.00  violet    6.0   6.0- 6.0   12
 3:41.50 -  3:41.50  blue      4.0   4.0- 4.0    1
 3:42.00 -  3:44.50  blue      6.0   6.0- 6.0    6
 3:45.00 -  3:51.50  teal      7.0   7.0- 7.0   14
 3:52.00 -  3:58.50  red       6.0   6.0- 6.0   14
 3:59.00 -  3:59.00  red       4.0   4.0- 4.0    1
 3:59.50 -  4:05.50  violet    4.0   4.0- 4.0   13
