# fake-trap.mp4  1280x720  duration=5:08.00  step=0.5s  thr=45.0
# target: fixed 4 px at 720p (6 px at 1080p), Edit Spec section 5 (2026-09-26); widths are SOLID pixels at thr, true width is about +0.5
# time      color    stroke   L    R    T    B    bbox(x,y,w,h)
 0:31.00  amber      4.0   5.0  4.0  4.0  4.0   (404, 314, 444, 68)
 0:31.50  amber      4.0   5.0  4.0  4.0  4.0   (404, 314, 444, 68)
 0:32.00  amber      4.0   5.0  4.0  4.0  4.0   (404, 314, 444, 68)
 0:32.50  amber      4.0   5.0  4.0  4.0  4.0   (404, 314, 444, 68)
 0:33.00  amber      4.0   5.0  4.0  4.0  4.0   (404, 314, 444, 68)
 0:33.50  amber      4.0   5.0  4.0  4.0  4.0   (404, 314, 444, 68)
 0:34.00  amber      4.0   5.0  4.0  4.0  4.0   (404, 314, 444, 68)
 0:34.50  amber      4.0   5.0  4.0  4.0  4.0   (404, 314, 444, 68)
 0:35.00  amber      4.0   5.0  4.0  4.0  4.0   (404, 314, 444, 68)
 0:35.50  amber      4.0   4.0  4.0  4.0  4.0   (404, 314, 444, 68)
 0:36.00  amber      4.0   4.0  4.0  4.0  4.0   (404, 380, 444, 64)
 0:36.00  amber      4.0   4.0  5.0  4.0  4.0   (404, 452, 444, 62)
 0:36.50  amber      4.0   4.0  4.0  4.0  4.0   (404, 380, 444, 64)
 0:36.50  amber      4.0   4.0  5.0  4.0  4.0   (404, 452, 444, 62)
 0:37.00  amber      4.0   4.0  4.0  4.0  4.0   (404, 380, 444, 64)
 0:37.00  amber      4.0   4.0  5.0  4.0  4.0   (404, 452, 444, 62)
 0:37.50  amber      4.0   4.0  4.0  4.0  4.0   (404, 380, 444, 64)
 0:37.50  amber      4.0   4.0  5.0  4.0  4.0   (404, 452, 444, 62)
 0:38.00  amber      4.0   4.0  4.0  4.0  4.0   (404, 380, 444, 64)
 0:38.00  amber      4.0   4.0  5.0  4.0  4.0   (404, 452, 444, 62)
 0:38.50  amber      4.0   4.0  4.0  4.0  4.0   (404, 380, 444, 64)
 0:38.50  amber      4.0   4.0  5.0  4.0  4.0   (404, 452, 444, 62)
 0:39.00  amber      4.0   4.0  4.0  4.0  4.0   (404, 380, 444, 64)
 0:39.00  amber      4.0   4.0  5.0  4.0  4.0   (404, 452, 444, 62)
 0:39.50  amber      4.0   4.0  4.0  4.0  4.0   (404, 380, 444, 64)
 0:39.50  amber      4.0   4.0  5.0  4.0  4.0   (404, 452, 444, 62)
 0:40.00  amber      4.0   4.0  4.0  4.0  4.0   (404, 380, 444, 64)
 0:40.00  amber      4.0   4.0  5.0  4.0  4.0   (404, 452, 444, 62)
 0:40.50  amber      4.0   4.0  4.0  4.0  4.0   (404, 380, 444, 64)
 0:40.50  amber      4.0   4.0  5.0  4.0  4.0   (404, 452, 444, 62)
 0:41.00  amber      4.0   4.0  4.0  4.0  4.0   (404, 524, 444, 66)
 0:41.50  amber      4.0   4.0  4.0  4.0  4.0   (404, 524, 444, 66)
 0:42.00  amber      4.0   4.0  4.0  4.0  4.0   (404, 524, 444, 66)
 0:42.50  amber      4.0   4.0  4.0  4.0  4.0   (404, 524, 444, 66)
 0:43.00  amber      4.0   4.0  4.0  4.0  4.0   (404, 598, 444, 62)
 0:43.50  amber      4.0   4.0  5.0  4.0  4.0   (404, 598, 444, 62)
 0:44.00  amber      4.0   4.0  5.0  4.0  4.0   (404, 598, 444, 62)
 0:44.50  amber      4.0   4.0  5.0  4.0  4.0   (404, 598, 444, 62)
 0:45.00  amber      4.0   4.0  5.0  4.0  4.0   (404, 598, 444, 62)
 0:45.50  amber      4.0   4.0  4.0  4.0  4.0   (24, 598, 444, 62)
 0:46.00  amber      4.0   4.0  4.0  4.0  4.0   (0, 598, 403, 62)
 0:46.50  amber      4.0   4.0  4.0  4.0  4.0   (0, 598, 403, 62)
 0:47.00  amber      4.0   4.0  4.0  4.0  4.0   (0, 598, 403, 62)
 0:47.50  amber      4.0   4.0  4.0  4.0  4.0   (0, 598, 403, 62)
 0:48.00  amber      4.0   4.0  4.0  4.0  4.0   (0, 598, 403, 62)
 0:48.50  amber      4.0   4.0  4.0  4.0  4.0   (0, 598, 403, 62)
 0:49.00  blue       4.0   4.0  4.0  4.0  4.0   (434, 314, 442, 68)
 0:49.50  blue       4.0   4.0  4.0  4.0  4.0   (434, 314, 442, 68)
 0:50.00  blue       4.0   4.0  4.0  4.0  4.0   (434, 314, 442, 68)
 0:50.50  blue       4.0   4.0  4.0  4.0  4.0   (434, 314, 442, 68)
 0:51.00  blue       4.0   4.0  4.0  4.0  4.0   (434, 314, 442, 68)
 0:51.50  blue       4.0   4.0  4.0  4.0  4.0   (434, 380, 442, 64)
 0:52.00  blue       4.0   4.0  4.0  4.0  4.0   (434, 380, 442, 64)
 0:52.50  blue       4.0   4.0  4.0  4.0  4.0   (434, 380, 442, 64)
 0:53.00  blue       4.0   4.0  4.0  4.0  4.0   (434, 380, 442, 64)
 0:53.50  blue       4.0   4.0  4.0  4.0  4.0   (434, 380, 442, 64)
 0:54.00  blue       4.0   4.0  4.0  4.0  4.0   (434, 380, 442, 64)
 0:54.50  blue       4.0   4.0  4.0  4.0  4.0   (434, 452, 442, 62)
 0:55.00  blue       4.0   4.0  4.0  4.0  4.0   (434, 452, 442, 62)
 0:55.50  blue       4.0   4.0  4.0  4.0  4.0   (434, 452, 442, 62)
 0:56.00  blue       4.0   4.0  4.0  4.0  4.0   (434, 452, 442, 62)
 0:56.50  blue       4.0   4.0  4.0  4.0  4.0   (434, 452, 442, 62)
 0:57.00  blue       4.0   4.0  4.0  4.0  4.0   (434, 524, 442, 66)
 0:57.50  blue       4.0   4.0  4.0  4.0  4.0   (434, 524, 442, 66)
 0:58.00  blue       4.0   4.0  4.0  4.0  4.0   (434, 524, 442, 66)
 0:58.50  blue       4.0   4.0  4.0  4.0  4.0   (434, 524, 442, 66)
 0:59.00  blue       4.0   4.0  4.0  4.0  4.0   (434, 524, 442, 66)
 0:59.50  blue       4.0   4.0  4.0  4.0  4.0   (434, 380, 442, 64)
 1:00.00  blue       4.0   4.0  4.0  4.0  4.0   (434, 380, 442, 64)
 1:00.50  blue       4.0   4.0  4.0  4.0  4.0   (434, 380, 442, 64)
 1:01.00  blue       4.0   4.0  4.0  4.0  4.0   (434, 380, 442, 64)
 1:01.50  blue       4.0   4.0  4.0  4.0  4.0   (434, 380, 442, 64)
 1:02.00  blue       4.0   4.0  4.0  4.0  4.0   (434, 380, 442, 64)
 1:02.50  blue       4.0   4.0  4.0  4.0  4.0   (434, 598, 442, 62)
 1:03.00  blue       4.0   4.0  4.0  4.0  4.0   (434, 598, 442, 62)
 1:03.50  blue       4.0   4.0  4.0  4.0  4.0   (434, 598, 442, 62)
 1:04.00  blue       4.0   4.0  4.0  4.0  4.0   (434, 598, 444, 60)
 1:04.50  blue       4.0   4.0  4.0  4.0  4.0   (614, 566, 348, 50)
 1:37.50  purple     7.5  13.0 13.0  2.0  1.0   (271, 144, 117, 142)
 1:42.00  blue       6.5   6.0  7.0  7.0  6.0   (214, 40, 854, 642)
 1:42.50  blue       6.5   6.0  7.0  7.0  6.0   (214, 40, 854, 642)
 1:43.00  blue       6.5   6.0  7.0  7.0  6.0   (214, 40, 854, 642)
 1:43.50  blue       6.5   6.0  7.0  7.0  6.0   (214, 40, 854, 642)
 1:44.00  blue       6.5   6.0  7.0  7.0  6.0   (214, 40, 854, 642)
 1:44.50  blue       6.5   6.0  7.0  7.0  6.0   (214, 40, 854, 642)
 1:45.50  blue       6.0   6.0  6.0  6.0  6.0   (624, 0, 656, 370)
 1:50.00  amber      6.5   6.0  9.0  7.0  6.0   (0, 40, 434, 642)
 2:23.50  violet     4.0   4.0  4.0  4.0  4.0   (249, 624, 782, 52)
 2:24.00  violet     4.0   4.0  4.0  4.0  4.0   (249, 624, 782, 52)
 2:24.50  violet     4.0   4.0  4.0  4.0  4.0   (249, 624, 782, 52)
 2:25.00  violet     4.0   4.0  4.0  4.0  4.0   (249, 624, 782, 52)
 2:25.50  violet     4.0   4.0  4.0  4.0  4.0   (249, 624, 782, 52)
 2:26.00  violet     4.0   4.0  4.0  4.0  4.0   (249, 624, 782, 52)
 2:26.50  violet     4.0   4.0  4.0  4.0  4.0   (249, 624, 782, 52)
 2:27.00  violet     4.0   4.0  4.0  4.0  4.0   (249, 624, 782, 52)
 2:41.00  purple     7.0   6.0  7.0  7.0  7.0   (27, 128, 399, 431)
 2:41.00  violet    16.0   9.0  1.0 47.0 23.0   (199, 135, 220, 217)
 2:41.50  purple     7.0   6.0  7.0  7.0  7.0   (27, 128, 399, 431)
 2:41.50  violet    16.0   9.0  1.0 47.0 23.0   (199, 135, 220, 217)
 2:42.00  purple     7.0   6.0  7.0  7.0  7.0   (27, 128, 399, 431)
 2:42.00  violet    16.0   9.0  1.0 47.0 23.0   (199, 135, 220, 217)
 2:42.50  purple     7.0   6.0  7.0  7.0  7.0   (27, 128, 399, 431)
 2:42.50  violet    16.0   9.0  1.0 47.0 23.0   (199, 135, 220, 217)
 2:43.00  purple     7.0   6.0  7.0  7.0  7.0   (27, 128, 399, 431)
 2:43.00  violet    16.0   9.0  1.0 47.0 23.0   (199, 135, 220, 217)
 2:43.50  purple     7.0   6.0  7.0  7.0  7.0   (27, 128, 399, 431)
 2:43.50  violet    16.0   9.0  1.0 47.0 23.0   (199, 135, 220, 217)
 2:44.00  purple     7.0   6.0  7.0  7.0  7.0   (27, 128, 399, 431)
 2:44.00  violet    16.0   9.0  1.0 47.0 23.0   (199, 135, 220, 217)
 2:44.50  purple     7.0   6.0  7.0  7.0  7.0   (27, 128, 399, 431)
 2:44.50  violet    16.0   9.0  1.0 47.0 23.0   (199, 135, 220, 217)
 2:45.00  purple     7.0   6.0  7.0  7.0  7.0   (27, 128, 399, 431)
 2:45.00  violet    16.0   9.0  1.0 47.0 23.0   (199, 135, 220, 217)
 2:45.50  purple     7.0   6.0  7.0  7.0  7.0   (27, 128, 399, 431)
 2:45.50  violet    16.0   9.0  1.0 47.0 23.0   (199, 135, 220, 217)
 2:46.00  purple     7.0   6.0  7.0  7.0  7.0   (27, 128, 399, 431)
 2:46.00  violet    16.0   9.0  1.0 47.0 23.0   (199, 135, 220, 217)
 2:54.50  teal       7.0   7.0  8.0  7.0  7.0   (855, 128, 399, 431)
 2:55.00  teal       7.0   7.0  8.0  7.0  7.0   (855, 128, 399, 431)
 2:55.50  teal       7.0   7.0  8.0  7.0  7.0   (855, 128, 399, 431)
 2:56.00  teal       7.0   7.0  8.0  7.0  7.0   (855, 128, 399, 431)
 2:56.50  teal       7.0   7.0  8.0  7.0  7.0   (855, 128, 399, 431)
 2:57.00  teal       7.0   7.0  8.0  7.0  7.0   (855, 128, 399, 431)
 2:57.50  teal       7.0   7.0  8.0  7.0  7.0   (855, 128, 399, 431)
 2:58.00  teal       7.0   7.0  8.0  7.0  7.0   (855, 128, 399, 431)
 2:58.50  teal       7.0   7.0  8.0  7.0  7.0   (855, 128, 399, 431)
 2:59.00  teal       7.0   7.0  8.0  7.0  7.0   (855, 128, 399, 431)
 2:59.50  teal       7.0   7.0  8.0  7.0  7.0   (855, 128, 399, 431)
 3:00.00  teal       7.0   7.0  8.0  7.0  7.0   (855, 128, 399, 431)
 3:00.50  teal       7.0   7.0  8.0  7.0  7.0   (855, 128, 399, 431)
 3:01.00  teal       7.0   7.0  8.0  7.0  7.0   (855, 128, 399, 431)
 3:01.50  teal       7.0   7.0  8.0  7.0  7.0   (855, 128, 399, 431)
 3:02.00  teal       7.0   7.0  8.0  7.0  7.0   (855, 128, 399, 431)
 3:02.50  teal       7.0   7.0  8.0  7.0  7.0   (855, 128, 399, 431)
 3:03.00  teal       7.0   7.0  8.0  7.0  7.0   (855, 128, 399, 431)
 3:03.50  teal       7.0   7.0  8.0  7.0  7.0   (855, 128, 399, 431)
 3:04.00  teal       7.0   7.0  8.0  7.0  7.0   (855, 128, 399, 431)
 3:04.50  teal       7.0   7.0  8.0  7.0  7.0   (855, 128, 399, 431)
 3:05.00  teal       7.0   7.0  8.0  7.0  7.0   (855, 128, 399, 431)
 3:05.50  teal       7.0   7.0  8.0  7.0  7.0   (855, 128, 399, 431)
 3:06.00  teal       7.0   7.0  8.0  7.0  7.0   (855, 128, 399, 431)
 3:06.50  teal       7.0   7.0  8.0  7.0  7.0   (855, 128, 399, 431)
 3:07.00  teal       7.0   7.0  8.0  7.0  7.0   (855, 128, 399, 431)
 3:07.50  teal       7.0   7.0  8.0  7.0  7.0   (855, 128, 399, 431)
 3:08.00  teal       7.0   7.0  8.0  7.0  7.0   (855, 128, 399, 431)
 3:08.50  teal       7.0   7.0  8.0  7.0  7.0   (855, 128, 399, 431)
 3:09.00  teal       7.0   7.0  8.0  7.0  7.0   (855, 128, 399, 431)
 3:09.50  teal       7.0   7.0  8.0  7.0  7.0   (855, 128, 399, 431)
 4:33.00  gold       4.0   3.0  4.0  4.0  5.0   (552, 460, 194, 51)
 4:33.50  gold       4.5   4.0  5.0  4.0  8.0   (552, 460, 202, 51)
 4:34.00  gold       4.5   4.0  5.0  4.0  6.0   (552, 460, 202, 51)

# 151 ring samples in 41 runs; stroke histogram (rounded px): 4 px: 89, 6 px: 8, 7 px: 42, 8 px: 1, 16 px: 11
# runs (start, end, color, median stroke, min-max, samples)
 0:31.00 -  0:35.50  amber     4.0   4.0- 4.0   10
 0:36.00 -  0:36.00  amber     4.0   4.0- 4.0    1
 0:36.00 -  0:36.00  amber     4.0   4.0- 4.0    1
 0:36.50 -  0:36.50  amber     4.0   4.0- 4.0    1
 0:36.50 -  0:36.50  amber     4.0   4.0- 4.0    1
 0:37.00 -  0:37.00  amber     4.0   4.0- 4.0    1
 0:37.00 -  0:37.00  amber     4.0   4.0- 4.0    1
 0:37.50 -  0:37.50  amber     4.0   4.0- 4.0    1
 0:37.50 -  0:37.50  amber     4.0   4.0- 4.0    1
 0:38.00 -  0:38.00  amber     4.0   4.0- 4.0    1
 0:38.00 -  0:38.00  amber     4.0   4.0- 4.0    1
 0:38.50 -  0:38.50  amber     4.0   4.0- 4.0    1
 0:38.50 -  0:38.50  amber     4.0   4.0- 4.0    1
 0:39.00 -  0:39.00  amber     4.0   4.0- 4.0    1
 0:39.00 -  0:39.00  amber     4.0   4.0- 4.0    1
 0:39.50 -  0:39.50  amber     4.0   4.0- 4.0    1
 0:39.50 -  0:39.50  amber     4.0   4.0- 4.0    1
 0:40.00 -  0:40.00  amber     4.0   4.0- 4.0    1
 0:40.00 -  0:40.00  amber     4.0   4.0- 4.0    1
 0:40.50 -  0:40.50  amber     4.0   4.0- 4.0    1
 0:40.50 -  0:40.50  amber     4.0   4.0- 4.0    1
 0:41.00 -  0:42.50  amber     4.0   4.0- 4.0    4
 0:43.00 -  0:45.00  amber     4.0   4.0- 4.0    5
 0:45.50 -  0:45.50  amber     4.0   4.0- 4.0    1
 0:46.00 -  0:48.50  amber     4.0   4.0- 4.0    6
 0:49.00 -  0:51.00  blue      4.0   4.0- 4.0    5
 0:51.50 -  0:54.00  blue      4.0   4.0- 4.0    6
 0:54.50 -  0:56.50  blue      4.0   4.0- 4.0    5
 0:57.00 -  0:59.00  blue      4.0   4.0- 4.0    5
 0:59.50 -  1:02.00  blue      4.0   4.0- 4.0    6
 1:02.50 -  1:04.00  blue      4.0   4.0- 4.0    4
 1:04.50 -  1:04.50  blue      4.0   4.0- 4.0    1
 1:37.50 -  1:37.50  purple    7.5   7.5- 7.5    1
 1:42.00 -  1:44.50  blue      6.5   6.5- 6.5    6
 1:45.50 -  1:45.50  blue      6.0   6.0- 6.0    1
 1:50.00 -  1:50.00  amber     6.5   6.5- 6.5    1
 2:23.50 -  2:27.00  violet    4.0   4.0- 4.0    8
 2:41.00 -  2:46.00  purple    7.0   7.0- 7.0   11
 2:41.00 -  2:46.00  violet   16.0  16.0-16.0   11
 2:54.50 -  3:09.50  teal      7.0   7.0- 7.0   31
 4:33.00 -  4:34.00  gold      4.5   4.0- 4.5    3
