    0.00     0.38 0.70  AI
    0.38     0.72 0.99  will
    0.72     0.94 1.00  take
    0.94     1.14 0.99  on
    1.14     1.50 0.99  almost
    1.50     1.96 0.99  anything
    1.96     2.38 0.99  you
    2.38     2.66 1.00  ask.
    3.24     3.36 0.99  You
    3.36     3.48 1.00  can
    3.48     3.68 1.00  have
    3.68     3.76 0.99  it
    3.76     3.92 0.79  write
    3.92     4.06 0.99  an
    4.06     4.32 0.99  essay,
    4.68     4.94 0.99  plan
    4.94     5.08 1.00  a
    5.08     5.34 1.00  schedule,
    5.82     6.04 0.99  build
    6.04     6.28 0.99  code,
    6.66     6.68 1.00  or
    6.68     6.96 0.93  draw
    6.96     7.06 0.99  an
    7.06     7.32 1.00  image.
    8.08     8.22 0.99  But
    8.22     8.40 0.99  what
    8.40     8.54 0.98  an
    8.54     8.74 1.00  AI
    8.74     9.00 1.00  can
    9.00     9.24 1.00  try
    9.24     9.46 1.00  to
    9.46     9.64 1.00  do
    9.64     9.96 0.97  is
    9.96    10.44 1.00  entirely
   10.44    11.06 1.00  different
   11.06    11.36 0.99  from
   11.36    11.54 1.00  what
   11.54    11.68 0.99  it
   11.68    11.82 0.98  is
   11.82    12.30 1.00  actually
   12.30    12.60 0.88  built
   12.60    12.90 1.00  for.
   13.50    13.98 0.99  This
   13.98    14.20 0.99  graphic
   14.20    14.52 1.00  shows
   14.52    14.70 1.00  the
   14.70    14.92 0.99  results
   14.92    15.16 1.00  of
   15.16    15.24 0.99  an
   15.24    15.56 1.00  experiment
   15.56    15.86 0.99  we
   15.86    16.06 1.00  ran
   16.06    16.26 0.99  while
   16.26    16.64 1.00  building
   16.64    16.84 1.00  this
   16.84    17.04 1.00  exact
   17.04    17.54 1.00  course.
   18.20    18.54 0.98  AI
   18.54    19.06 1.00  successfully
   19.06    19.50 1.00  wrote
   19.50    19.66 0.99  the
   19.66    19.88 1.00  code
   19.88    20.08 1.00  for
   20.08    20.32 1.00  every
   20.32    20.78 1.00  page,
   20.98    21.08 0.98  earning
   21.08    21.34 0.98  an
   21.34    21.78 0.57  A+.
   21.78    22.54 0.98  But
   22.54    22.64 0.98  on
   22.64    22.72 1.00  the
   22.72    22.88 1.00  right
   22.88    23.18 0.99  side,
   23.30    23.48 1.00  when
   23.48    23.74 1.00  asked
   23.74    23.94 0.99  to
   23.94    24.16 1.00  draft
   24.16    24.50 1.00  actual
   24.50    25.04 1.00  lessons,
   25.70    25.72 0.98  it
   25.72    25.92 0.76  scored
   25.92    26.12 0.98  a
   26.12    26.24 0.99  C
   26.24    26.58 0.61 -minus.
   26.58    27.30 0.79  The
   27.30    27.70 0.99  explanations
   27.70    28.18 0.98  missed
   28.18    28.42 0.99  our
   28.42    28.66 1.00  intent,
   29.26    29.44 0.99  arranged
   29.44    29.82 1.00  points
   29.82    30.10 0.99  in
   30.10    30.16 1.00  the
   30.16    30.28 1.00  wrong
   30.28    30.62 1.00  order,
   30.88    31.00 1.00  and
   31.00    31.34 0.86  lacked
   31.34    31.54 0.99  a
   31.54    31.78 1.00  logical
   31.78    32.10 0.99  flow.
   32.92    33.06 0.98  The
   33.06    33.20 0.95  AI
   33.20    33.50 1.00  was
   33.50    33.88 0.99  excellent
   33.88    34.30 0.99  at
   34.30    34.58 1.00  testing
   34.58    34.96 0.98  whether
   34.96    35.12 1.00  a
   35.12    35.36 1.00  button
   35.36    35.66 0.99  worked
   35.66    36.02 0.84  or
   36.02    36.10 0.92  a
   36.10    36.32 1.00  page
   36.32    36.58 1.00  loaded
   36.58    36.98 1.00  correctly.
   37.68    37.82 0.99  But
   37.82    37.94 0.97  when
   37.94    38.04 1.00  a
   38.04    38.26 1.00  lesson
   38.26    38.64 1.00  required
   38.64    39.00 0.99  the
   39.00    39.22 0.99  right
   39.22    39.68 1.00  ideas
   39.68    40.08 0.87  presented
   40.08    40.44 1.00  in
   40.44    40.50 1.00  a
   40.50    40.66 1.00  way
   40.66    40.82 1.00  that
   40.82    40.96 0.98  made
   40.96    41.24 1.00  sense,
   41.82    41.88 1.00  the
   41.88    42.02 0.95  drafts
   42.02    42.36 1.00  weren't
   42.36    42.44 0.99  good
   42.44    42.60 1.00  enough
   42.60    42.78 1.00  to
   42.78    42.94 1.00  use.
   43.54    43.70 1.00  We
   43.70    43.86 1.00  still
   43.86    44.06 0.99  had
   44.06    44.14 0.99  to
   44.14    44.30 1.00  rely
   44.30    44.58 1.00  on
   44.58    44.72 1.00  our
   44.72    44.90 0.99  own
   44.90    45.14 0.84  judgment
   45.14    45.50 0.99  to
   45.50    45.72 1.00  decide
   45.72    46.02 1.00  what
   46.02    46.30 1.00  worked
   46.30    46.60 0.93  and
   46.60    46.82 0.99  what
   46.82    46.96 1.00  needed
   46.96    47.18 1.00  to
   47.18    47.38 1.00  change.
   48.26    48.62 0.98  Same
   48.62    48.84 1.00  AI,
   49.38    49.68 1.00  different
   49.68    49.96 1.00  jobs,
   50.46    50.76 1.00  different
   50.76    51.04 1.00  results.
   51.04    52.04 0.45  To
   52.04    52.20 1.00  get
   52.20    52.36 1.00  the
   52.36    52.66 1.00  best
   52.66    52.94 1.00  out
   52.94    53.04 1.00  of
   53.04    53.18 0.99  this
   53.18    53.44 1.00  tool,
   53.82    53.92 1.00  you
   53.92    54.08 1.00  need
   54.08    54.16 1.00  to
   54.16    54.46 0.99  recognize
   54.46    54.80 1.00  the
   54.80    55.00 0.94  four
   55.00    55.64 0.99  specific
   55.64    56.16 1.00  shapes
   56.16    56.38 1.00  of
   56.38    56.58 1.00  work
   56.58    56.84 0.79  it
   56.84    56.94 0.99  is
   56.94    57.34 1.00  actually
   57.34    57.72 0.97  strongest
   57.72    58.04 0.99  at
   58.04    58.28 1.00  handling.
   59.10    59.60 0.99  This
   59.60    59.84 0.98  slide
   59.84    60.06 1.00  details
   60.06    60.44 1.00  the
   60.44    60.68 1.00  first
   60.68    61.00 0.84  strength.
   61.78    61.80 0.51  Re
   61.80    62.02 0.96 -shape
   62.02    62.26 1.00  your
   62.26    62.54 1.00  material.
   63.54    63.60 0.94  AI
   63.60    63.94 1.00  fits
   63.94    64.12 0.99  this
   64.12    64.56 1.00  perfectly
   64.56    65.10 0.84  because
   65.10    65.34 1.00  it
   65.34    65.56 0.98  learned
   65.56    65.90 1.00  patterns
   65.90    66.20 1.00  for
   66.20    66.40 1.00  taking
   66.40    66.84 1.00  ideas
   66.84    67.44 0.98  and
   67.44    67.70 1.00  putting
   67.70    67.94 1.00  them
   67.94    68.12 0.99  into
   68.12    68.40 1.00  different
   68.40    68.70 1.00  forms.
   69.42    69.62 1.00  Just
   69.62    69.82 0.97  provide
   69.82    70.28 1.00  something
   70.28    70.52 0.99  you
   70.52    70.78 1.00  already
   70.78    71.20 1.00  have
   71.20    71.56 0.89  and
   71.56    71.86 1.00  ask
   71.86    72.04 1.00  the
   72.04    72.20 0.99  AI
   72.20    72.46 1.00  to
   72.46    72.70 1.00  return
   72.70    72.90 1.00  it
   72.90    73.06 0.99  in
   73.06    73.12 1.00  a
   73.12    73.32 1.00  different
   73.32    73.78 1.00  format,
   74.12    74.40 1.00  preserving
   74.40    74.74 1.00  your
   74.74    75.00 1.00  original
   75.00    75.34 1.00  meaning.
   75.34    76.08 0.63  For
   76.08    76.28 1.00  instance,
   76.78    76.96 0.99  you
   76.96    77.06 0.99  can
   77.06    77.22 1.00  use
   77.22    77.36 1.00  it
   77.36    77.46 1.00  to
   77.46    77.76 0.98  organize
   77.76    78.02 0.99  a
   78.02    78.28 1.00  stack
   78.28    78.48 1.00  of
   78.48    78.66 0.98  messy
   78.66    79.04 1.00  notes
   79.04    79.52 0.99  into
   79.52    79.70 1.00  a
   79.70    79.86 0.95  clean
   79.86    80.18 0.91  study
   80.18    80.48 1.00  guide.
   81.04    81.20 0.99  You
   81.20    81.30 0.93  can
   81.30    81.46 0.99  have
   81.46    81.54 0.99  it
   81.54    81.78 1.00  turn
   81.78    81.96 0.89  a
   81.96    82.26 0.97  rambling
   82.26    82.62 0.97  voice
   82.62    82.84 1.00  memo
   82.84    83.26 0.99  into
   83.26    83.38 1.00  a
   83.38    83.66 0.90  focus
   83.66    83.88 0.78  to
   83.88    83.98 0.89 -do
   83.98    84.20 1.00  list,
   84.76    84.98 0.99  or
   84.98    85.36 0.94  rewrite
   85.36    85.86 1.00  technical
   85.86    86.22 0.99  instructions
   86.22    86.70 0.99  into
   86.70    86.92 0.99  plain
   86.92    87.24 0.99  language.
   87.92    88.20 0.99  It's
   88.20    88.32 0.99  your
   88.32    88.60 1.00  material
   88.60    89.26 0.82  just
   89.26    89.46 1.00  in
   89.46    89.54 1.00  a
   89.54    89.72 1.00  more
   89.72    89.96 1.00  useful
   89.96    90.40 1.00  form.
   91.16    91.22 0.98  The
   91.22    91.48 1.00  second
   91.48    91.76 0.99  strength
   91.76    92.04 1.00  is
   92.04    92.58 0.58  explore
   92.58    93.08 1.00  possibilities.
   94.02    94.24 0.94  AI
   94.24    94.56 1.00  has
   94.56    94.74 1.00  learned
   94.74    95.06 1.00  patterns
   95.06    95.36 1.00  from
   95.36    95.68 1.00  millions
   95.68    96.08 1.00  of
   96.08    96.42 1.00  ideas
   96.42    96.70 1.00  and
   96.70    97.12 1.00  examples,
   97.62    98.18 0.98  recombining
   98.18    98.40 1.00  them
   98.40    98.56 1.00  to
   98.56    98.82 1.00  generate
   98.82    99.12 1.00  fresh
   99.12    99.42 1.00  options.
  100.06   100.62 0.38  When
  100.62   100.90 1.00  stuck,
  101.20   101.58 1.00  ask
  101.58   101.70 0.99  the
  101.70   101.86 0.97  AI
  101.86   102.20 1.00  for
  102.20   102.46 0.99  several
  102.46   103.02 1.00  approaches.
  103.66   103.76 0.99  You
  103.76   104.04 0.98  react
  104.04   104.28 1.00  to
  104.28   104.38 0.94  its
  104.38   104.70 1.00  suggestions,
  105.32   105.50 1.00  ask
  105.50   105.70 1.00  for
  105.70   106.02 0.99  variations,
  106.26   106.88 1.00  and
  106.88   107.12 1.00  decide
  107.12   107.44 1.00  which
  107.44   107.80 1.00  specific
  107.80   108.30 1.00  ideas
  108.30   108.64 1.00  are
  108.64   108.80 1.00  worth
  108.80   109.10 1.00  taking
  109.10   109.40 0.99  further.
  110.02   110.14 0.99  You
  110.14   110.28 0.99  might
  110.28   110.60 1.00  ask
  110.60   110.74 1.00  it
  110.74   110.84 1.00  to
  110.84   111.04 0.97  brainstorm
  111.04   111.62 0.99  distinct
  111.62   112.28 0.99  angles
  112.28   112.64 1.00  for
  112.64   112.72 1.00  an
  112.72   113.00 1.00  essay,
  113.40   113.76 0.94  suggest
  113.76   114.10 1.00  names
  114.10   114.46 1.00  for
  114.46   114.58 1.00  a
  114.58   114.68 1.00  new
  114.68   114.96 1.00  club,
  115.46   115.68 1.00  try
  115.68   115.86 0.98  out
  115.86   116.04 1.00  different
  116.04   116.56 0.99  openings
  116.56   116.82 1.00  for
  116.82   116.92 0.99  a
  116.92   117.06 1.00  short
  117.06   117.40 1.00  story,
  117.88   118.10 1.00  or
  118.10   118.34 1.00  come
  118.34   118.48 1.00  up
  118.48   118.64 1.00  with
  118.64   118.80 0.96  event
  118.80   119.22 1.00  ideas.
  119.92   120.04 0.97  It
  120.04   120.20 1.00  gives
  120.20   120.38 1.00  you
  120.38   120.60 1.00  more
  120.60   121.04 1.00  possibilities.
  122.20   122.26 1.00  You
  122.26   122.50 0.99  choose
  122.50   122.80 1.00  the
  122.80   122.98 1.00  direction.
  124.50   125.06 0.97  The
  125.06   125.30 0.99  third
  125.30   125.56 0.99  strength
  125.56   126.02 0.99  is
  126.02   126.30 0.35  find
  126.30   126.62 0.98  what
  126.62   126.94 1.00  matters.
  126.94   127.88 0.62  AI
  127.88   128.64 1.00  excels
  128.64   128.74 0.93  at
  128.74   128.96 1.00  working
  128.96   129.24 0.99  through
  129.24   129.58 0.99  massive
  129.58   130.06 0.99  amounts
  130.06   130.22 1.00  of
  130.22   130.46 0.99  text,
  130.46   131.20 1.00  connecting
  131.20   131.58 1.00  related
  131.58   132.12 1.00  concepts
  132.12   132.52 0.99  to
  132.52   132.68 0.98  locate
  132.68   133.22 1.00  details
  133.22   133.52 1.00  that
  133.52   133.74 1.00  match
  133.74   134.00 1.00  your
  134.00   134.28 1.00  query.
  134.98   135.24 0.88  Supply
  135.24   135.56 1.00  the
  135.56   135.74 0.99  AI
  135.74   136.04 1.00  with
  136.04   136.22 1.00  long
  136.22   136.68 1.00  documents,
  137.18   137.32 0.99  and
  137.32   137.44 1.00  it
  137.44   137.54 1.00  will
  137.54   137.88 0.99  summarize
  137.88   138.26 0.99  core
  138.26   138.68 1.00  ideas
  138.68   139.04 0.91  or
  139.04   139.20 1.00  pull
  139.20   139.40 1.00  out
  139.40   139.54 1.00  the
  139.54   139.80 1.00  exact
  139.80   140.18 0.99  data
  140.18   140.44 1.00  points
  140.44   140.62 1.00  you
  140.62   140.88 0.99  requested.
  141.84   141.96 1.00  It
  141.96   142.08 1.00  can
  142.08   142.30 0.99  pull
  142.30   142.52 0.98  main
  142.52   142.92 1.00  concepts
  142.92   143.26 1.00  out
  143.26   143.36 0.99  of
  143.36   143.42 0.99  a
  143.42   143.62 0.98  dense
  143.62   144.10 0.98  textbook
  144.10   144.56 1.00  chapter,
  145.08   145.32 0.94  locate
  145.32   145.82 1.00  specific
  145.82   146.44 1.00  requirements
  146.44   146.78 0.99  hidden
  146.78   147.06 1.00  in
  147.06   147.12 0.99  a
  147.12   147.40 1.00  scholarship
  147.40   147.90 1.00  application,
  148.78   149.00 0.97  compare
  149.00   149.52 1.00  arguments
  149.52   149.78 1.00  made
  149.78   149.98 1.00  by
  149.98   150.22 0.99  two
  150.22   150.58 1.00  different
  150.58   150.94 1.00  articles,
  151.50   151.76 1.00  or
  151.76   152.22 0.98  summarize
  152.22   152.54 1.00  your
  152.54   153.04 0.95  school's
  153.04   153.28 0.99  student
  153.28   153.74 0.99  handbook.
  153.74   154.52 0.57  A
  154.52   154.70 0.97  lot
  154.70   154.88 0.99  to
  154.88   155.04 0.99  read,
  155.56   155.62 0.97  a
  155.62   155.90 0.88  clearer
  155.90   156.36 1.00  place
  156.36   156.50 1.00  to
  156.50   156.78 1.00  focus.
  157.72   157.82 0.91  The
  157.82   158.10 0.97  fourth
  158.10   158.34 0.99  and
  158.34   158.72 1.00  final
  158.72   159.06 0.98  strength
  159.06   159.34 0.98  is
  159.34   159.62 0.91  work
  159.62   159.88 0.62  through
  159.88   160.26 1.00  problems.
  160.92   161.22 0.98  During
  161.22   161.56 1.00  training,
  161.78   161.92 0.98  AI
  161.92   162.32 1.00  saw
  162.32   162.58 1.00  many
  162.58   163.04 1.00  examples
  163.04   163.34 1.00  of
  163.34   163.50 1.00  how
  163.50   163.74 1.00  people
  163.74   164.12 0.93  connected
  164.12   164.62 1.00  ideas
  164.62   164.94 0.99  and
  164.94   165.14 1.00  found
  165.14   165.52 1.00  solutions.
  166.22   166.44 0.99  Tell
  166.44   166.60 0.98  the
  166.60   166.78 1.00  AI
  166.78   167.10 0.99  what
  167.10   167.24 0.98  you're
  167.24   167.50 1.00  trying
  167.50   167.64 1.00  to
  167.64   168.04 1.00  accomplish
  168.04   168.36 0.85  and
  168.36   168.48 0.99  the
  168.48   168.80 0.99  obstacle
  168.80   169.12 1.00  in
  169.12   169.22 1.00  your
  169.22   169.44 1.00  way.
  170.06   170.08 1.00  It
  170.08   170.30 1.00  acts
  170.30   170.56 1.00  as
  170.56   170.66 1.00  a
  170.66   170.96 0.99  sounding
  170.96   171.26 0.99  board,
  171.50   171.88 0.99  breaking
  171.88   172.06 1.00  the
  172.06   172.34 1.00  problem
  172.34   172.58 0.99  into
  172.58   173.20 1.00  actionable
  173.20   173.46 1.00  steps.
  174.22   174.36 1.00  You
  174.36   174.48 1.00  can
  174.48   174.66 1.00  use
  174.66   174.82 1.00  it
  174.82   175.02 0.99  to
  175.02   175.34 0.99  plan
  175.34   175.48 1.00  a
  175.48   175.64 1.00  trip
  175.64   175.84 1.00  on
  175.84   175.92 1.00  a
  175.92   176.06 1.00  strict
  176.06   176.36 1.00  budget.
  176.96   177.10 0.99  Work
  177.10   177.30 0.96  out
  177.30   177.54 0.99  exactly
  177.54   178.04 1.00  why
  178.04   178.26 0.99  code
  178.26   178.72 1.00  isn't
  178.72   178.94 1.00  running,
  179.58   179.80 0.99  compare
  179.80   180.16 1.00  colleges,
  180.16   180.98 0.27  or
  180.98   181.20 0.98  figure
  181.20   181.46 1.00  out
  181.46   181.68 0.99  why
  181.68   181.86 1.00  a
  181.86   182.04 0.98  science
  182.04   182.48 1.00  experiment
  182.48   182.82 1.00  yielded
  182.82   183.46 1.00  unexpected
  183.46   183.96 1.00  results.
  184.66   184.88 0.99  Work
  184.88   185.08 0.98  through
  185.08   185.20 1.00  the
  185.20   185.42 1.00  pieces,
  185.86   186.08 0.99  make
  186.08   186.28 1.00  your
  186.28   186.42 1.00  own
  186.42   186.62 1.00  call.
  187.42   187.60 0.99  All
  187.60   187.82 0.99  four
  187.82   187.96 1.00  of
  187.96   188.08 0.95  these
  188.08   188.40 1.00  strengths
  188.40   188.84 0.99  stem
  188.84   189.10 1.00  from
  189.10   189.18 1.00  a
  189.18   189.50 1.00  single
  189.50   189.82 0.81  underlying
  189.82   190.36 1.00  fact.
  190.96   191.28 1.00  During
  191.28   191.50 0.96  its
  191.50   191.72 1.00  initial
  191.72   192.08 1.00  training,
  192.36   192.42 0.99  the
  192.42   192.60 0.97  AI
  192.60   192.92 1.00  was
  192.92   193.24 1.00  exposed
  193.24   193.54 1.00  to
  193.54   193.72 1.00  more
  193.72   194.04 1.00  examples
  194.04   194.46 0.98  than
  194.46   194.54 0.99  a
  194.54   194.78 1.00  human
  194.78   195.00 0.99  could
  195.00   195.20 1.00  read
  195.20   195.42 1.00  in
  195.42   195.50 1.00  a
  195.50   195.70 1.00  lifetime.
  196.38   196.64 0.90  Code,
  197.14   197.20 0.99  essays,
  197.70   197.98 0.99  stories,
  198.34   198.66 1.00  documents,
  199.00   199.04 1.00  and
  199.04   199.30 1.00  arguments.
  199.90   200.28 1.00  It
  200.28   200.38 0.99  is
  200.38   200.60 0.99  fluent
  200.60   200.88 0.99  with
  200.88   201.04 1.00  these
  201.04   201.38 1.00  formats
  201.38   201.84 0.87  because
  201.84   202.06 1.00  it
  202.06   202.14 0.93  has
  202.14   202.36 1.00  seen
  202.36   202.76 0.99  thousands
  202.76   203.06 0.99  of
  203.06   203.30 1.00  versions
  203.30   203.58 1.00  of
  203.58   203.70 1.00  them
  203.70   203.98 1.00  before.
  204.76   205.02 1.00  This
  205.02   205.24 1.00  massive
  205.24   205.86 1.00  exposure
  205.86   206.18 1.00  makes
  206.18   206.42 1.00  the
  206.42   206.62 1.00  AI
  206.62   207.32 1.00  extremely
  207.32   207.68 1.00  good
  207.68   207.86 1.00  at
  207.86   208.10 1.00  getting
  208.10   208.22 0.98  a
  208.22   208.44 0.99  task
  208.44   208.80 1.00  started,
  208.80   209.60 0.11  but
  209.60   209.78 0.99  it
  209.78   210.06 0.99  doesn't
  210.06   210.24 1.00  guarantee
  210.24   210.58 0.92  the
  210.58   210.82 1.00  answer
  210.82   211.00 1.00  is
  211.00   211.28 0.96  right
  211.28   211.64 0.84  or
  211.64   211.86 0.98  that
  211.86   211.96 1.00  it
  211.96   212.16 1.00  fits
  212.16   212.34 1.00  what
  212.34   212.46 1.00  you
  212.46   212.66 1.00  need.
  213.20   213.52 1.00  Because
  213.52   213.76 0.97  the
  213.76   214.02 1.00  system
  214.02   214.26 1.00  is
  214.26   214.64 1.00  ultimately
  214.64   215.12 1.00  predictive,
  215.68   215.86 1.00  you
  215.86   216.04 1.00  must
  216.04   216.34 1.00  apply
  216.34   216.54 1.00  your
  216.54   216.80 1.00  own
  216.80   217.02 0.87  judgment
  217.02   217.34 1.00  to
  217.34   217.54 1.00  evaluate
  217.54   217.96 1.00  the
  217.96   218.24 1.00  final
  218.24   218.66 1.00  context
  218.66   219.00 1.00  and
  219.00   219.34 1.00  accuracy.
  220.18   220.36 1.00  As
  220.36   220.48 1.00  you
  220.48   220.62 1.00  look
  220.62   220.72 1.00  at
  220.72   220.88 0.99  this
  220.88   221.06 0.99  final
  221.06   221.42 1.00  graphic,
  221.80   221.94 1.00  remember
  221.94   222.30 1.00  the
  222.30   222.52 0.99  rule
  222.52   222.68 1.00  that
  222.68   222.94 1.00  governs
  222.94   223.32 1.00  how
  223.32   223.50 1.00  we
  223.50   223.72 1.00  interact
  223.72   224.06 1.00  with
  224.06   224.20 1.00  this
  224.20   224.48 1.00  technology.
  225.46   225.50 0.94  AI
  225.50   225.98 1.00  does
  225.98   226.30 0.97  some
  226.30   226.54 1.00  things
  226.54   226.88 1.00  better
  226.88   227.20 1.00  than
  227.20   227.44 1.00  others,
  228.10   228.42 1.00  and
  228.42   229.04 0.77  can
  229.04   229.36 0.94  try
  229.36   230.08 0.61  is
  230.08   230.40 1.00  not
  230.40   231.18 0.99  built
  231.18   231.44 0.99  for.
