# beyond-the-average.mp4  1280x720  duration=2:46.13  step=0.5s  thr=45.0
# target: fixed 4 px at 720p (6 px at 1080p), Edit Spec section 5 (2026-09-26); widths are SOLID pixels at thr, true width is about +0.5
# time      color    stroke   L    R    T    B    bbox(x,y,w,h)
 0:42.00  gold       2.0   2.0  2.0  2.0  2.0   (314, 552, 652, 66)
 1:48.00  purple     7.0   7.0  8.0  7.0  6.0   (279, 80, 359, 287)
 1:48.50  purple     6.0   6.0  6.0  7.0  6.0   (257, 59, 596, 475)
 1:49.00  purple     6.5   6.0  7.0  7.0  6.0   (237, 40, 807, 642)
 1:49.50  purple     6.5   6.0  7.0  7.0  6.0   (237, 40, 807, 642)
 1:50.00  purple     6.5   6.0  7.0  7.0  6.0   (237, 40, 807, 642)
 1:50.50  purple     6.5   6.0  7.0  7.0  6.0   (237, 40, 807, 642)
 1:51.00  purple     6.5   6.0  7.0  7.0  6.0   (237, 40, 807, 642)
 1:51.50  purple     6.5   6.0  7.0  7.0  6.0   (237, 40, 807, 642)
 1:52.00  purple     6.5   6.0  7.0  7.0  6.0   (237, 40, 807, 642)
 1:52.50  purple     6.5   6.0  7.0  7.0  6.0   (237, 40, 807, 642)
 1:53.00  purple     6.5   6.0  7.0  7.0  6.0   (237, 40, 807, 642)
 1:53.50  purple     6.5   6.0  7.0  7.0  6.0   (237, 40, 807, 642)
 1:54.00  purple     6.5   6.0  7.0  7.0  6.0   (237, 40, 807, 642)
 1:54.50  purple     6.5   6.0  7.0  7.0  6.0   (237, 40, 807, 642)
 1:55.00  purple     6.5   6.0  7.0  7.0  6.0   (237, 40, 807, 642)
 1:55.50  purple     6.5   6.0  7.0  7.0  6.0   (237, 40, 807, 642)
 1:56.00  purple     6.5   6.0  7.0  7.0  6.0   (237, 40, 807, 642)
 1:56.50  purple     6.5   6.0  7.0  7.0  6.0   (237, 40, 807, 642)
 1:57.00  blue       6.0   6.0  6.0  6.0  6.0   (1066, 40, 214, 642)
 1:57.50  blue       6.0   6.0  6.0  7.0  6.0   (422, 40, 806, 642)
 1:58.00  blue       6.5   8.0  6.0  7.0  6.0   (236, 40, 808, 642)
 1:58.50  blue       6.5   8.0  6.0  7.0  6.0   (236, 40, 808, 642)
 1:59.00  blue       6.5   8.0  6.0  7.0  6.0   (236, 40, 808, 642)
 1:59.50  blue       6.5   8.0  6.0  7.0  6.0   (236, 40, 808, 642)
 2:00.00  blue       6.5   8.0  6.0  7.0  6.0   (236, 40, 808, 642)
 2:00.50  blue       6.5   8.0  6.0  7.0  6.0   (236, 40, 808, 642)
 2:01.00  blue       6.5   8.0  6.0  7.0  6.0   (236, 40, 808, 642)
 2:01.50  blue       6.5   8.0  6.0  7.0  6.0   (236, 40, 808, 642)
 2:02.00  blue       6.5   8.0  6.0  7.0  6.0   (236, 40, 808, 642)
 2:02.50  blue       6.5   8.0  6.0  7.0  6.0   (236, 40, 808, 642)
 2:03.00  blue       6.5   8.0  6.0  7.0  6.0   (236, 40, 808, 642)
 2:03.50  blue       6.5   8.0  6.0  7.0  6.0   (236, 40, 808, 642)
 2:04.00  blue       6.5   8.0  6.0  7.0  6.0   (236, 40, 808, 642)
 2:04.50  blue       6.5   8.0  6.0  7.0  6.0   (236, 40, 808, 642)
 2:05.00  blue       6.5   8.0  6.0  7.0  6.0   (236, 40, 808, 642)
 2:05.50  blue       6.5   8.0  6.0  7.0  6.0   (236, 40, 808, 642)
 2:06.00  blue       6.5   8.0  6.0  7.0  6.0   (236, 40, 808, 642)
 2:06.50  blue       6.5   8.0  6.0  7.0  6.0   (236, 40, 808, 642)
 2:07.00  blue       6.5   8.0  6.0  7.0  6.0   (236, 40, 808, 642)
 2:07.50  blue       6.5   8.0  6.0  7.0  6.0   (236, 40, 808, 642)
 2:08.00  teal       7.0   7.0  7.0  7.0  7.0   (0, 280, 761, 440)
 2:08.50  teal       7.0   7.0  8.0  7.0  7.0   (237, 61, 807, 599)
 2:09.00  teal       7.0   7.0  8.0  7.0  7.0   (237, 61, 807, 599)
 2:09.50  teal       7.0   7.0  8.0  7.0  7.0   (237, 61, 807, 599)
 2:10.00  teal       7.0   7.0  8.0  7.0  7.0   (237, 61, 807, 599)
 2:10.50  teal       7.0   7.0  8.0  7.0  7.0   (237, 61, 807, 599)
 2:11.00  teal       7.0   7.0  8.0  7.0  7.0   (237, 61, 807, 599)
 2:11.50  teal       7.0   7.0  8.0  7.0  7.0   (237, 61, 807, 599)
 2:12.00  teal       7.0   7.0  8.0  7.0  7.0   (237, 61, 807, 599)
 2:12.50  teal       7.0   7.0  8.0  7.0  7.0   (237, 61, 807, 599)
 2:13.00  teal       7.0   7.0  8.0  7.0  7.0   (237, 61, 807, 599)
 2:13.50  teal       7.0   7.0  8.0  7.0  7.0   (237, 61, 807, 599)
 2:14.00  teal       7.0   7.0  8.0  7.0  6.0   (237, 61, 807, 599)
 2:14.50  teal       7.0   7.0  8.0  7.0  6.0   (237, 61, 807, 599)
 2:15.00  teal       7.0   7.0  8.0  7.0  6.0   (237, 61, 807, 599)
 2:15.50  teal       7.0   7.0  8.0  7.0  6.0   (237, 61, 807, 599)
 2:16.00  teal       7.0   7.0  8.0  7.0  6.0   (237, 61, 807, 599)
 2:16.50  teal       7.0   7.0  8.0  7.0  6.0   (237, 61, 807, 599)
 2:17.00  teal       7.0   7.0  8.0  7.0  6.0   (237, 61, 807, 599)
 2:17.50  amber      6.5   7.0  7.0  6.0  6.0   (1002, 62, 278, 598)
 2:18.00  amber      6.0   6.0  6.0  7.0  6.0   (304, 60, 806, 600)
 2:18.50  amber      6.5   7.0  6.0  7.0  6.0   (236, 60, 808, 600)
 2:19.00  amber      6.5   7.0  6.0  7.0  6.0   (236, 60, 808, 600)
 2:19.50  amber      6.5   7.0  6.0  7.0  6.0   (236, 60, 808, 600)
 2:20.00  amber      6.5   7.0  6.0  7.0  6.0   (236, 60, 808, 600)
 2:20.50  amber      6.5   7.0  6.0  7.0  6.0   (236, 60, 808, 600)
 2:21.00  amber      6.5   7.0  6.0  7.0  6.0   (236, 60, 808, 600)
 2:21.50  amber      6.5   7.0  6.0  7.0  6.0   (236, 60, 808, 600)
 2:22.00  amber      6.5   7.0  6.0  7.0  6.0   (236, 60, 808, 600)
 2:22.50  amber      6.5   7.0  6.0  7.0  6.0   (236, 60, 808, 600)
 2:23.00  amber      6.5   7.0  6.0  7.0  6.0   (236, 60, 808, 600)
 2:23.50  amber      6.5   7.0  6.0  7.0  6.0   (236, 60, 808, 600)
 2:24.00  amber      6.5   7.0  6.0  7.0  6.0   (236, 60, 808, 600)
 2:24.50  amber      6.5   7.0  6.0  7.0  6.0   (236, 60, 808, 600)
 2:25.00  amber      6.5   7.0  6.0  7.0  6.0   (236, 60, 808, 600)
 2:25.50  amber      6.5   7.0  6.0  7.0  6.0   (236, 60, 808, 600)
 2:26.00  amber      6.5   7.0  6.0  7.0  6.0   (236, 60, 808, 600)
 2:26.50  amber      6.5   7.0  6.0  7.0  6.0   (236, 60, 808, 600)
 2:27.00  amber      6.5   7.0  7.0  6.0  6.0   (376, 168, 654, 484)
 2:27.50  violet     6.0   6.0  6.0  6.0  6.0   (234, 648, 770, 56)
 2:28.00  violet     6.0   6.0  6.0  6.0  6.0   (280, 646, 722, 52)
 2:28.50  violet     6.0   6.0  6.0  6.0  6.0   (280, 646, 722, 52)
 2:29.00  violet     6.0   6.0  6.0  6.0  6.0   (280, 646, 722, 52)
 2:29.50  violet     6.0   6.0  6.0  6.0  6.0   (280, 646, 722, 52)
 2:30.00  violet     6.0   6.0  6.0  6.0  6.0   (280, 646, 722, 52)
 2:30.50  violet     6.0   6.0  6.0  6.0  6.0   (279, 646, 723, 52)
 2:31.00  violet     6.0   6.0  6.0  6.0  6.0   (279, 646, 723, 52)
 2:31.50  violet     6.0   6.0  6.0  6.0  6.0   (279, 646, 723, 52)
 2:32.00  violet     6.0   6.0  6.0  6.0  6.0   (279, 646, 723, 52)
 2:32.50  violet     6.0   6.0  6.0  6.0  6.0   (279, 646, 723, 52)
 2:33.00  violet     6.0   6.0  6.0  6.0  6.0   (279, 646, 723, 52)
 2:33.50  violet     6.0   6.0  6.0  6.0  6.0   (279, 646, 723, 52)
 2:34.00  violet     6.0   6.0  6.0  6.0  6.0   (279, 646, 723, 52)

# 94 ring samples in 15 runs; stroke histogram (rounded px): 2 px: 1, 6 px: 73, 7 px: 20
# runs (start, end, color, median stroke, min-max, samples)
 0:42.00 -  0:42.00  gold      2.0   2.0- 2.0    1
 1:48.00 -  1:48.00  purple    7.0   7.0- 7.0    1
 1:48.50 -  1:48.50  purple    6.0   6.0- 6.0    1
 1:49.00 -  1:56.50  purple    6.5   6.5- 6.5   16
 1:57.00 -  1:57.00  blue      6.0   6.0- 6.0    1
 1:57.50 -  1:57.50  blue      6.0   6.0- 6.0    1
 1:58.00 -  2:07.50  blue      6.5   6.5- 6.5   20
 2:08.00 -  2:08.00  teal      7.0   7.0- 7.0    1
 2:08.50 -  2:17.00  teal      7.0   7.0- 7.0   18
 2:17.50 -  2:17.50  amber     6.5   6.5- 6.5    1
 2:18.00 -  2:18.00  amber     6.0   6.0- 6.0    1
 2:18.50 -  2:26.50  amber     6.5   6.5- 6.5   17
 2:27.00 -  2:27.00  amber     6.5   6.5- 6.5    1
 2:27.50 -  2:27.50  violet    6.0   6.0- 6.0    1
 2:28.00 -  2:34.00  violet    6.0   6.0- 6.0   13
