# ai-is-math-v7.mp4  1280x720  duration=3:26.13  step=0.5s  thr=45.0
# target: fixed 4 px at 720p (6 px at 1080p), Edit Spec section 5 (2026-09-26); widths are SOLID pixels at thr, true width is about +0.5
# time      color    stroke   L    R    T    B    bbox(x,y,w,h)
 0:54.50  purple     4.0   4.0  4.0  4.0  4.0   (58, 220, 1164, 248)
 0:55.00  purple     4.0   4.0  4.0  4.0  4.0   (58, 220, 1164, 248)
 0:55.50  purple     4.0   4.0  4.0  4.0  4.0   (58, 220, 1164, 248)
 0:56.00  purple     4.0   4.0  4.0  4.0  4.0   (58, 220, 1164, 248)
 0:56.50  purple     4.0   4.0  4.0  4.0  4.0   (58, 220, 1164, 248)
 0:57.00  purple     4.0   4.0  4.0  4.0  4.0   (58, 220, 1164, 248)
 0:57.50  purple     4.0   4.0  4.0  4.0  4.0   (58, 220, 1164, 248)
 0:58.00  purple     4.0   4.0  4.0  4.0  4.0   (58, 220, 1164, 248)
 0:58.50  purple     4.0   4.0  4.0  4.0  4.0   (58, 220, 1164, 248)
 0:59.00  purple     4.0   4.0  4.0  4.0  4.0   (58, 220, 1164, 248)
 0:59.50  purple     4.0   4.0  4.0  4.0  4.0   (58, 220, 1164, 248)
 1:04.50  purple     3.0   8.0  4.0  2.0  2.0   (174, 96, 932, 80)
 1:05.00  purple     3.0   8.0  4.0  2.0  2.0   (174, 96, 932, 80)
 1:05.50  purple     3.0   8.0  4.0  2.0  2.0   (174, 96, 932, 80)
 1:06.00  purple     3.0   8.0  4.0  2.0  2.0   (174, 96, 932, 80)
 1:06.50  purple     3.0   8.0  4.0  2.0  2.0   (174, 96, 932, 80)
 1:07.00  purple     3.0   8.0  4.0  2.0  2.0   (174, 96, 932, 80)
 1:07.50  purple     3.0   8.0  4.0  2.0  2.0   (174, 96, 932, 80)
 1:08.00  purple     3.0   8.0  4.0  2.0  2.0   (174, 96, 932, 80)
 1:08.50  purple     3.0   8.0  4.0  2.0  2.0   (174, 96, 932, 80)
 1:09.00  purple     3.0   8.0  4.0  2.0  2.0   (174, 96, 932, 80)
 1:09.50  violet     3.0   4.0  4.0  2.0  2.0   (222, 230, 858, 146)
 1:10.00  violet     3.0   4.0  4.0  2.0  2.0   (222, 230, 858, 146)
 1:10.50  violet     3.0   4.0  4.0  2.0  2.0   (222, 230, 858, 146)
 1:11.00  violet     3.0   4.0  4.0  2.0  2.0   (222, 230, 858, 146)
 1:11.50  violet     3.0   4.0  4.0  2.0  2.0   (222, 230, 858, 146)
 1:12.00  violet     3.0   4.0  4.0  2.0  2.0   (222, 230, 858, 146)
 1:12.50  violet     3.0   4.0  4.0  2.0  2.0   (222, 230, 858, 146)
 1:13.00  violet     3.0   4.0  4.0  2.0  2.0   (222, 230, 858, 146)
 1:13.50  violet     3.0   4.0  4.0  2.0  2.0   (222, 230, 858, 146)
 1:14.00  violet     3.0   4.0  4.0  2.0  2.0   (222, 230, 858, 146)
 1:14.50  violet     3.0   4.0  4.0  2.0  2.0   (222, 230, 858, 146)
 1:15.00  violet     3.0   4.0  4.0  2.0  2.0   (222, 230, 858, 146)
 1:15.50  violet     3.0   4.0  4.0  2.0  2.0   (222, 230, 858, 146)
 1:16.00  violet     3.0   4.0  4.0  2.0  2.0   (222, 230, 858, 146)
 1:16.50  violet     3.0   4.0  4.0  2.0  2.0   (222, 230, 858, 146)
 1:17.00  violet     3.0   4.0  4.0  2.0  2.0   (222, 230, 858, 146)
 1:17.50  violet     3.0   4.0  4.0  2.0  2.0   (222, 230, 858, 146)
 1:18.00  green      4.0   4.0  4.0  4.0  4.0   (221, 229, 161, 148)
 1:18.50  green      4.0   4.0  4.0  4.0  4.0   (221, 229, 161, 148)
 1:19.00  green      4.0   4.0  4.0  4.0  4.0   (221, 229, 161, 148)
 1:19.50  green      4.0   4.0  4.0  4.0  4.0   (221, 229, 161, 148)
 1:20.00  purple     3.0   4.0  2.0  2.0  4.0   (304, 446, 632, 96)
 1:20.50  purple     3.0   4.0  2.0  2.0  4.0   (304, 446, 632, 96)
 1:21.00  purple     3.0   4.0  2.0  2.0  4.0   (304, 446, 632, 96)
 1:21.50  purple     3.0   4.0  2.0  2.0  4.0   (304, 446, 632, 96)
 1:22.00  purple     3.0   4.0  2.0  2.0  4.0   (304, 446, 632, 96)
 1:22.50  purple     3.0   4.0  2.0  2.0  4.0   (304, 446, 632, 96)
 1:23.00  purple     3.0   4.0  2.0  2.0  4.0   (304, 446, 632, 96)
 1:23.50  violet     4.0   4.0  4.0  4.0  4.0   (174, 620, 932, 58)
 1:24.00  violet     4.0   4.0  4.0  4.0  4.0   (174, 620, 932, 58)
 1:24.50  violet     4.0   4.0  4.0  4.0  4.0   (174, 620, 932, 58)
 1:25.00  violet     4.0   4.0  4.0  4.0  4.0   (174, 620, 932, 58)
 1:25.50  violet     4.0   4.0  4.0  4.0  4.0   (174, 620, 932, 58)
 1:58.00  red        2.0   2.0  2.0  2.0  2.0   (666, 246, 384, 144)
 1:58.50  red        2.0   2.0  2.0  2.0  2.0   (666, 246, 384, 144)
 1:59.00  red        2.0   2.0  2.0  2.0  2.0   (666, 246, 384, 144)
 1:59.50  red        2.0   2.0  2.0  2.0  2.0   (666, 246, 384, 144)
 2:00.00  red        2.0   2.0  2.0  2.0  2.0   (666, 246, 384, 144)
 2:00.50  red        2.0   2.0  2.0  2.0  2.0   (666, 246, 384, 144)
 2:01.00  red        2.0   2.0  2.0  2.0  2.0   (666, 246, 384, 144)
 2:01.50  red        2.0   2.0  2.0  2.0  2.0   (666, 246, 384, 144)
 2:02.00  red        2.0   2.0  2.0  2.0  2.0   (666, 246, 384, 144)
 2:02.50  red        2.0   2.0  2.0  2.0  2.0   (666, 246, 384, 144)
 2:03.00  red        2.0   2.0  2.0  2.0  2.0   (666, 246, 384, 144)
 2:03.50  red        2.0   2.0  2.0  2.0  2.0   (666, 246, 384, 144)
 2:04.00  red        2.0   2.0  2.0  2.0  2.0   (666, 246, 384, 144)
 2:04.50  red        2.0   2.0  2.0  2.0  2.0   (666, 246, 384, 144)
 2:05.00  red        2.0   2.0  2.0  2.0  2.0   (666, 246, 384, 144)
 2:05.50  red        2.0   2.0  2.0  2.0  2.0   (666, 246, 384, 144)
 2:06.50  violet     2.0   2.0  4.0  2.0  2.0   (236, 246, 394, 144)
 2:07.00  violet     2.0   2.0  4.0  2.0  2.0   (236, 246, 394, 144)
 2:07.50  violet     2.0   2.0  4.0  2.0  2.0   (236, 246, 394, 144)
 2:08.00  violet     2.0   2.0  4.0  2.0  2.0   (236, 246, 394, 144)
 2:08.50  violet     2.0   2.0  4.0  2.0  2.0   (236, 246, 394, 144)
 2:09.00  violet     2.0   2.0  4.0  2.0  2.0   (236, 246, 394, 144)
 2:09.50  violet     2.0   2.0  4.0  2.0  2.0   (236, 246, 394, 144)
 2:10.00  violet     2.0   2.0  4.0  2.0  2.0   (236, 246, 394, 144)
 2:10.50  green      4.0   4.0  4.0  4.0  4.0   (235, 245, 156, 146)
 2:11.00  green      4.0   4.0  4.0  4.0  4.0   (235, 245, 156, 146)
 2:11.50  green      4.0   4.0  4.0  4.0  4.0   (235, 245, 156, 146)
 2:12.00  green      4.0   4.0  4.0  4.0  4.0   (235, 245, 156, 146)
 2:12.50  green      4.0   4.0  4.0  4.0  4.0   (235, 245, 156, 146)
 2:13.00  green      4.0   4.0  4.0  4.0  4.0   (235, 245, 156, 146)
 2:13.50  green      4.0   4.0  4.0  4.0  4.0   (235, 245, 156, 146)
 2:14.00  green      4.0   4.0  4.0  4.0  4.0   (235, 245, 156, 146)
 2:14.50  green      4.0   4.0  4.0  4.0  4.0   (235, 245, 156, 146)
 2:15.00  green      4.0   4.0  4.0  4.0  4.0   (315, 454, 613, 93)
 2:15.50  green      4.0   4.0  4.0  4.0  4.0   (315, 454, 613, 93)
 2:16.00  green      4.0   4.0  4.0  4.0  4.0   (315, 454, 613, 93)
 2:16.50  green      4.0   4.0  4.0  4.0  4.0   (315, 454, 613, 93)
 2:17.00  green      4.0   4.0  4.0  4.0  4.0   (315, 454, 613, 93)
 2:17.50  green      4.0   4.0  4.0  4.0  4.0   (315, 454, 613, 93)
 2:18.00  green      4.0   4.0  4.0  4.0  4.0   (315, 454, 613, 93)
 2:24.50  violet     2.0   2.0  2.0  2.0  4.0   (192, 624, 896, 54)
 2:25.00  violet     2.0   2.0  2.0  2.0  4.0   (192, 624, 896, 54)
 2:25.50  violet     2.0   2.0  2.0  2.0  4.0   (192, 624, 896, 54)
 2:26.00  violet     2.0   2.0  2.0  2.0  4.0   (192, 624, 896, 54)
 2:26.50  violet     2.0   2.0  2.0  2.0  4.0   (192, 624, 896, 54)
 2:27.00  violet     2.0   2.0  2.0  2.0  4.0   (192, 624, 896, 54)
 2:27.50  violet     2.0   2.0  2.0  2.0  4.0   (192, 624, 896, 54)
 2:28.00  violet     2.0   2.0  2.0  2.0  4.0   (192, 624, 896, 54)
 2:45.50  purple     4.0   8.0  4.0  4.0  2.0   (74, 112, 1132, 98)
 2:46.00  purple     4.0   8.0  4.0  4.0  2.0   (74, 112, 1132, 98)
 2:46.50  purple     2.0   2.0  2.0  4.0  2.0   (420, 254, 436, 94)
 2:47.00  purple     2.0   2.0  2.0  4.0  2.0   (420, 254, 436, 94)
 2:47.50  purple     2.0   2.0  2.0  4.0  2.0   (420, 254, 436, 94)
 2:48.00  purple     2.0   2.0  2.0  4.0  2.0   (420, 254, 436, 94)
 2:48.50  purple     2.0   2.0  2.0  4.0  2.0   (420, 254, 436, 94)
 2:49.00  purple     2.0   2.0  2.0  4.0  2.0   (420, 254, 436, 94)
 2:49.50  purple     2.0   2.0  2.0  4.0  2.0   (420, 254, 436, 94)
 2:50.00  purple     2.0   2.0  2.0  4.0  2.0   (420, 254, 436, 94)
 2:50.50  purple     2.0   2.0  2.0  4.0  2.0   (420, 254, 436, 94)
 2:51.00  purple     2.0   2.0  2.0  4.0  2.0   (420, 254, 436, 94)
 2:51.50  purple     2.0   2.0  2.0  4.0  2.0   (420, 254, 436, 94)
 2:52.00  purple     2.0   2.0  2.0  4.0  2.0   (420, 254, 436, 94)
 2:52.50  purple     2.0   2.0  2.0  4.0  2.0   (420, 254, 436, 94)
 2:53.00  purple     2.0   2.0  2.0  4.0  2.0   (420, 254, 436, 94)
 2:53.50  purple     3.0   4.0  4.0  2.0  2.0   (276, 398, 728, 110)
 2:54.00  purple     3.0   4.0  4.0  2.0  2.0   (276, 398, 728, 110)
 2:54.50  purple     3.0   4.0  4.0  2.0  2.0   (276, 398, 728, 110)
 2:55.00  purple     3.0   4.0  4.0  2.0  2.0   (276, 398, 728, 110)
 2:55.50  purple     3.0   4.0  4.0  2.0  2.0   (276, 398, 728, 110)
 2:56.00  purple     3.0   4.0  4.0  2.0  2.0   (276, 398, 728, 110)
 2:56.50  purple     3.0   4.0  4.0  2.0  2.0   (276, 398, 728, 110)
 2:57.00  purple     3.0   4.0  4.0  2.0  2.0   (276, 398, 728, 110)
 2:57.50  purple     3.0   4.0  4.0  2.0  2.0   (276, 398, 728, 110)
 2:58.00  purple     3.0   4.0  4.0  2.0  2.0   (276, 398, 728, 110)
 2:58.50  purple     3.0   4.0  4.0  2.0  2.0   (276, 398, 728, 110)
 2:59.00  purple     3.0   4.0  4.0  2.0  2.0   (276, 398, 728, 110)
 2:59.50  purple     3.0   4.0  4.0  2.0  2.0   (276, 398, 728, 110)
 3:00.00  purple     3.0   4.0  4.0  2.0  2.0   (276, 398, 728, 110)
 3:00.50  purple     3.0   4.0  4.0  2.0  2.0   (276, 398, 728, 110)
 3:01.00  purple     3.0   4.0  4.0  2.0  2.0   (276, 398, 728, 110)
 3:01.50  purple     3.0   4.0  4.0  2.0  2.0   (276, 398, 728, 110)
 3:02.00  purple     3.0   4.0  4.0  2.0  2.0   (276, 398, 728, 110)
 3:02.50  purple     3.0   4.0  4.0  2.0  2.0   (276, 398, 728, 110)
 3:03.00  purple     3.0   4.0  4.0  2.0  2.0   (276, 398, 728, 110)
 3:03.50  purple     3.0   4.0  4.0  2.0  2.0   (276, 398, 728, 110)
 3:04.00  purple     3.0   4.0  4.0  2.0  2.0   (276, 398, 728, 110)
 3:04.50  purple     3.0   4.0  4.0  2.0  2.0   (276, 398, 728, 110)
 3:05.00  purple     3.0   4.0  4.0  2.0  2.0   (276, 398, 728, 110)
 3:05.50  purple     3.0   4.0  4.0  2.0  2.0   (276, 398, 728, 110)
 3:06.00  purple     3.0   4.0  4.0  2.0  2.0   (276, 398, 728, 110)

# 144 ring samples in 14 runs; stroke histogram (rounded px): 2 px: 46, 3 px: 60, 4 px: 38
# runs (start, end, color, median stroke, min-max, samples)
 0:54.50 -  0:59.50  purple    4.0   4.0- 4.0   11
 1:04.50 -  1:09.00  purple    3.0   3.0- 3.0   10
 1:09.50 -  1:17.50  violet    3.0   3.0- 3.0   17
 1:18.00 -  1:19.50  green     4.0   4.0- 4.0    4
 1:20.00 -  1:23.00  purple    3.0   3.0- 3.0    7
 1:23.50 -  1:25.50  violet    4.0   4.0- 4.0    5
 1:58.00 -  2:05.50  red       2.0   2.0- 2.0   16
 2:06.50 -  2:10.00  violet    2.0   2.0- 2.0    8
 2:10.50 -  2:14.50  green     4.0   4.0- 4.0    9
 2:15.00 -  2:18.00  green     4.0   4.0- 4.0    7
 2:24.50 -  2:28.00  violet    2.0   2.0- 2.0    8
 2:45.50 -  2:46.00  purple    4.0   4.0- 4.0    2
 2:46.50 -  2:53.00  purple    2.0   2.0- 2.0   14
 2:53.50 -  3:06.00  purple    3.0   3.0- 3.0   26
