# questions-matter.mp4  1280x720  duration=3:42.93  step=0.5s  thr=45.0
# target: fixed 4 px at 720p (6 px at 1080p), Edit Spec section 5 (2026-09-26); widths are SOLID pixels at thr, true width is about +0.5
# time      color    stroke   L    R    T    B    bbox(x,y,w,h)
 0:19.50  amber      4.0   4.0  4.0  4.0  4.0   (108, 112, 345, 468)
 0:20.00  amber      4.0   4.0  4.0  4.0  4.0   (108, 112, 345, 468)
 0:20.50  amber      4.0   4.0  4.0  4.0  4.0   (108, 112, 345, 468)
 0:21.00  amber      4.0   4.0  4.0  4.0  4.0   (108, 112, 345, 468)
 0:21.50  amber      4.0   4.0  4.0  4.0  4.0   (108, 112, 345, 468)
 0:22.00  amber      4.0   4.0  4.0  4.0  4.0   (108, 112, 345, 468)
 0:22.50  amber      4.0   4.0  4.0  4.0  4.0   (108, 112, 345, 468)
 0:23.00  amber      4.0   4.0  4.0  4.0  4.0   (108, 112, 345, 468)
 0:23.50  amber      4.0   4.0  4.0  4.0  4.0   (108, 112, 345, 468)
 0:24.00  amber      4.0   4.0  4.0  4.0  4.0   (108, 112, 345, 468)
 0:24.50  amber      4.0   5.0  4.0  4.0  4.0   (108, 112, 345, 468)
 0:25.00  amber      4.0   5.0  4.0  4.0  4.0   (108, 112, 345, 468)
 0:25.50  amber      4.0   5.0  4.0  4.0  4.0   (108, 112, 345, 468)
 0:26.00  amber      4.0   5.0  4.0  4.0  4.0   (108, 112, 345, 468)
 0:26.50  amber      4.0   5.0  4.0  4.0  4.0   (108, 112, 345, 468)
 0:27.00  amber      4.0   5.0  4.0  4.0  4.0   (108, 112, 345, 468)
 0:27.50  amber      4.0   5.0  4.0  4.0  4.0   (108, 112, 345, 468)
 0:28.00  amber      4.0   5.0  4.0  4.0  4.0   (108, 112, 345, 468)
 0:28.50  amber      4.0   5.0  4.0  4.0  4.0   (108, 112, 345, 468)
 0:29.00  amber      4.0   5.0  4.0  4.0  4.0   (108, 112, 345, 468)
 0:29.50  amber      4.0   5.0  4.0  4.0  4.0   (108, 112, 345, 468)
 0:30.00  amber      4.0   5.0  4.0  4.0  4.0   (108, 112, 345, 468)
 0:30.50  amber      4.0   5.0  4.0  4.0  4.0   (108, 112, 345, 468)
 0:31.00  amber      4.0   5.0  4.0  4.0  4.0   (108, 112, 345, 468)
 0:31.50  amber      4.0   5.0  4.0  4.0  4.0   (108, 112, 345, 468)
 0:32.00  amber      4.0   5.0  4.0  4.0  4.0   (108, 112, 345, 468)
 0:32.50  blue       4.0   4.0  4.0  4.0  4.0   (468, 112, 345, 468)
 0:33.00  blue       4.0   4.0  4.0  4.0  4.0   (468, 112, 345, 468)
 0:33.50  blue       4.0   4.0  4.0  4.0  4.0   (468, 112, 345, 468)
 0:34.00  blue       4.0   4.0  4.0  4.0  4.0   (468, 112, 345, 468)
 0:34.50  blue       4.0   4.0  4.0  4.0  4.0   (468, 112, 345, 468)
 0:35.00  blue       4.0   4.0  4.0  4.0  4.0   (468, 112, 345, 468)
 0:35.50  blue       4.0   4.0  4.0  4.0  4.0   (468, 112, 345, 468)
 0:36.00  blue       4.0   4.0  4.0  4.0  4.0   (468, 112, 345, 468)
 0:36.50  blue       4.0   4.0  4.0  4.0  4.0   (468, 112, 345, 468)
 0:37.00  blue       4.0   4.0  4.0  4.0  4.0   (468, 112, 345, 468)
 0:37.50  blue       4.0   4.0  4.0  4.0  4.0   (468, 112, 345, 468)
 0:38.00  blue       4.0   4.0  4.0  4.0  4.0   (468, 112, 345, 468)
 0:38.50  blue       4.0   4.0  4.0  4.0  4.0   (468, 112, 345, 468)
 0:39.00  blue       4.0   4.0  4.0  4.0  4.0   (468, 112, 345, 468)
 0:39.50  blue       4.0   4.0  4.0  4.0  4.0   (468, 112, 345, 468)
 0:40.00  blue       4.0   4.0  4.0  4.0  4.0   (468, 112, 345, 468)
 0:40.50  blue       4.0   4.0  4.0  4.0  4.0   (468, 112, 345, 468)
 0:41.00  blue       4.0   4.0  4.0  4.0  4.0   (468, 112, 345, 468)
 0:41.50  blue       4.0   4.0  4.0  4.0  4.0   (468, 112, 345, 468)
 0:42.00  blue       4.0   4.0  4.0  4.0  4.0   (468, 112, 345, 468)
 0:42.50  blue       4.0   4.0  4.0  4.0  4.0   (468, 112, 345, 468)
 0:43.00  blue       4.0   4.0  4.0  4.0  4.0   (468, 112, 345, 468)
 0:43.50  blue       4.0   4.0  4.0  4.0  4.0   (468, 112, 345, 468)
 0:44.00  blue       4.0   4.0  4.0  4.0  4.0   (468, 112, 345, 468)
 0:44.50  purple     4.0   4.0  5.0  4.0  4.0   (828, 111, 345, 470)
 0:45.00  purple     4.0   4.0  5.0  4.0  4.0   (828, 111, 345, 470)
 0:45.50  purple     4.0   4.0  5.0  4.0  4.0   (828, 111, 345, 470)
 0:46.00  purple     4.0   4.0  5.0  4.0  4.0   (828, 111, 345, 470)
 0:46.50  purple     4.0   4.0  5.0  4.0  4.0   (828, 111, 345, 470)
 0:47.00  purple     4.0   4.0  5.0  4.0  4.0   (828, 111, 345, 470)
 0:47.50  purple     4.0   4.0  5.0  4.0  4.0   (828, 111, 345, 470)
 0:48.00  purple     4.0   4.0  5.0  4.0  4.0   (828, 111, 345, 470)
 0:48.50  purple     4.0   4.0  5.0  4.0  4.0   (828, 111, 345, 470)
 0:49.00  purple     4.0   4.0  5.0  4.0  4.0   (828, 111, 345, 470)
 0:49.50  purple     4.5   4.0  5.0  5.0  4.0   (828, 111, 345, 470)
 0:50.00  purple     4.5   4.0  5.0  5.0  4.0   (828, 111, 345, 470)
 0:50.50  purple     4.5   4.0  5.0  5.0  4.0   (828, 111, 345, 470)
 0:51.00  purple     4.5   4.0  5.0  5.0  4.0   (828, 111, 345, 470)
 0:51.50  amber      4.0   5.0  4.0  4.0  4.0   (108, 476, 345, 104)
 0:52.00  amber      4.0   5.0  4.0  4.0  4.0   (108, 476, 345, 104)
 0:52.50  blue       4.0   4.0  4.0  4.0  4.0   (468, 476, 345, 104)
 0:53.00  purple     4.0   4.0  5.0  4.0  4.0   (828, 476, 345, 105)
 0:53.50  purple     4.0   4.0  5.0  4.0  4.0   (828, 476, 345, 105)
 0:54.00  purple     4.0   4.0  5.0  4.0  4.0   (828, 476, 345, 105)
 0:54.50  purple     4.0   4.0  5.0  4.0  4.0   (828, 476, 345, 105)
 0:55.00  violet     4.0   4.0  4.0  4.0  4.0   (107, 600, 1067, 70)
 0:55.50  violet     4.0   4.0  4.0  4.0  4.0   (107, 600, 1067, 70)
 0:56.00  violet     4.0   4.0  4.0  4.0  4.0   (107, 600, 1067, 70)
 0:56.50  violet     4.0   4.0  4.0  4.0  4.0   (107, 600, 1067, 70)
 0:57.00  violet     4.0   4.0  4.0  4.0  4.0   (107, 600, 1067, 70)
 0:57.50  violet     4.0   4.0  4.0  4.0  4.0   (107, 600, 1067, 70)
 0:58.00  violet     4.0   4.0  4.0  4.0  4.0   (107, 600, 1067, 70)
 0:58.50  violet     4.0   4.0  4.0  4.0  4.0   (107, 600, 1067, 70)
 0:59.00  violet     4.0   4.0  4.0  4.0  4.0   (107, 600, 1067, 70)
 0:59.50  violet     4.0   4.0  4.0  4.0  4.0   (107, 600, 1067, 70)
 1:00.00  violet     4.0   4.0  4.0  4.0  4.0   (107, 600, 1067, 70)
 1:00.50  violet     4.0   4.0  4.0  4.0  4.0   (107, 600, 1067, 70)
 1:01.00  violet     4.0   4.0  4.0  4.0  4.0   (107, 600, 1067, 70)
 1:01.50  violet     4.0   4.0  4.0  4.0  4.0   (107, 600, 1067, 70)
 1:02.00  violet     4.0   4.0  4.0  4.0  4.0   (107, 600, 1067, 70)
 1:02.50  violet     4.0   4.0  4.0  4.0  4.0   (107, 600, 1067, 70)
 1:03.00  violet     4.0   4.0  4.0  4.0  4.0   (107, 600, 1067, 70)
 1:03.50  violet     4.0   4.0  4.0  4.0  4.0   (107, 600, 1067, 70)
 1:04.00  blue       6.0   6.0  6.0  7.0  6.0   (106, 110, 528, 472)
 1:04.50  blue       6.0   6.0  6.0  7.0  6.0   (106, 110, 528, 472)
 1:05.00  blue       6.0   6.0  6.0  7.0  6.0   (106, 110, 528, 472)
 1:05.50  blue       6.0   6.0  6.0  7.0  6.0   (106, 110, 528, 472)
 1:06.00  blue       6.0   6.0  6.0  7.0  6.0   (106, 110, 528, 472)
 1:06.50  blue       6.0   6.0  6.0  7.0  6.0   (106, 110, 528, 472)
 1:07.00  blue       6.0   6.0  6.0  7.0  6.0   (106, 110, 528, 472)
 1:07.50  blue       6.0   6.0  6.0  7.0  6.0   (106, 110, 528, 472)
 1:08.00  blue       6.0   6.0  6.0  7.0  6.0   (106, 110, 528, 472)
 1:08.50  blue       6.0   6.0  6.0  7.0  6.0   (106, 110, 528, 472)
 1:09.00  blue       6.0   6.0  6.0  7.0  6.0   (106, 110, 528, 472)
 1:09.50  blue       6.0   6.0  6.0  7.0  6.0   (106, 110, 528, 472)
 1:10.00  blue       6.0   6.0  6.0  7.0  6.0   (106, 110, 528, 472)
 1:10.50  blue       6.0   6.0  6.0  7.0  6.0   (106, 110, 528, 472)
 1:11.00  blue       6.0   6.0  6.0  7.0  6.0   (106, 110, 528, 472)
 1:11.50  blue       6.0   6.0  6.0  7.0  6.0   (106, 110, 528, 472)
 1:12.00  teal       7.0   7.0  7.0  7.0  7.0   (646, 110, 530, 472)
 1:12.50  teal       7.0   7.0  7.0  7.0  7.0   (646, 110, 530, 472)
 1:13.00  teal       7.0   7.0  7.0  7.0  7.0   (646, 110, 530, 472)
 1:13.50  teal       7.0   7.0  7.0  7.0  7.0   (646, 110, 530, 472)
 1:14.00  teal       7.0   7.0  7.0  7.0  7.0   (646, 110, 530, 472)
 1:14.50  teal       7.0   7.0  7.0  7.0  7.0   (646, 110, 530, 472)
 1:15.00  teal       7.0   7.0  7.0  7.0  7.0   (646, 110, 530, 472)
 1:15.50  teal       7.0   7.0  7.0  7.0  7.0   (646, 110, 530, 472)
 1:16.00  teal       7.0   7.0  7.0  7.0  7.0   (646, 110, 530, 472)
 1:16.50  teal       7.0   7.0  7.0  7.0  7.0   (646, 110, 530, 472)
 1:17.00  teal       7.0   7.0  7.0  7.0  7.0   (646, 110, 530, 472)
 1:17.50  teal       7.0   7.0  7.0  7.0  7.0   (646, 110, 530, 472)
 1:18.00  teal       7.0   7.0  7.0  7.0  7.0   (646, 110, 530, 472)
 1:18.50  teal       7.0   7.0  7.0  7.0  7.0   (646, 110, 530, 472)
 1:19.00  teal       7.0   7.0  7.0  7.0  7.0   (646, 110, 530, 472)
 1:19.50  teal       7.0   7.0  7.0  7.0  7.0   (646, 110, 530, 472)
 1:20.00  teal       7.0   7.0  7.0  7.0  7.0   (646, 110, 530, 472)
 1:20.50  teal       7.0   7.0  7.0  7.0  7.0   (646, 110, 530, 472)
 1:21.00  teal       7.0   7.0  7.0  7.0  7.0   (646, 110, 530, 472)
 1:21.50  teal       7.0   7.0  7.0  7.0  7.0   (646, 110, 530, 472)
 1:22.00  teal       7.0   7.0  7.0  7.0  7.0   (646, 110, 530, 472)
 1:22.50  teal       7.0   7.0  7.0  7.0  7.0   (646, 110, 530, 472)
 1:23.00  teal       7.0   7.0  7.0  7.0  7.0   (646, 110, 530, 472)
 1:23.50  violet     6.0   6.0  6.0  6.0  6.0   (106, 600, 1070, 72)
 1:24.00  violet     6.0   6.0  6.0  6.0  6.0   (106, 600, 1070, 72)
 1:24.50  violet     6.0   6.0  6.0  6.0  6.0   (106, 600, 1070, 72)
 1:25.00  violet     6.0   6.0  6.0  6.0  6.0   (106, 600, 1070, 72)
 1:25.50  violet     6.0   6.0  6.0  6.0  6.0   (106, 600, 1070, 72)
 1:26.00  violet     6.0   6.0  6.0  6.0  6.0   (106, 600, 1070, 72)
 2:05.00  purple     6.5   7.0  7.0  6.0  6.0   (201, 93, 436, 565)
 2:05.50  purple     6.0   6.0  6.0  6.0  6.0   (222, 53, 482, 623)
 2:06.00  purple     6.0   6.0  7.0  6.0  6.0   (229, 39, 496, 643)
 2:06.50  purple     6.0   6.0  7.0  6.0  6.0   (229, 39, 496, 643)
 2:07.00  purple     6.0   6.0  7.0  6.0  6.0   (229, 39, 496, 643)
 2:07.50  purple     6.0   6.0  7.0  6.0  6.0   (229, 39, 496, 643)
 2:08.00  purple     6.5   6.0  7.0  7.0  6.0   (229, 39, 496, 643)
 2:08.50  purple     6.5   6.0  7.0  7.0  6.0   (229, 39, 496, 643)
 2:09.00  purple     6.5   6.0  7.0  7.0  6.0   (229, 39, 496, 643)
 2:09.50  purple     6.5   6.0  7.0  7.0  6.0   (229, 39, 496, 643)
 2:10.00  purple     6.5   6.0  7.0  7.0  6.0   (229, 39, 496, 643)
 2:10.50  purple     6.5   6.0  7.0  7.0  6.0   (229, 39, 496, 643)
 2:11.00  purple     6.5   6.0  7.0  7.0  6.0   (229, 39, 496, 643)
 2:11.50  purple     6.5   6.0  7.0  7.0  6.0   (229, 39, 496, 643)
 2:12.00  purple     6.5   6.0  7.0  7.0  6.0   (229, 39, 496, 643)
 2:12.50  purple     6.5   6.0  7.0  7.0  6.0   (229, 39, 496, 643)
 2:13.00  purple     6.5   6.0  7.0  7.0  6.0   (229, 39, 496, 643)
 2:23.50  blue       6.0   6.0  6.0  6.0  6.0   (646, 94, 434, 564)
 2:24.00  blue       6.0   6.0  6.0  6.0  6.0   (646, 94, 434, 564)
 2:24.50  blue       6.0   6.0  6.0  6.0  6.0   (644, 94, 434, 564)
 2:25.00  blue       6.0   6.0  6.0  6.0  6.0   (574, 50, 482, 626)
 2:25.50  blue       6.0   6.0  6.0  6.0  6.0   (556, 40, 494, 642)
 2:26.00  blue       6.0   6.0  6.0  6.0  6.0   (556, 40, 494, 642)
 2:26.50  blue       6.0   6.0  6.0  6.0  6.0   (556, 40, 494, 642)
 2:27.00  blue       6.0   6.0  6.0  6.0  6.0   (556, 40, 494, 642)
 2:27.50  blue       6.0   6.0  6.0  6.0  6.0   (556, 40, 494, 642)
 2:28.00  blue       6.0   6.0  6.0  6.0  6.0   (556, 40, 494, 642)
 2:28.50  blue       6.0   6.0  6.0  6.0  6.0   (556, 40, 494, 642)
 2:29.00  blue       6.0   6.0  6.0  6.0  6.0   (556, 40, 494, 642)
 2:55.50  teal       7.0   7.0  7.0  7.0  7.0   (203, 90, 439, 570)
 2:56.00  teal       7.0   7.0  7.0  7.0  7.0   (227, 44, 489, 635)
 2:56.50  teal       7.0   7.0  7.0  7.0  7.0   (230, 40, 494, 642)
 2:57.00  teal       7.0   7.0  7.0  7.0  7.0   (230, 40, 494, 642)
 2:57.50  teal       7.0   7.0  7.0  7.0  7.0   (230, 40, 494, 642)
 2:58.00  teal       7.0   7.0  7.0  7.0  7.0   (230, 40, 494, 642)
 2:58.00  gold       9.2  11.0 13.5  2.5  7.5   (786, 164, 106, 68)
 2:58.50  teal       7.0   7.0  6.0  7.0  7.0   (230, 40, 494, 642)
 2:58.50  gold       9.2  11.0 13.5  2.5  7.5   (786, 164, 106, 68)
 2:59.00  teal       7.0   7.0  7.0  7.0  7.0   (230, 40, 494, 642)
 2:59.00  gold       9.2  11.0 13.5  2.5  7.5   (786, 164, 106, 68)
 2:59.50  teal       7.0   7.0  7.0  7.0  7.0   (230, 40, 494, 642)
 2:59.50  gold       9.2  11.0 13.5  2.5  7.5   (786, 164, 106, 68)
 3:00.00  teal       7.0   7.0  7.0  7.0  7.0   (230, 40, 494, 642)
 3:00.00  gold       9.2  11.0 13.5  2.5  7.5   (786, 164, 106, 68)
 3:00.50  teal       7.0   7.0  7.0  7.0  7.0   (230, 40, 494, 642)
 3:00.50  gold       9.2  11.0 13.5  2.5  7.5   (786, 164, 106, 68)
 3:01.00  teal       7.0   7.0  7.0  7.0  7.0   (230, 40, 494, 642)
 3:01.00  gold       9.2  11.0 13.5  2.5  7.5   (786, 164, 106, 68)
 3:01.50  teal       7.0   7.0  7.0  7.0  7.0   (230, 40, 494, 642)
 3:01.50  gold       9.2  11.0 13.5  2.5  7.5   (786, 164, 106, 68)
 3:02.00  teal       7.0   7.0  7.0  7.0  7.0   (230, 40, 494, 642)
 3:02.00  gold       9.2  11.0 13.5  2.5  7.5   (786, 164, 106, 68)
 3:16.50  amber      6.5   6.0  7.0  8.0  6.0   (646, 94, 434, 564)
 3:17.00  amber      6.5   6.0  7.0  8.0  6.0   (646, 94, 434, 564)
 3:17.50  amber      6.0   6.0  6.0  8.0  6.0   (612, 74, 456, 592)
 3:17.50  gold      12.0   3.5  4.0 20.0 24.0   (865, 81, 153, 201)
 3:18.00  amber      6.0   6.0  6.0  7.0  6.0   (556, 40, 494, 642)
 3:18.00  gold       9.5  11.0 14.5  5.5  8.0   (612, 164, 102, 69)
 3:18.50  amber      6.0   6.0  6.0  7.0  6.0   (556, 40, 494, 642)
 3:18.50  gold       9.5  11.0 14.5  5.5  8.0   (612, 164, 102, 69)
 3:19.00  amber      6.0   6.0  6.0  7.0  6.0   (556, 40, 494, 642)
 3:19.00  gold       9.5  11.0 14.5  5.5  8.0   (612, 164, 102, 69)
 3:19.50  amber      6.0   6.0  6.0  7.0  6.0   (556, 40, 494, 642)
 3:19.50  gold       9.5  11.0 14.5  5.5  8.0   (612, 164, 102, 69)
 3:20.00  amber      6.0   6.0  6.0  7.0  6.0   (556, 40, 494, 642)
 3:20.00  gold       9.5  11.0 14.5  5.5  8.0   (612, 164, 102, 69)
 3:20.50  amber      6.0   6.0  6.0  7.0  6.0   (556, 40, 494, 642)
 3:20.50  gold       9.5  11.0 14.5  5.5  8.0   (612, 164, 102, 69)
 3:21.00  amber      6.0   6.0  6.0  7.0  6.0   (556, 40, 494, 642)
 3:21.00  gold       9.5  11.0 14.5  5.5  8.0   (612, 164, 102, 69)
 3:21.50  amber      6.0   6.0  6.0  7.0  6.0   (556, 40, 494, 642)
 3:21.50  gold       9.5  11.0 14.5  5.5  8.0   (612, 164, 102, 69)
 3:22.00  amber      6.0   6.0  6.0  7.0  6.0   (556, 40, 494, 642)
 3:22.00  gold       9.5  11.0 14.5  5.5  8.0   (612, 164, 102, 69)
 3:22.50  amber      6.0   6.0  6.0  7.0  6.0   (556, 40, 494, 642)
 3:22.50  gold       9.5  11.0 14.5  5.5  8.0   (612, 164, 102, 69)
 3:23.00  amber      6.0   6.0  6.0  7.0  6.0   (556, 40, 494, 642)
 3:23.00  gold       9.5  11.0 14.5  5.5  8.0   (612, 164, 102, 69)
 3:23.50  amber      6.5   6.0  6.0  7.0  7.0   (556, 40, 494, 642)
 3:23.50  gold       9.5  11.0 15.0  8.0  8.0   (608, 164, 106, 69)

# 214 ring samples in 21 runs; stroke histogram (rounded px): 4 px: 89, 6 px: 66, 7 px: 37, 9 px: 9, 10 px: 12, 12 px: 1
# runs (start, end, color, median stroke, min-max, samples)
 0:19.50 -  0:32.00  amber     4.0   4.0- 4.0   26
 0:32.50 -  0:44.00  blue      4.0   4.0- 4.0   24
 0:44.50 -  0:51.00  purple    4.0   4.0- 4.5   14
 0:51.50 -  0:52.00  amber     4.0   4.0- 4.0    2
 0:52.50 -  0:52.50  blue      4.0   4.0- 4.0    1
 0:53.00 -  0:54.50  purple    4.0   4.0- 4.0    4
 0:55.00 -  1:03.50  violet    4.0   4.0- 4.0   18
 1:04.00 -  1:11.50  blue      6.0   6.0- 6.0   16
 1:12.00 -  1:23.00  teal      7.0   7.0- 7.0   23
 1:23.50 -  1:26.00  violet    6.0   6.0- 6.0    6
 2:05.00 -  2:05.00  purple    6.5   6.5- 6.5    1
 2:05.50 -  2:13.00  purple    6.5   6.0- 6.5   16
 2:23.50 -  2:24.50  blue      6.0   6.0- 6.0    3
 2:25.00 -  2:29.00  blue      6.0   6.0- 6.0    9
 2:55.50 -  2:55.50  teal      7.0   7.0- 7.0    1
 2:56.00 -  3:02.00  teal      7.0   7.0- 7.0   13
 2:58.00 -  3:02.00  gold      9.2   9.2- 9.2    9
 3:16.50 -  3:17.50  amber     6.5   6.0- 6.5    3
 3:17.50 -  3:17.50  gold     12.0  12.0-12.0    1
 3:18.00 -  3:23.50  amber     6.0   6.0- 6.5   12
 3:18.00 -  3:23.50  gold      9.5   9.5- 9.5   12
