# in-your-hands.mp4  1280x720  duration=3:03.60  step=0.5s  thr=45.0
# target: fixed 4 px at 720p (6 px at 1080p), Edit Spec section 5 (2026-09-26); widths are SOLID pixels at thr, true width is about +0.5
# time      color    stroke   L    R    T    B    bbox(x,y,w,h)
 0:10.00  amber      8.5   8.0 14.0  9.0  5.0   (1136, 320, 144, 224)
 0:10.50  amber      8.2  13.5  5.5 11.0  3.0   (1099, 350, 126, 85)
 0:10.50  amber      6.2   6.0  4.0  6.5 15.0   (1111, 413, 141, 99)
 0:18.00  amber      5.0   8.0  8.0  2.0  2.0   (750, 441, 124, 89)
 0:47.00  blue       4.0   4.0  4.0  5.0  4.0   (230, 274, 440, 364)
 0:47.50  blue       6.0   6.0  6.0  6.0  6.0   (246, 60, 754, 618)
 0:48.00  blue       6.0   6.0  6.0  7.0  6.0   (248, 38, 785, 644)
 0:48.50  blue       6.0   6.0  6.0  7.0  6.0   (248, 38, 785, 644)
 0:49.00  blue       6.0   6.0  6.0  7.0  6.0   (248, 38, 785, 644)
 0:49.50  blue       6.0   6.0  6.0  7.0  6.0   (248, 38, 785, 644)
 0:50.00  blue       6.0   6.0  6.0  7.0  6.0   (248, 38, 785, 644)
 0:50.50  blue       6.0   6.0  6.0  6.0  6.0   (268, 140, 744, 78)
 0:51.00  blue       6.0   6.0  6.0  6.0  6.0   (268, 140, 744, 78)
 0:51.50  blue       6.0   6.0  6.0  6.0  6.0   (268, 140, 744, 78)
 0:52.00  blue       6.0   6.0  6.0  6.0  6.0   (268, 140, 745, 78)
 0:52.50  blue       6.0   6.0  6.0  6.0  6.0   (268, 140, 745, 78)
 0:53.00  blue       6.0   6.0  6.0  6.0  6.0   (268, 140, 745, 78)
 0:53.50  blue       6.0   6.0  6.0  6.0  6.0   (268, 230, 745, 78)
 0:54.00  blue       6.0   6.0  6.0  6.0  6.0   (268, 230, 745, 78)
 0:54.50  blue       6.0   6.0  6.0  6.0  6.0   (268, 230, 745, 78)
 0:55.00  blue       6.0   6.0  6.0  6.0  6.0   (268, 230, 745, 78)
 0:55.50  blue       6.0   6.0  6.0  6.0  6.0   (268, 230, 745, 78)
 0:56.00  blue       6.0   6.0  6.0  6.0  6.0   (268, 322, 744, 78)
 0:56.50  blue       6.0   6.0  6.0  6.0  6.0   (268, 322, 744, 78)
 0:57.00  blue       6.0   6.0  6.0  6.0  6.0   (268, 322, 744, 78)
 0:57.50  blue       6.0   6.0  6.0  6.0  6.0   (268, 322, 744, 78)
 0:58.00  blue       6.0   6.0  6.0  6.0  6.0   (268, 322, 744, 78)
 0:58.50  blue       6.0   6.0  6.0  6.0  6.0   (268, 322, 744, 78)
 0:59.00  blue       6.0   6.0  6.0  6.0  6.0   (268, 322, 744, 78)
 0:59.50  blue       6.0   6.0  6.0  6.0  6.0   (268, 322, 744, 78)
 1:00.00  blue       6.0   6.0  6.0  6.0  6.0   (268, 412, 745, 110)
 1:00.50  blue       6.0   6.0  6.0  6.0  6.0   (268, 412, 745, 110)
 1:01.00  blue       6.0   6.0  6.0  6.0  6.0   (268, 412, 745, 110)
 1:01.50  blue       6.0   6.0  6.0  6.0  6.0   (268, 412, 745, 110)
 1:02.00  blue       6.0   6.0  6.0  6.0  6.0   (268, 412, 745, 110)
 1:02.50  blue       6.0   6.0  6.0  6.0  6.0   (268, 412, 745, 110)
 1:03.00  blue       6.0   6.0  6.0  6.0  6.0   (268, 412, 745, 110)
 1:03.50  blue       6.0   6.0  6.0  6.0  6.0   (268, 540, 744, 114)
 1:04.00  blue       6.0   6.0  6.0  6.0  6.0   (268, 540, 744, 114)
 1:04.50  blue       6.0   6.0  6.0  6.0  6.0   (268, 540, 744, 114)
 1:05.00  blue       6.0   6.0  6.0  6.0  6.0   (268, 540, 744, 114)
 1:05.50  blue       6.0   6.0  6.0  6.0  6.0   (268, 540, 744, 114)
 1:06.00  blue       6.0   6.0  6.0  6.0  6.0   (268, 540, 744, 114)
 1:06.50  green      7.0   7.0  7.0  7.0  7.0   (1016, 38, 264, 644)
 1:07.00  green      7.0   7.0  7.0  7.0  7.0   (419, 38, 785, 644)
 1:07.50  green      7.0   7.0  7.0  7.0  7.0   (248, 38, 785, 644)
 1:08.00  green      7.0   7.0  7.0  7.0  7.0   (248, 38, 785, 644)
 1:08.50  green      7.0   7.0  7.0  7.0  7.0   (248, 38, 785, 644)
 1:09.00  green      7.0   7.0  7.0  7.0  7.0   (248, 38, 785, 644)
 1:09.50  green      7.0   7.0  7.0  7.0  7.0   (248, 38, 785, 644)
 1:10.00  green      7.0   7.0  7.0  7.0  7.0   (248, 38, 785, 644)
 1:10.50  green      7.0   7.0  7.0  7.0  7.0   (248, 38, 785, 644)
 1:11.00  green      7.0   7.0  7.0  7.0  7.0   (268, 139, 745, 79)
 1:11.50  green      7.0   7.0  7.0  7.0  7.0   (268, 139, 745, 79)
 1:12.00  green      7.0   7.0  7.0  7.0  7.0   (268, 139, 745, 79)
 1:12.50  green      7.0   7.0  7.0  7.0  7.0   (268, 139, 745, 79)
 1:13.00  green      7.0   7.0  7.0  7.0  7.0   (268, 139, 745, 79)
 1:13.50  green      7.0   7.0  7.0  7.0  7.0   (268, 139, 745, 79)
 1:14.00  green      7.0   7.0  7.0  7.0  7.0   (268, 139, 745, 79)
 1:14.50  green      7.0   7.0  7.0  7.0  7.0   (268, 139, 745, 79)
 1:15.00  green      7.0   7.0  7.0  7.0  7.0   (268, 139, 745, 79)
 1:15.50  green      7.0   7.0  7.0  7.0  7.0   (268, 230, 745, 79)
 1:16.00  green      7.0   7.0  7.0  7.0  7.0   (268, 230, 745, 79)
 1:16.50  green      7.0   7.0  7.0  7.0  7.0   (268, 230, 745, 79)
 1:17.00  green      7.0   7.0  7.0  7.0  7.0   (268, 230, 745, 79)
 1:17.50  green      7.0   7.0  7.0  7.0  7.0   (268, 230, 745, 79)
 1:18.00  green      7.0   7.0  7.0  7.0  7.0   (268, 230, 745, 79)
 1:18.50  green      7.0   7.0  7.0  7.0  7.0   (268, 230, 745, 79)
 1:19.00  green      7.0   7.0  7.0  7.0  7.0   (268, 230, 745, 79)
 1:19.50  green      7.0   7.0  7.0  7.0  7.0   (268, 230, 745, 79)
 1:20.00  green      7.0   7.0  7.0  7.0  7.0   (268, 230, 745, 79)
 1:20.50  green      7.0   7.0  7.0  7.0  7.0   (268, 230, 745, 79)
 1:21.00  green      7.0   7.0  7.0  7.0  7.0   (268, 230, 745, 79)
 1:21.50  green      7.0   7.0  7.0  7.0  7.0   (268, 230, 745, 79)
 1:22.00  green      7.0   7.0  7.0  7.0  7.0   (268, 230, 745, 79)
 1:22.50  green      7.0   7.0  7.0  7.0  7.0   (268, 230, 745, 79)
 1:23.00  green      7.0   7.0  7.0  7.0  7.0   (268, 230, 745, 79)
 1:23.50  green      7.0   7.0  7.0  7.0  7.0   (268, 230, 745, 79)
 1:24.00  green      7.0   7.0  7.0  7.0  7.0   (268, 230, 745, 79)
 1:24.50  green      7.0   7.0  7.0  7.0  7.0   (268, 230, 745, 79)
 1:25.00  green      7.0   7.0  7.0  7.0  7.0   (268, 230, 745, 79)
 1:25.50  green      7.0   7.0  7.0  7.0  7.0   (268, 321, 745, 80)
 1:26.00  green      7.0   7.0  7.0  7.0  7.0   (268, 321, 745, 80)
 1:26.50  green      7.0   7.0  7.0  7.0  7.0   (268, 321, 745, 80)
 1:27.00  green      7.0   7.0  7.0  7.0  7.0   (268, 321, 745, 80)
 1:27.50  green      7.0   7.0  7.0  7.0  7.0   (268, 321, 745, 80)
 1:28.00  green      7.0   7.0  7.0  7.0  7.0   (268, 321, 745, 80)
 1:28.50  green      7.0   7.0  7.0  7.0  7.0   (268, 321, 745, 80)
 1:29.00  green      7.0   7.0  7.0  7.0  7.0   (268, 321, 745, 80)
 1:29.50  green      7.0   7.0  7.0  7.0  7.0   (268, 321, 745, 80)
 1:30.00  green      7.0   7.0  7.0  7.0  7.0   (268, 321, 745, 80)
 1:30.50  green      7.0   7.0  7.0  7.0  7.0   (268, 321, 745, 80)
 1:31.00  green      7.0   7.0  7.0  7.0  7.0   (268, 321, 745, 80)
 1:31.50  green      7.0   7.0  7.0  7.0  7.0   (268, 321, 745, 80)
 1:32.00  green      7.0   6.0  7.0  7.0  7.0   (268, 411, 745, 111)
 1:32.50  green      7.0   6.0  7.0  7.0  7.0   (268, 411, 745, 111)
 1:33.00  green      7.0   7.0  7.0  7.0  7.0   (268, 411, 745, 111)
 1:33.50  green      7.0   7.0  7.0  7.0  7.0   (268, 411, 745, 111)
 1:34.00  green      7.0   6.0  7.0  7.0  7.0   (268, 411, 745, 111)
 1:34.50  green      7.0   6.0  7.0  7.0  7.0   (268, 411, 745, 111)
 1:35.00  green      7.0   6.0  7.0  7.0  7.0   (268, 411, 745, 111)
 1:35.50  green      7.0   6.0  7.0  7.0  7.0   (268, 411, 745, 111)
 1:36.00  green      7.0   6.0  7.0  7.0  7.0   (268, 411, 745, 111)
 1:36.50  green      7.0   6.0  7.0  7.0  7.0   (268, 411, 745, 111)
 1:37.00  green      7.0   6.0  7.0  7.0  7.0   (268, 411, 745, 111)
 1:37.50  green      7.0   7.0  7.0  7.0  7.0   (268, 411, 745, 111)
 1:38.00  green      7.0   7.0  7.0  7.0  7.0   (268, 411, 745, 111)
 1:38.50  green      7.0   7.0  7.0  6.0  7.0   (268, 540, 745, 115)
 1:39.00  green      7.0   7.0  7.0  7.0  7.0   (268, 540, 745, 115)
 1:39.50  green      7.0   7.0  7.0  7.0  7.0   (268, 540, 745, 115)
 1:40.00  green      7.0   7.0  7.0  7.0  7.0   (268, 540, 745, 115)
 1:40.50  green      7.0   7.0  7.0  7.0  7.0   (268, 540, 745, 115)
 1:41.00  green      7.0   7.0  7.0  7.0  7.0   (268, 540, 745, 115)
 1:41.50  green      7.0   7.0  7.0  7.0  7.0   (268, 540, 745, 115)
 1:42.00  green      7.0   7.0  7.0  7.0  7.0   (268, 540, 745, 115)
 1:42.50  green      7.0   7.0  7.0  7.0  7.0   (268, 540, 745, 115)
 1:43.00  green      7.0   7.0  7.0  7.0  7.0   (268, 540, 745, 115)
 1:43.50  green      7.0   7.0  7.0  7.0  7.0   (268, 540, 745, 115)
 1:44.00  green      7.0   7.0  7.0  7.0  7.0   (268, 540, 745, 115)
 1:44.50  green      7.0   7.0  7.0  7.0  7.0   (268, 540, 745, 115)
 1:45.50  violet     4.0   4.0  4.0  4.0  4.0   (126, 656, 924, 60)
 1:46.00  violet     4.0   4.0  4.0  4.0  4.0   (228, 648, 824, 54)
 1:46.50  violet     4.0   4.0  4.0  4.0  4.0   (228, 648, 824, 54)
 1:47.00  violet     4.0   4.0  4.0  4.0  4.0   (228, 648, 824, 54)
 1:47.50  violet     4.0   4.0  4.0  4.0  4.0   (228, 648, 824, 54)
 1:48.00  violet     4.0   4.0  4.0  4.0  4.0   (228, 648, 824, 54)
 1:48.50  violet     4.0   4.0  4.0  4.0  4.0   (228, 648, 824, 54)
 1:49.00  violet     4.0   4.0  4.0  4.0  4.0   (228, 648, 824, 54)
 1:49.50  violet     4.0   4.0  4.0  4.0  4.0   (228, 648, 824, 54)
 1:50.00  violet     4.0   4.0  4.0  4.0  4.0   (228, 648, 824, 54)
 1:50.50  violet     4.0   4.0  4.0  4.0  4.0   (228, 648, 824, 54)
 1:51.00  violet     4.0   4.0  4.0  4.0  4.0   (228, 648, 824, 54)
 1:51.50  violet     4.0   4.0  4.0  4.0  4.0   (228, 648, 824, 54)
 1:52.00  violet     4.0   4.0  4.0  4.0  4.0   (228, 648, 824, 54)
 1:52.50  violet     4.0   4.0  4.0  4.0  4.0   (228, 648, 824, 54)
 1:53.00  violet     4.0   4.0  4.0  4.0  4.0   (228, 648, 824, 54)
 1:53.50  violet     4.0   4.0  4.0  4.0  4.0   (228, 648, 824, 54)
 1:54.00  violet     4.0   4.0  4.0  4.0  4.0   (228, 648, 824, 54)
 1:54.50  violet     4.0   4.0  4.0  4.0  4.0   (228, 648, 824, 54)
 1:55.00  violet     4.0   4.0  4.0  4.0  4.0   (228, 648, 824, 54)
 1:55.50  violet     4.0   4.0  4.0  4.0  4.0   (228, 648, 824, 54)
 1:56.00  violet     4.0   4.0  4.0  4.0  4.0   (228, 648, 824, 54)
 1:56.50  violet     4.0   4.0  4.0  4.0  4.0   (228, 648, 824, 54)
 2:16.00  blue       6.0   6.0  6.0  6.0  6.0   (452, 92, 378, 506)
 2:16.00  purple    10.0  17.0 15.0  5.0  5.0   (73, 207, 357, 97)
 2:16.50  blue       6.0   6.0  6.0  6.0  6.0   (452, 92, 378, 506)
 2:16.50  purple    10.0  17.0 15.0  5.0  5.0   (73, 207, 357, 97)
 2:17.00  blue       6.0   6.0  6.0  6.0  6.0   (452, 92, 378, 506)
 2:17.00  purple    10.0  17.0 15.0  5.0  5.0   (73, 207, 357, 97)
 2:17.50  blue       6.0   6.0  6.0  6.0  6.0   (452, 92, 378, 506)
 2:17.50  purple    10.0  17.0 15.0  5.0  5.0   (73, 207, 357, 97)
 2:18.00  blue       6.0   6.0  6.0  6.0  6.0   (452, 92, 378, 506)
 2:18.00  purple    10.0  17.0 15.0  5.0  5.0   (73, 207, 357, 97)
 2:18.50  blue       6.0   6.0  6.0  6.0  6.0   (452, 92, 378, 506)
 2:18.50  purple    10.0  17.0 15.0  5.0  5.0   (73, 207, 357, 97)
 2:19.00  blue       6.0   6.0  6.0  6.0  6.0   (452, 92, 378, 506)
 2:19.00  purple    10.0  17.0 15.0  5.0  5.0   (73, 207, 357, 97)
 2:19.50  blue       6.0   6.0  6.0  6.0  6.0   (452, 92, 378, 506)
 2:19.50  purple    10.0  17.0 15.0  5.0  5.0   (73, 207, 357, 97)
 2:20.00  blue       6.0   6.0  6.0  6.0  6.0   (452, 92, 378, 506)
 2:20.00  purple    10.0  17.0 15.0  5.0  5.0   (73, 207, 357, 97)
 2:20.50  blue       6.0   6.0  6.0  6.0  6.0   (452, 92, 378, 506)
 2:20.50  purple    10.0  17.0 15.0  5.0  5.0   (73, 207, 357, 97)
 2:21.00  blue       6.0   6.0  6.0  6.0  6.0   (452, 92, 378, 506)
 2:21.00  purple    10.0  17.0 15.0  5.0  5.0   (73, 207, 357, 97)
 2:21.50  blue       6.0   6.0  6.0  6.0  6.0   (452, 92, 378, 506)
 2:21.50  purple    10.0  17.0 15.0  5.0  5.0   (73, 207, 357, 97)
 2:22.00  blue       6.0   6.0  6.0  6.0  6.0   (452, 92, 378, 506)
 2:22.50  blue       6.0   6.0  6.0  6.0  6.0   (452, 92, 378, 506)
 2:23.00  blue       6.0   6.0  6.0  6.0  6.0   (452, 92, 378, 506)
 2:23.50  blue       6.0   6.0  6.0  6.0  6.0   (452, 92, 378, 506)
 2:24.00  blue       6.0   6.0  6.0  6.0  6.0   (452, 92, 378, 506)
 2:24.50  blue       6.0   6.0  6.0  6.0  6.0   (452, 92, 378, 506)
 2:25.00  blue       6.0   6.0  6.0  6.0  6.0   (452, 92, 378, 506)
 2:25.50  blue       6.0   6.0  6.0  6.0  6.0   (452, 92, 378, 506)
 2:26.00  blue       6.0   6.0  6.0  6.0  6.0   (452, 92, 378, 506)
 2:26.50  blue       6.0   6.0  6.0  6.0  6.0   (452, 92, 378, 506)
 2:27.00  blue       6.0   6.0  6.0  6.0  6.0   (452, 92, 378, 506)
 2:27.50  blue       6.0   6.0  6.0  6.0  6.0   (452, 92, 378, 506)
 2:28.00  blue       6.0   6.0  6.0  6.0  6.0   (452, 92, 378, 506)
 2:28.50  blue       6.0   6.0  6.0  6.0  6.0   (452, 92, 378, 506)
 2:29.00  blue       6.0   6.0  6.0  6.0  6.0   (452, 92, 378, 506)
 2:29.50  blue       6.0   6.0  6.0  6.0  6.0   (452, 92, 378, 506)
 2:30.00  blue       6.0   6.0  6.0  6.0  6.0   (452, 92, 378, 506)
 2:30.50  blue       6.0   6.0  6.0  6.0  6.0   (452, 92, 378, 506)
 2:38.50  purple    10.5  18.0 15.0  6.0  6.0   (73, 207, 357, 97)
 2:39.00  purple    10.5  18.0 15.0  6.0  6.0   (73, 207, 357, 97)
 2:39.50  purple    10.5  18.0 15.0  6.0  6.0   (73, 207, 357, 97)
 2:40.00  purple    10.5  18.0 15.0  6.0  6.0   (73, 207, 357, 97)
 2:40.50  purple    10.5  18.0 15.0  6.0  6.0   (73, 207, 357, 97)
 2:41.00  purple    10.5  18.0 15.0  6.0  6.0   (73, 207, 357, 97)
 2:41.50  purple    10.5  18.0 15.0  6.0  6.0   (73, 207, 357, 97)
 2:42.00  purple    10.5  18.0 15.0  6.0  6.0   (73, 207, 357, 97)
 2:42.50  purple    10.5  18.0 15.0  6.0  6.0   (73, 207, 357, 97)
 2:43.00  purple    10.5  18.0 15.0  6.0  6.0   (73, 207, 357, 97)
 2:43.00  violet     6.0   6.0  6.0  6.0  6.0   (58, 618, 1164, 78)
 2:43.50  purple    10.5  18.0 15.0  6.0  6.0   (73, 207, 357, 97)
 2:43.50  violet     6.0   6.0  6.0  6.0  6.0   (58, 618, 1164, 78)
 2:44.00  purple    10.5  18.0 15.0  6.0  6.0   (73, 207, 357, 97)
 2:44.00  violet     6.0   6.0  6.0  6.0  6.0   (58, 618, 1164, 78)
 2:44.50  purple    10.5  18.0 15.0  6.0  6.0   (73, 207, 357, 97)
 2:44.50  violet     6.0   6.0  6.0  6.0  6.0   (58, 618, 1164, 78)
 2:45.00  purple    10.5  18.0 15.0  6.0  6.0   (73, 207, 357, 97)
 2:45.00  violet     6.0   6.0  6.0  6.0  6.0   (58, 618, 1164, 78)
 2:45.50  purple    10.5  18.0 15.0  6.0  6.0   (73, 207, 357, 97)
 2:45.50  violet     6.0   6.0  6.0  6.0  6.0   (58, 618, 1164, 78)
 2:46.00  purple    10.5  18.0 15.0  6.0  6.0   (73, 207, 357, 97)
 2:46.00  violet     6.0   6.0  6.0  6.0  6.0   (58, 618, 1164, 78)
 2:46.50  purple    10.5  18.0 15.0  6.0  6.0   (73, 207, 357, 97)
 2:46.50  violet     6.0   6.0  6.0  6.0  6.0   (58, 618, 1164, 78)
 2:47.00  violet     6.0   6.0  6.0  6.0  6.0   (58, 618, 1164, 78)
 2:47.50  violet     6.0   6.0  6.0  6.0  6.0   (58, 618, 1164, 78)
 2:48.00  violet     6.0   6.0  6.0  6.0  6.0   (58, 618, 1164, 78)

# 213 ring samples in 25 runs; stroke histogram (rounded px): 4 px: 24, 5 px: 1, 6 px: 80, 7 px: 77, 8 px: 2, 10 px: 29
# runs (start, end, color, median stroke, min-max, samples)
 0:10.00 -  0:10.00  amber     8.5   8.5- 8.5    1
 0:10.50 -  0:10.50  amber     8.2   8.2- 8.2    1
 0:10.50 -  0:10.50  amber     6.2   6.2- 6.2    1
 0:18.00 -  0:18.00  amber     5.0   5.0- 5.0    1
 0:47.00 -  0:47.00  blue      4.0   4.0- 4.0    1
 0:47.50 -  0:50.00  blue      6.0   6.0- 6.0    6
 0:50.50 -  0:53.00  blue      6.0   6.0- 6.0    6
 0:53.50 -  0:55.50  blue      6.0   6.0- 6.0    5
 0:56.00 -  0:59.50  blue      6.0   6.0- 6.0    8
 1:00.00 -  1:03.00  blue      6.0   6.0- 6.0    7
 1:03.50 -  1:06.00  blue      6.0   6.0- 6.0    6
 1:06.50 -  1:06.50  green     7.0   7.0- 7.0    1
 1:07.00 -  1:07.00  green     7.0   7.0- 7.0    1
 1:07.50 -  1:10.50  green     7.0   7.0- 7.0    7
 1:11.00 -  1:15.00  green     7.0   7.0- 7.0    9
 1:15.50 -  1:25.00  green     7.0   7.0- 7.0   20
 1:25.50 -  1:31.50  green     7.0   7.0- 7.0   13
 1:32.00 -  1:38.00  green     7.0   7.0- 7.0   13
 1:38.50 -  1:44.50  green     7.0   7.0- 7.0   13
 1:45.50 -  1:45.50  violet    4.0   4.0- 4.0    1
 1:46.00 -  1:56.50  violet    4.0   4.0- 4.0   22
 2:16.00 -  2:30.50  blue      6.0   6.0- 6.0   30
 2:16.00 -  2:21.50  purple   10.0  10.0-10.0   12
 2:38.50 -  2:46.50  purple   10.5  10.5-10.5   17
 2:43.00 -  2:48.00  violet    6.0   6.0- 6.0   11
