# understand-ai-opener.mp4  1280x720  duration=2:28.03  step=1.0s  thr=45.0
# target: fixed 4 px at 720p (6 px at 1080p), Edit Spec section 5 (2026-09-26); widths are SOLID pixels at thr, true width is about +0.5
# time      color    stroke   L    R    T    B    bbox(x,y,w,h)
 0:01.00  gold       6.0   6.0  6.0  6.0  6.0   (80, 270, 282, 60)
 0:02.00  gold       6.0   6.0  6.0  6.0  6.0   (80, 330, 266, 60)
 0:03.00  gold       6.0   6.0  6.0  6.0  6.0   (80, 330, 266, 60)
 0:04.00  gold       6.0   6.0  6.0  6.0  6.0   (80, 388, 402, 54)
 0:05.00  gold       6.0   6.0  6.0  6.0  6.0   (80, 388, 402, 54)
 0:06.00  gold       6.0   6.0  6.0  6.0  6.0   (80, 446, 452, 60)
 0:07.00  gold       6.0   6.0  6.0  6.0  6.0   (80, 446, 452, 60)
 0:08.00  gold       6.0   6.0  6.0  6.0  6.0   (80, 446, 452, 60)
 0:09.00  gold       6.0   6.0  6.0  6.0  6.0   (80, 446, 452, 60)
 0:10.00  gold       6.0   6.0  6.0  6.0  6.0   (80, 446, 452, 60)
 0:11.00  gold       6.0   6.0  6.0  6.0  6.0   (80, 446, 452, 60)
 0:58.00  violet     4.0   4.0  4.0  4.0  4.0   (250, 624, 782, 52)
 0:59.00  violet     4.0   4.0  4.0  4.0  4.0   (250, 624, 782, 52)
 1:00.00  violet     4.0   4.0  4.0  4.0  4.0   (250, 624, 782, 52)
 1:01.00  violet     4.0   4.0  4.0  4.0  4.0   (250, 624, 782, 52)
 1:02.00  violet     4.0   4.0  4.0  4.0  4.0   (250, 624, 782, 52)
 1:03.00  violet     4.0   4.0  4.0  4.0  4.0   (250, 624, 782, 52)
 1:04.00  violet     4.0   4.0  4.0  4.0  4.0   (250, 624, 782, 52)
 1:05.00  violet     4.0   4.0  4.0  4.0  4.0   (250, 624, 782, 52)
 1:33.00  purple     4.0   4.0  4.0  4.0  4.0   (196, 100, 889, 101)
 1:34.00  purple     4.0   4.0  4.0  4.0  4.0   (196, 100, 889, 101)
 1:35.00  purple     4.0   4.0  4.0  4.0  4.0   (196, 100, 889, 101)
 1:36.00  purple     4.0   4.0  4.0  4.0  4.0   (196, 100, 889, 101)
 1:37.00  purple     4.0   4.0  4.0  4.0  4.0   (196, 100, 889, 101)
 1:38.00  purple     4.0   4.0  5.0  4.0  4.0   (196, 100, 889, 101)
 1:39.00  purple     4.0   4.0  5.0  4.0  4.0   (196, 100, 889, 101)
 1:40.00  purple     4.0   4.0  5.0  4.0  4.0   (196, 100, 889, 101)
 1:41.00  blue       4.0   4.0  4.0  4.0  4.0   (196, 192, 888, 102)
 1:42.00  blue       4.0   4.0  4.0  4.0  4.0   (196, 192, 888, 102)
 1:43.00  blue       4.0   4.0  4.0  4.0  4.0   (196, 192, 888, 102)
 1:44.00  blue       4.0   4.0  4.0  4.0  4.0   (196, 192, 888, 102)
 1:45.00  blue       4.0   4.0  4.0  4.0  4.0   (196, 192, 888, 102)
 1:46.00  blue       4.0   4.0  4.0  4.0  4.0   (196, 192, 888, 102)
 1:47.00  blue       4.0   4.0  4.0  4.0  4.0   (196, 192, 888, 102)
 1:48.00  blue       4.0   4.0  4.0  4.0  4.0   (196, 192, 888, 102)
 1:49.00  teal       5.0   5.0  5.0  5.0  5.0   (196, 285, 889, 101)
 1:50.00  teal       5.0   5.0  5.0  5.0  5.0   (196, 285, 889, 101)
 1:51.00  teal       5.0   5.0  5.0  5.0  5.0   (196, 285, 889, 101)
 1:52.00  teal       5.0   5.0  5.0  5.0  5.0   (196, 285, 889, 101)
 1:53.00  teal       5.0   5.0  5.0  5.0  5.0   (196, 285, 889, 101)
 1:54.00  teal       5.0   5.0  5.0  5.0  5.0   (196, 285, 889, 101)
 1:55.00  teal       5.0   5.0  5.0  4.0  5.0   (196, 285, 889, 101)
 1:56.00  teal       5.0   5.0  5.0  4.0  5.0   (196, 285, 889, 101)
 1:57.00  teal       5.0   5.0  5.0  4.0  5.0   (196, 285, 889, 101)
 1:58.00  teal       5.0   5.0  5.0  4.0  5.0   (196, 285, 889, 101)
 1:59.00  teal       5.0   5.0  5.0  4.0  5.0   (196, 285, 889, 101)
 2:00.00  green      5.0   5.0  5.0  5.0  5.0   (196, 377, 889, 127)
 2:01.00  green      5.0   5.0  5.0  5.0  5.0   (196, 377, 889, 127)
 2:02.00  green      5.0   5.0  5.0  5.0  5.0   (196, 377, 889, 127)
 2:03.00  green      5.0   5.0  5.0  5.0  5.0   (196, 377, 889, 127)
 2:04.00  green      5.0   5.0  5.0  5.0  5.0   (196, 377, 889, 127)
 2:05.00  green      5.0   5.0  5.0  5.0  5.0   (196, 377, 889, 127)
 2:06.00  green      5.0   5.0  5.0  5.0  5.0   (196, 377, 889, 127)
 2:07.00  green      5.0   5.0  5.0  5.0  5.0   (196, 377, 889, 127)
 2:08.00  green      5.0   5.0  5.0  5.0  5.0   (196, 377, 889, 127)
 2:09.00  green      5.0   5.0  5.0  5.0  5.0   (196, 377, 889, 127)
 2:10.00  amber      4.0   5.0  4.0  4.0  4.0   (196, 495, 889, 101)
 2:11.00  amber      4.0   5.0  4.0  4.0  4.0   (196, 495, 889, 101)
 2:12.00  amber      4.0   5.0  4.0  4.0  4.0   (196, 495, 889, 101)
 2:13.00  amber      4.0   5.0  4.0  4.0  4.0   (196, 495, 889, 101)
 2:14.00  amber      4.0   5.0  4.0  4.0  4.0   (196, 495, 889, 101)
 2:15.00  amber      4.0   5.0  4.0  4.0  4.0   (196, 495, 889, 101)
 2:16.00  amber      4.0   5.0  4.0  4.0  4.0   (196, 495, 889, 101)
 2:17.00  amber      4.0   5.0  4.0  4.0  4.0   (196, 495, 889, 101)
 2:18.00  amber      4.0   5.0  4.0  4.0  4.0   (196, 495, 889, 101)
 2:19.00  amber      4.0   5.0  4.0  4.0  4.0   (196, 495, 889, 101)

# 66 ring samples in 10 runs; stroke histogram (rounded px): 4 px: 34, 5 px: 21, 6 px: 11
# runs (start, end, color, median stroke, min-max, samples)
 0:01.00 -  0:01.00  gold      6.0   6.0- 6.0    1
 0:02.00 -  0:03.00  gold      6.0   6.0- 6.0    2
 0:04.00 -  0:05.00  gold      6.0   6.0- 6.0    2
 0:06.00 -  0:11.00  gold      6.0   6.0- 6.0    6
 0:58.00 -  1:05.00  violet    4.0   4.0- 4.0    8
 1:33.00 -  1:40.00  purple    4.0   4.0- 4.0    8
 1:41.00 -  1:48.00  blue      4.0   4.0- 4.0    8
 1:49.00 -  1:59.00  teal      5.0   5.0- 5.0   11
 2:00.00 -  2:09.00  green     5.0   5.0- 5.0   10
 2:10.00 -  2:19.00  amber     4.0   4.0- 4.0   10
