# vector-space-v6.mp4  1280x720  duration=3:48.23  step=0.5s  thr=45.0
# target: fixed 4 px at 720p (6 px at 1080p), Edit Spec section 5 (2026-09-26); widths are SOLID pixels at thr, true width is about +0.5
# time      color    stroke   L    R    T    B    bbox(x,y,w,h)
 0:00.00  blue       2.0   2.0  2.0  2.0  2.0   (256, 230, 174, 136)
 0:00.00  purple     2.0   2.0  2.0  2.0  2.0   (556, 246, 140, 104)
 0:00.00  purple     2.0   2.0  2.0  2.0  2.0   (720, 246, 140, 104)
 0:00.00  purple     2.0   2.0  2.0  2.0  2.0   (886, 246, 140, 104)
 0:00.50  blue       2.0   2.0  2.0  2.0  2.0   (256, 230, 174, 136)
 0:00.50  purple     2.0   2.0  2.0  2.0  2.0   (556, 246, 140, 104)
 0:00.50  purple     2.0   2.0  2.0  2.0  2.0   (720, 246, 140, 104)
 0:00.50  purple     2.0   2.0  2.0  2.0  2.0   (886, 246, 140, 104)
 0:01.00  blue       2.0   2.0  2.0  2.0  2.0   (256, 230, 174, 136)
 0:01.00  purple     2.0   2.0  2.0  2.0  2.0   (556, 246, 140, 104)
 0:01.00  purple     2.0   2.0  2.0  2.0  2.0   (720, 246, 140, 104)
 0:01.00  purple     2.0   2.0  2.0  2.0  2.0   (886, 246, 140, 104)
 0:01.50  blue       2.0   2.0  2.0  2.0  2.0   (256, 230, 174, 136)
 0:01.50  purple     2.0   2.0  2.0  2.0  2.0   (556, 246, 140, 104)
 0:01.50  purple     2.0   2.0  2.0  2.0  2.0   (720, 246, 140, 104)
 0:01.50  purple     2.0   2.0  2.0  2.0  2.0   (886, 246, 140, 104)
 0:02.00  blue       2.0   2.0  2.0  2.0  2.0   (256, 230, 174, 136)
 0:02.00  purple     2.0   2.0  2.0  2.0  2.0   (556, 246, 140, 104)
 0:02.00  purple     2.0   2.0  2.0  2.0  2.0   (720, 246, 140, 104)
 0:02.00  purple     2.0   2.0  2.0  2.0  2.0   (886, 246, 140, 104)
 0:02.50  blue       2.0   2.0  2.0  2.0  2.0   (256, 230, 174, 136)
 0:02.50  purple     2.0   2.0  2.0  2.0  2.0   (556, 246, 140, 104)
 0:02.50  purple     2.0   2.0  2.0  2.0  2.0   (720, 246, 140, 104)
 0:02.50  purple     2.0   2.0  2.0  2.0  2.0   (886, 246, 140, 104)
 0:03.00  blue       2.0   2.0  2.0  2.0  2.0   (256, 230, 174, 136)
 0:03.00  purple     2.0   2.0  2.0  2.0  2.0   (556, 246, 140, 104)
 0:03.00  purple     2.0   2.0  2.0  2.0  2.0   (720, 246, 140, 104)
 0:03.00  purple     2.0   2.0  2.0  2.0  2.0   (886, 246, 140, 104)
 0:03.50  blue       2.0   2.0  2.0  2.0  2.0   (256, 230, 174, 136)
 0:03.50  purple     2.0   2.0  2.0  2.0  2.0   (556, 246, 140, 104)
 0:03.50  purple     2.0   2.0  2.0  2.0  2.0   (720, 246, 140, 104)
 0:03.50  purple     2.0   2.0  2.0  2.0  2.0   (886, 246, 140, 104)
 0:04.00  blue       2.0   2.0  2.0  2.0  2.0   (256, 230, 174, 136)
 0:04.00  purple     2.0   2.0  2.0  2.0  2.0   (556, 246, 140, 104)
 0:04.00  purple     2.0   2.0  2.0  2.0  2.0   (720, 246, 140, 104)
 0:04.00  purple     2.0   2.0  2.0  2.0  2.0   (886, 246, 140, 104)
 0:04.50  blue       2.0   2.0  2.0  2.0  2.0   (256, 230, 174, 136)
 0:04.50  purple     2.0   2.0  2.0  2.0  2.0   (556, 246, 140, 104)
 0:04.50  purple     2.0   2.0  2.0  2.0  2.0   (720, 246, 140, 104)
 0:04.50  purple     2.0   2.0  2.0  2.0  2.0   (886, 246, 140, 104)
 0:05.00  blue       2.0   2.0  2.0  2.0  2.0   (256, 230, 174, 136)
 0:05.00  purple     2.0   2.0  2.0  2.0  2.0   (556, 246, 140, 104)
 0:05.00  purple     2.0   2.0  2.0  2.0  2.0   (720, 246, 140, 104)
 0:05.00  purple     2.0   2.0  2.0  2.0  2.0   (886, 246, 140, 104)
 0:05.50  blue       2.0   2.0  2.0  2.0  2.0   (256, 230, 174, 136)
 0:05.50  purple     2.0   2.0  2.0  2.0  2.0   (556, 246, 140, 104)
 0:05.50  purple     2.0   2.0  2.0  2.0  2.0   (720, 246, 140, 104)
 0:05.50  purple     2.0   2.0  2.0  2.0  2.0   (886, 246, 140, 104)
 0:06.00  blue       2.0   2.0  2.0  2.0  2.0   (256, 230, 174, 136)
 0:06.00  purple     2.0   2.0  2.0  2.0  2.0   (556, 246, 140, 104)
 0:06.00  purple     2.0   2.0  2.0  2.0  2.0   (720, 246, 140, 104)
 0:06.00  purple     2.0   2.0  2.0  2.0  2.0   (886, 246, 140, 104)
 0:06.50  blue       2.0   2.0  2.0  2.0  2.0   (256, 230, 174, 136)
 0:06.50  purple     2.0   2.0  2.0  2.0  2.0   (556, 246, 140, 104)
 0:06.50  purple     2.0   2.0  2.0  2.0  2.0   (720, 246, 140, 104)
 0:06.50  purple     2.0   2.0  2.0  2.0  2.0   (886, 246, 140, 104)
 0:07.00  blue       2.0   2.0  2.0  2.0  2.0   (256, 230, 174, 136)
 0:07.00  purple     2.0   2.0  2.0  2.0  2.0   (556, 246, 140, 104)
 0:07.00  purple     2.0   2.0  2.0  2.0  2.0   (720, 246, 140, 104)
 0:07.00  purple     2.0   2.0  2.0  2.0  2.0   (886, 246, 140, 104)
 0:07.50  blue       2.0   2.0  2.0  2.0  2.0   (256, 230, 174, 136)
 0:07.50  purple     2.0   2.0  2.0  2.0  2.0   (556, 246, 140, 104)
 0:07.50  purple     2.0   2.0  2.0  2.0  2.0   (720, 246, 140, 104)
 0:07.50  purple     2.0   2.0  2.0  2.0  2.0   (886, 246, 140, 104)
 0:08.00  blue       2.0   2.0  2.0  2.0  2.0   (256, 230, 174, 136)
 0:08.00  purple     2.0   2.0  2.0  2.0  2.0   (556, 246, 140, 104)
 0:08.00  purple     2.0   2.0  2.0  2.0  2.0   (720, 246, 140, 104)
 0:08.00  purple     2.0   2.0  2.0  2.0  2.0   (886, 246, 140, 104)
 0:08.50  blue       2.0   2.0  2.0  2.0  2.0   (256, 230, 174, 136)
 0:08.50  purple     2.0   2.0  2.0  2.0  2.0   (556, 246, 140, 104)
 0:08.50  purple     2.0   2.0  2.0  2.0  2.0   (720, 246, 140, 104)
 0:08.50  purple     2.0   2.0  2.0  2.0  2.0   (886, 246, 140, 104)
 0:09.00  blue       2.0   2.0  2.0  2.0  2.0   (256, 230, 174, 136)
 0:09.00  purple     2.0   2.0  2.0  2.0  2.0   (556, 246, 140, 104)
 0:09.00  purple     2.0   2.0  2.0  2.0  2.0   (720, 246, 140, 104)
 0:09.00  purple     2.0   2.0  2.0  2.0  2.0   (886, 246, 140, 104)
 0:09.50  blue       2.0   2.0  2.0  2.0  2.0   (256, 230, 174, 136)
 0:09.50  purple     2.0   2.0  2.0  2.0  2.0   (556, 246, 140, 104)
 0:09.50  purple     2.0   2.0  2.0  2.0  2.0   (720, 246, 140, 104)
 0:09.50  purple     2.0   2.0  2.0  2.0  2.0   (886, 246, 140, 104)
 0:10.00  blue       2.0   2.0  2.0  2.0  2.0   (256, 230, 174, 136)
 0:10.00  purple     2.0   2.0  2.0  2.0  2.0   (556, 246, 140, 104)
 0:10.00  purple     2.0   2.0  2.0  2.0  2.0   (720, 246, 140, 104)
 0:10.00  purple     2.0   2.0  2.0  2.0  2.0   (886, 246, 140, 104)
 0:10.50  blue       2.0   2.0  2.0  2.0  2.0   (256, 230, 174, 136)
 0:10.50  purple     2.0   2.0  2.0  2.0  2.0   (556, 246, 140, 104)
 0:10.50  purple     2.0   2.0  2.0  2.0  2.0   (720, 246, 140, 104)
 0:10.50  purple     2.0   2.0  2.0  2.0  2.0   (886, 246, 140, 104)
 0:11.00  blue       2.0   2.0  2.0  2.0  2.0   (256, 230, 174, 136)
 0:11.00  purple     2.0   2.0  2.0  2.0  2.0   (556, 246, 140, 104)
 0:11.00  purple     2.0   2.0  2.0  2.0  2.0   (720, 246, 140, 104)
 0:11.00  purple     2.0   2.0  2.0  2.0  2.0   (886, 246, 140, 104)
 0:11.50  blue       2.0   2.0  2.0  2.0  2.0   (256, 230, 174, 136)
 0:11.50  purple     2.0   2.0  2.0  2.0  2.0   (556, 246, 140, 104)
 0:11.50  purple     2.0   2.0  2.0  2.0  2.0   (720, 246, 140, 104)
 0:11.50  purple     2.0   2.0  2.0  2.0  2.0   (886, 246, 140, 104)
 0:12.00  blue       2.0   2.0  2.0  2.0  2.0   (256, 230, 174, 136)
 0:12.00  purple     2.0   2.0  2.0  2.0  2.0   (556, 246, 140, 104)
 0:12.00  purple     2.0   2.0  2.0  2.0  2.0   (720, 246, 140, 104)
 0:12.00  purple     2.0   2.0  2.0  2.0  2.0   (886, 246, 140, 104)
 0:12.50  blue       2.0   2.0  2.0  2.0  2.0   (256, 230, 174, 136)
 0:12.50  purple     2.0   2.0  2.0  2.0  2.0   (556, 246, 140, 104)
 0:12.50  purple     2.0   2.0  2.0  2.0  2.0   (720, 246, 140, 104)
 0:12.50  purple     2.0   2.0  2.0  2.0  2.0   (886, 246, 140, 104)
 0:13.00  blue       2.0   2.0  2.0  2.0  2.0   (256, 230, 174, 136)
 0:13.00  purple     2.0   2.0  2.0  2.0  2.0   (556, 246, 140, 104)
 0:13.00  purple     2.0   2.0  2.0  2.0  2.0   (720, 246, 140, 104)
 0:13.00  purple     2.0   2.0  2.0  2.0  2.0   (886, 246, 140, 104)
 0:13.50  blue       2.0   2.0  2.0  2.0  2.0   (256, 230, 174, 136)
 0:13.50  purple     2.0   2.0  2.0  2.0  2.0   (556, 246, 140, 104)
 0:13.50  purple     2.0   2.0  2.0  2.0  2.0   (720, 246, 140, 104)
 0:13.50  purple     2.0   2.0  2.0  2.0  2.0   (886, 246, 140, 104)
 0:14.00  blue       2.0   2.0  2.0  2.0  2.0   (256, 230, 174, 136)
 0:14.00  purple     2.0   2.0  2.0  2.0  2.0   (556, 246, 140, 104)
 0:14.00  purple     2.0   2.0  2.0  2.0  2.0   (720, 246, 140, 104)
 0:14.00  purple     2.0   2.0  2.0  2.0  2.0   (886, 246, 140, 104)
 0:14.50  blue       2.0   2.0  2.0  2.0  2.0   (256, 230, 174, 136)
 0:14.50  purple     2.0   2.0  2.0  2.0  2.0   (556, 246, 140, 104)
 0:14.50  purple     2.0   2.0  2.0  2.0  2.0   (720, 246, 140, 104)
 0:14.50  purple     2.0   2.0  2.0  2.0  2.0   (886, 246, 140, 104)
 0:15.00  blue       2.0   2.0  2.0  2.0  2.0   (256, 230, 174, 136)
 0:15.00  purple     2.0   2.0  2.0  2.0  2.0   (556, 246, 140, 104)
 0:15.00  purple     2.0   2.0  2.0  2.0  2.0   (720, 246, 140, 104)
 0:15.00  purple     2.0   2.0  2.0  2.0  2.0   (886, 246, 140, 104)
 0:15.50  blue       2.0   2.0  2.0  2.0  2.0   (256, 230, 174, 136)
 0:15.50  purple     2.0   2.0  2.0  2.0  2.0   (556, 246, 140, 104)
 0:15.50  purple     2.0   2.0  2.0  2.0  2.0   (720, 246, 140, 104)
 0:15.50  purple     2.0   2.0  2.0  2.0  2.0   (886, 246, 140, 104)
 0:16.00  blue       2.0   2.0  2.0  2.0  2.0   (256, 230, 174, 136)
 0:16.00  purple     2.0   2.0  2.0  2.0  2.0   (556, 246, 140, 104)
 0:16.00  purple     2.0   2.0  2.0  2.0  2.0   (720, 246, 140, 104)
 0:16.00  purple     2.0   2.0  2.0  2.0  2.0   (886, 246, 140, 104)
 0:16.50  blue       2.0   2.0  2.0  2.0  2.0   (256, 230, 174, 136)
 0:16.50  purple     2.0   2.0  2.0  2.0  2.0   (556, 246, 140, 104)
 0:16.50  purple     2.0   2.0  2.0  2.0  2.0   (720, 246, 140, 104)
 0:16.50  purple     2.0   2.0  2.0  2.0  2.0   (886, 246, 140, 104)
 0:17.00  blue       2.0   2.0  2.0  2.0  2.0   (256, 230, 174, 136)
 0:17.00  purple     2.0   2.0  2.0  2.0  2.0   (556, 246, 140, 104)
 0:17.00  purple     2.0   2.0  2.0  2.0  2.0   (720, 246, 140, 104)
 0:17.00  purple     2.0   2.0  2.0  2.0  2.0   (886, 246, 140, 104)
 0:17.50  blue       2.0   2.0  2.0  2.0  2.0   (256, 230, 174, 136)
 0:17.50  purple     2.0   2.0  2.0  2.0  2.0   (556, 246, 140, 104)
 0:17.50  purple     2.0   2.0  2.0  2.0  2.0   (720, 246, 140, 104)
 0:17.50  purple     2.0   2.0  2.0  2.0  2.0   (886, 246, 140, 104)
 0:18.00  blue       2.0   2.0  2.0  2.0  2.0   (256, 230, 174, 136)
 0:18.00  purple     2.0   2.0  2.0  2.0  2.0   (556, 246, 140, 104)
 0:18.00  purple     2.0   2.0  2.0  2.0  2.0   (720, 246, 140, 104)
 0:18.00  purple     2.0   2.0  2.0  2.0  2.0   (886, 246, 140, 104)
 0:18.50  blue       2.0   2.0  2.0  2.0  2.0   (256, 230, 174, 136)
 0:18.50  purple     2.0   2.0  2.0  2.0  2.0   (556, 246, 140, 104)
 0:18.50  purple     2.0   2.0  2.0  2.0  2.0   (720, 246, 140, 104)
 0:18.50  purple     2.0   2.0  2.0  2.0  2.0   (886, 246, 140, 104)
 0:19.00  blue       2.0   2.0  2.0  2.0  2.0   (256, 230, 174, 136)
 0:19.00  purple     2.0   2.0  2.0  2.0  2.0   (556, 246, 140, 104)
 0:19.00  purple     2.0   2.0  2.0  2.0  2.0   (720, 246, 140, 104)
 0:19.00  purple     2.0   2.0  2.0  2.0  2.0   (886, 246, 140, 104)
 0:19.50  blue       2.0   2.0  2.0  2.0  2.0   (256, 230, 174, 136)
 0:19.50  purple     2.0   2.0  2.0  2.0  2.0   (556, 246, 140, 104)
 0:19.50  purple     2.0   2.0  2.0  2.0  2.0   (720, 246, 140, 104)
 0:19.50  purple     2.0   2.0  2.0  2.0  2.0   (886, 246, 140, 104)
 0:20.00  blue       2.0   2.0  2.0  2.0  2.0   (256, 230, 174, 136)
 0:20.00  purple     2.0   2.0  2.0  2.0  2.0   (556, 246, 140, 104)
 0:20.00  purple     2.0   2.0  2.0  2.0  2.0   (720, 246, 140, 104)
 0:20.00  purple     2.0   2.0  2.0  2.0  2.0   (886, 246, 140, 104)
 0:20.50  blue       2.0   2.0  2.0  2.0  2.0   (256, 230, 174, 136)
 0:20.50  purple     2.0   2.0  2.0  2.0  2.0   (556, 246, 140, 104)
 0:20.50  purple     2.0   2.0  2.0  2.0  2.0   (720, 246, 140, 104)
 0:20.50  purple     2.0   2.0  2.0  2.0  2.0   (886, 246, 140, 104)
 0:21.00  blue       2.0   2.0  2.0  2.0  2.0   (256, 230, 174, 136)
 0:21.00  purple     2.0   2.0  2.0  2.0  2.0   (556, 246, 140, 104)
 0:21.00  purple     2.0   2.0  2.0  2.0  2.0   (720, 246, 140, 104)
 0:21.00  purple     2.0   2.0  2.0  2.0  2.0   (886, 246, 140, 104)
 0:21.50  blue       2.0   2.0  2.0  2.0  2.0   (256, 230, 174, 136)
 0:21.50  purple     2.0   2.0  2.0  2.0  2.0   (556, 246, 140, 104)
 0:21.50  purple     2.0   2.0  2.0  2.0  2.0   (720, 246, 140, 104)
 0:21.50  purple     2.0   2.0  2.0  2.0  2.0   (886, 246, 140, 104)
 0:22.00  blue       2.0   2.0  2.0  2.0  2.0   (256, 230, 174, 136)
 0:22.00  purple     2.0   2.0  2.0  2.0  2.0   (556, 246, 140, 104)
 0:22.00  purple     2.0   2.0  2.0  2.0  2.0   (720, 246, 140, 104)
 0:22.00  purple     2.0   2.0  2.0  2.0  2.0   (886, 246, 140, 104)
 0:22.50  blue       2.0   2.0  2.0  2.0  2.0   (256, 230, 174, 136)
 0:22.50  purple     2.0   2.0  2.0  2.0  2.0   (556, 246, 140, 104)
 0:22.50  purple     2.0   2.0  2.0  2.0  2.0   (720, 246, 140, 104)
 0:22.50  purple     2.0   2.0  2.0  2.0  2.0   (886, 246, 140, 104)
 0:23.00  blue       2.0   2.0  2.0  2.0  2.0   (256, 230, 174, 136)
 0:23.00  purple     2.0   2.0  2.0  2.0  2.0   (556, 246, 140, 104)
 0:23.00  purple     2.0   2.0  2.0  2.0  2.0   (720, 246, 140, 104)
 0:23.00  purple     2.0   2.0  2.0  2.0  2.0   (886, 246, 140, 104)
 0:38.50  red        2.5   2.0  4.0  3.0  2.0   (538, 342, 198, 67)
 0:39.00  red        2.5   2.0  4.0  3.0  2.0   (538, 342, 198, 67)
 0:39.50  red        2.5   2.0  4.0  3.0  2.0   (538, 342, 198, 67)
 0:40.00  red        2.5   2.0  4.0  3.0  2.0   (538, 342, 198, 67)
 0:40.50  red        2.5   2.0  4.0  3.0  2.0   (538, 342, 198, 67)
 0:41.00  red        2.5   2.0  4.0  3.0  2.0   (538, 342, 198, 67)
 0:41.50  red        2.5   2.0  4.0  3.0  2.0   (538, 342, 198, 67)
 0:42.00  red        2.5   2.0  4.0  3.0  2.0   (538, 342, 198, 67)
 0:42.50  red        2.5   2.0  4.0  3.0  2.0   (538, 342, 198, 67)
 0:43.00  teal       3.5   4.0  4.0  3.0  3.0   (242, 234, 208, 67)
 0:43.50  teal       3.5   4.0  4.0  3.0  3.0   (242, 234, 208, 67)
 0:44.00  teal       3.5   4.0  4.0  3.0  3.0   (242, 234, 208, 67)
 0:44.50  teal       3.5   4.0  4.0  3.0  3.0   (242, 234, 208, 67)
 0:45.00  teal       3.5   4.0  4.0  3.0  3.0   (242, 234, 208, 67)
 0:45.50  teal       3.5   4.0  4.0  3.0  3.0   (242, 234, 208, 67)
 0:46.00  teal       3.5   4.0  4.0  3.0  3.0   (242, 234, 208, 67)
 0:46.50  teal       3.5   4.0  4.0  3.0  3.0   (242, 234, 208, 67)
 0:47.00  blue       2.0   2.0  2.0  2.0  4.0   (780, 208, 220, 68)
 0:47.50  blue       2.0   2.0  2.0  2.0  4.0   (780, 208, 220, 68)
 0:48.00  blue       2.0   2.0  2.0  2.0  4.0   (780, 208, 220, 68)
 0:48.50  blue       2.0   2.0  2.0  2.0  4.0   (780, 208, 220, 68)
 0:49.00  blue       2.0   2.0  2.0  2.0  4.0   (780, 208, 220, 68)
 0:49.50  blue       2.0   2.0  2.0  2.0  4.0   (780, 208, 220, 68)
 0:50.00  blue       2.0   2.0  2.0  2.0  4.0   (780, 208, 220, 68)
 0:50.50  blue       2.0   2.0  2.0  2.0  4.0   (780, 208, 220, 68)
 0:51.00  blue       2.0   2.0  2.0  2.0  4.0   (780, 208, 220, 68)
 0:56.50  teal       3.5   4.0  4.0  3.0  3.0   (242, 234, 208, 67)
 0:56.50  amber      2.0   1.0  1.0  3.0  4.0   (260, 330, 224, 202)
 0:57.00  teal       3.5   4.0  4.0  3.0  3.0   (242, 234, 208, 67)
 0:57.00  amber      2.0   1.0  1.0  3.0  4.0   (260, 330, 224, 202)
 0:57.50  teal       3.5   4.0  4.0  3.0  3.0   (242, 234, 208, 67)
 0:57.50  amber      2.0   1.0  1.0  3.0  4.0   (260, 330, 224, 202)
 0:58.00  teal       3.5   4.0  4.0  3.0  3.0   (242, 234, 208, 67)
 0:58.00  amber      2.0   1.0  1.0  3.0  4.0   (260, 330, 224, 202)
 0:58.50  teal       3.5   4.0  4.0  3.0  3.0   (242, 234, 208, 67)
 0:58.50  amber      2.0   1.0  1.0  3.0  4.0   (260, 330, 224, 202)
 0:59.00  teal       3.5   4.0  4.0  3.0  3.0   (242, 234, 208, 67)
 0:59.00  amber      2.0   1.0  1.0  3.0  4.0   (260, 330, 224, 202)
 0:59.50  blue       2.0   2.0  2.0  2.0  4.0   (780, 208, 220, 68)
 0:59.50  amber      2.5   2.0  2.0  3.0  4.0   (758, 311, 224, 221)
 1:00.00  blue       2.0   2.0  2.0  2.0  4.0   (780, 208, 220, 68)
 1:00.00  amber      2.5   2.0  2.0  3.0  4.0   (758, 311, 224, 221)
 1:00.50  blue       2.0   2.0  2.0  2.0  4.0   (780, 208, 220, 68)
 1:00.50  amber      2.5   2.0  2.0  3.0  4.0   (758, 311, 224, 221)
 1:01.00  blue       2.0   2.0  2.0  2.0  4.0   (780, 208, 220, 68)
 1:01.00  amber      2.5   2.0  2.0  3.0  4.0   (758, 311, 224, 221)
 1:01.50  blue       2.0   2.0  2.0  2.0  4.0   (780, 208, 220, 68)
 1:01.50  amber      2.5   2.0  2.0  3.0  4.0   (758, 311, 224, 221)
 1:02.00  blue       2.0   2.0  2.0  2.0  4.0   (780, 208, 220, 68)
 1:02.00  amber      2.5   2.0  2.0  3.0  4.0   (758, 311, 224, 221)
 1:02.50  blue       2.0   2.0  2.0  2.0  4.0   (780, 208, 220, 68)
 1:02.50  amber      2.5   2.0  2.0  3.0  4.0   (758, 311, 224, 221)
 1:03.00  violet     3.0   2.0  2.0  4.0  4.0   (154, 608, 972, 64)
 1:03.50  violet     3.0   2.0  2.0  4.0  4.0   (154, 608, 972, 64)
 1:04.00  violet     3.0   2.0  2.0  4.0  4.0   (154, 608, 972, 64)
 1:04.50  violet     3.0   2.0  2.0  4.0  4.0   (154, 608, 972, 64)
 1:05.00  violet     3.0   2.0  2.0  4.0  4.0   (154, 608, 972, 64)
 1:05.50  violet     3.0   2.0  2.0  4.0  4.0   (154, 608, 972, 64)
 1:06.00  violet     3.0   2.0  2.0  4.0  4.0   (154, 608, 972, 64)
 1:17.00  violet     4.0   4.0  4.0  4.0  2.0   (174, 206, 932, 118)
 1:17.50  violet     4.0   4.0  4.0  4.0  2.0   (174, 206, 932, 118)
 1:18.00  violet     4.0   4.0  4.0  4.0  2.0   (174, 206, 932, 118)
 1:18.50  violet     4.0   4.0  4.0  4.0  2.0   (174, 206, 932, 118)
 1:19.00  violet     4.0   4.0  4.0  4.0  2.0   (174, 206, 932, 118)
 1:19.50  violet     4.0   4.0  4.0  4.0  2.0   (174, 206, 932, 118)
 1:20.00  violet     4.0   4.0  4.0  4.0  2.0   (174, 206, 932, 118)
 1:20.50  violet     4.0   4.0  4.0  4.0  2.0   (174, 206, 932, 118)
 1:21.00  violet     4.0   4.0  4.0  4.0  2.0   (174, 206, 932, 118)
 1:21.50  violet     4.0   4.0  4.0  4.0  2.0   (174, 206, 932, 118)
 1:22.00  violet     4.0   4.0  4.0  4.0  2.0   (174, 206, 932, 118)
 1:22.50  violet     4.0   4.0  4.0  4.0  2.0   (174, 206, 932, 118)
 1:23.00  violet     4.0   4.0  4.0  4.0  2.0   (174, 206, 932, 118)
 1:23.50  violet     4.0   4.0  4.0  4.0  2.0   (174, 206, 932, 118)
 1:24.00  violet     4.0   4.0  4.0  4.0  2.0   (174, 206, 932, 118)
 1:24.50  violet     4.0   4.0  4.0  4.0  2.0   (174, 206, 932, 118)
 1:24.50  violet     4.0   4.0  4.0  4.0  2.0   (174, 328, 932, 118)
 1:25.00  violet     4.0   4.0  4.0  4.0  2.0   (174, 206, 932, 118)
 1:25.00  violet     4.0   4.0  4.0  4.0  2.0   (174, 328, 932, 118)
 1:25.50  violet     4.0   4.0  4.0  4.0  2.0   (174, 206, 932, 118)
 1:25.50  violet     4.0   4.0  4.0  4.0  2.0   (174, 328, 932, 118)
 1:26.00  violet     4.0   4.0  4.0  4.0  2.0   (174, 206, 932, 118)
 1:26.00  violet     4.0   4.0  4.0  4.0  2.0   (174, 328, 932, 118)
 1:26.50  violet     4.0   4.0  4.0  4.0  2.0   (174, 206, 932, 118)
 1:26.50  violet     4.0   4.0  4.0  4.0  2.0   (174, 328, 932, 118)
 1:27.00  violet     4.0   4.0  4.0  4.0  2.0   (174, 450, 932, 118)
 1:27.50  violet     4.0   4.0  4.0  4.0  2.0   (174, 450, 932, 118)
 1:28.00  violet     4.0   4.0  4.0  4.0  2.0   (174, 450, 932, 118)
 1:28.50  violet     4.0   4.0  4.0  4.0  2.0   (174, 450, 932, 118)
 1:29.00  violet     4.0   4.0  4.0  4.0  2.0   (174, 450, 932, 118)
 1:29.50  violet     4.0   4.0  4.0  4.0  2.0   (174, 450, 932, 118)
 1:30.00  violet     3.0   4.0  4.0  2.0  2.0   (148, 608, 984, 62)
 1:30.50  violet     3.0   4.0  4.0  2.0  2.0   (148, 608, 984, 62)
 1:31.00  violet     3.0   4.0  4.0  2.0  2.0   (148, 608, 984, 62)
 1:31.50  violet     3.0   4.0  4.0  2.0  2.0   (148, 608, 984, 62)
 1:32.00  violet     3.0   4.0  4.0  2.0  2.0   (148, 608, 984, 62)
 1:32.50  violet     3.0   4.0  4.0  2.0  2.0   (148, 608, 984, 62)
 1:33.00  violet     3.0   4.0  4.0  2.0  2.0   (148, 608, 984, 62)
 1:33.50  violet     3.0   4.0  4.0  2.0  2.0   (148, 608, 984, 62)
 1:34.00  violet     3.0   4.0  4.0  2.0  2.0   (148, 608, 984, 62)
 1:34.50  violet     3.0   4.0  4.0  2.0  2.0   (148, 608, 984, 62)
 1:35.00  violet     3.0   4.0  4.0  2.0  2.0   (148, 608, 984, 62)
 1:35.50  violet     3.0   4.0  4.0  2.0  2.0   (148, 608, 984, 62)
 1:36.00  violet     3.0   4.0  4.0  2.0  2.0   (148, 608, 984, 62)
 1:36.50  violet     3.0   4.0  4.0  2.0  2.0   (148, 608, 984, 62)
 1:37.00  violet     3.0   4.0  4.0  2.0  2.0   (148, 608, 984, 62)
 1:37.50  violet     3.0   4.0  4.0  2.0  2.0   (148, 608, 984, 62)
 1:38.00  violet     3.0   4.0  4.0  2.0  2.0   (148, 608, 984, 62)
 1:38.50  violet     3.0   4.0  4.0  2.0  2.0   (148, 608, 984, 62)
 1:39.00  violet     3.0   4.0  4.0  2.0  2.0   (148, 608, 984, 62)
 1:39.50  violet     3.0   4.0  4.0  2.0  2.0   (148, 608, 984, 62)
 1:40.00  violet     3.0   4.0  4.0  2.0  2.0   (148, 608, 984, 62)
 1:40.50  violet     3.0   4.0  4.0  2.0  2.0   (148, 608, 984, 62)
 1:41.00  violet     3.0   4.0  4.0  2.0  2.0   (148, 608, 984, 62)
 1:41.50  violet     3.0   4.0  4.0  2.0  2.0   (148, 608, 984, 62)
 1:42.00  violet     3.0   4.0  4.0  2.0  2.0   (148, 608, 984, 62)
 1:42.50  violet     3.0   4.0  4.0  2.0  2.0   (148, 608, 984, 62)
 1:46.00  blue       2.0   2.0  2.0  2.0  4.0   (180, 152, 416, 402)
 1:46.50  blue       2.0   2.0  2.0  2.0  4.0   (180, 152, 416, 402)
 1:47.00  blue       2.0   2.0  2.0  2.0  4.0   (180, 152, 416, 402)
 1:47.50  blue       2.0   2.0  2.0  2.0  4.0   (180, 152, 416, 402)
 1:48.00  blue       2.0   2.0  2.0  2.0  4.0   (180, 152, 416, 402)
 1:48.50  blue       2.0   2.0  2.0  2.0  4.0   (180, 152, 416, 402)
 1:49.00  blue       2.0   2.0  2.0  2.0  4.0   (180, 152, 416, 402)
 1:49.50  blue       2.0   2.0  2.0  2.0  4.0   (180, 152, 416, 402)
 1:50.00  blue       2.0   2.0  2.0  2.0  4.0   (180, 152, 416, 402)
 1:50.50  blue       2.0   2.0  2.0  2.0  4.0   (180, 152, 416, 402)
 1:51.00  blue       2.0   2.0  2.0  2.0  4.0   (180, 152, 416, 402)
 1:51.50  blue       2.0   2.0  2.0  2.0  4.0   (180, 152, 416, 402)
 1:52.00  blue       2.0   2.0  2.0  2.0  4.0   (180, 152, 416, 402)
 1:52.50  purple     3.0   2.0  4.0  4.0  2.0   (740, 266, 356, 268)
 1:53.00  purple     3.0   2.0  4.0  4.0  2.0   (740, 266, 356, 268)
 1:53.50  purple     3.0   2.0  4.0  4.0  2.0   (740, 266, 356, 268)
 1:54.00  purple     3.0   2.0  4.0  4.0  2.0   (740, 266, 356, 268)
 1:54.50  purple     3.0   2.0  4.0  4.0  2.0   (740, 266, 356, 268)
 1:55.00  purple     3.0   2.0  4.0  4.0  2.0   (740, 266, 356, 268)
 1:55.50  purple     3.0   2.0  4.0  4.0  2.0   (740, 266, 356, 268)
 1:56.00  purple     3.0   2.0  4.0  4.0  2.0   (740, 266, 356, 268)
 1:56.50  purple     3.0   2.0  4.0  4.0  2.0   (740, 266, 356, 268)
 1:57.00  purple     3.0   2.0  4.0  4.0  2.0   (740, 266, 356, 268)
 1:57.50  purple     3.0   2.0  4.0  4.0  2.0   (740, 266, 356, 268)
 1:58.00  purple     3.0   2.0  4.0  4.0  2.0   (740, 266, 356, 268)
 1:58.50  purple     3.0   2.0  4.0  4.0  2.0   (740, 266, 356, 268)
 1:59.00  purple     3.0   2.0  4.0  4.0  2.0   (740, 266, 356, 268)
 1:59.50  purple     3.0   2.0  4.0  4.0  2.0   (740, 266, 356, 268)
 2:00.00  purple     3.0   2.0  4.0  4.0  2.0   (740, 266, 356, 268)
 2:00.50  purple     3.0   2.0  4.0  4.0  2.0   (740, 266, 356, 268)
 2:01.00  purple     3.0   2.0  4.0  4.0  2.0   (740, 266, 356, 268)
 2:01.50  purple     3.0   2.0  4.0  4.0  2.0   (740, 266, 356, 268)
 2:02.00  red        2.0   2.0  2.0  4.0  2.0   (236, 380, 272, 94)
 2:02.50  red        2.0   2.0  2.0  4.0  2.0   (236, 380, 272, 94)
 2:03.00  red        2.0   2.0  2.0  4.0  2.0   (236, 380, 272, 94)
 2:03.50  red        2.0   2.0  2.0  4.0  2.0   (236, 380, 272, 94)
 2:04.00  red        2.0   2.0  2.0  4.0  2.0   (236, 380, 272, 94)
 2:04.50  red        2.0   2.0  2.0  4.0  2.0   (236, 380, 272, 94)
 2:05.00  red        2.0   2.0  2.0  4.0  2.0   (236, 380, 272, 94)
 2:05.50  red        2.0   2.0  2.0  4.0  2.0   (236, 380, 272, 94)
 2:06.00  red        2.0   2.0  2.0  4.0  2.0   (236, 380, 272, 94)
 2:06.50  red        2.0   2.0  2.0  4.0  2.0   (236, 380, 272, 94)
 2:07.00  blue       4.0   4.0  4.0  4.0  2.0   (242, 182, 268, 116)
 2:07.50  blue       4.0   4.0  4.0  4.0  2.0   (242, 182, 268, 116)
 2:08.00  blue       4.0   4.0  4.0  4.0  2.0   (242, 182, 268, 116)
 2:08.50  blue       4.0   4.0  4.0  4.0  2.0   (242, 182, 268, 116)
 2:09.00  blue       4.0   4.0  4.0  4.0  2.0   (242, 182, 268, 116)
 2:09.50  blue       4.0   4.0  4.0  4.0  2.0   (242, 182, 268, 116)
 2:10.00  blue       4.0   4.0  4.0  4.0  2.0   (242, 182, 268, 116)
 2:10.50  blue       4.0   4.0  4.0  4.0  2.0   (242, 182, 268, 116)
 2:11.00  blue       4.0   4.0  4.0  4.0  2.0   (242, 182, 268, 116)
 2:11.50  blue       4.0   4.0  4.0  4.0  2.0   (242, 182, 268, 116)
 2:12.00  purple     2.0   2.0  2.0  2.0  2.0   (780, 402, 254, 90)
 2:12.50  purple     2.0   2.0  2.0  2.0  2.0   (780, 402, 254, 90)
 2:13.00  purple     2.0   2.0  2.0  2.0  2.0   (780, 402, 254, 90)
 2:13.50  purple     2.0   2.0  2.0  2.0  2.0   (780, 402, 254, 90)
 2:14.00  purple     2.0   2.0  2.0  2.0  2.0   (780, 402, 254, 90)
 2:14.50  purple     2.0   2.0  2.0  2.0  2.0   (780, 402, 254, 90)
 2:15.00  purple     2.0   2.0  2.0  2.0  2.0   (780, 402, 254, 90)
 2:15.50  purple     2.0   2.0  2.0  2.0  2.0   (780, 402, 254, 90)
 2:16.00  purple     2.0   2.0  2.0  2.0  2.0   (780, 402, 254, 90)
 2:16.50  purple     2.0   2.0  2.0  2.0  2.0   (780, 402, 254, 90)
 2:20.50  amber      4.0   3.0  4.0  4.0  4.0   (522, 168, 456, 90)
 2:21.00  amber      4.0   3.0  4.0  4.0  4.0   (522, 168, 456, 90)
 2:21.50  amber      4.0   3.0  4.0  4.0  4.0   (522, 168, 456, 90)
 2:22.00  amber      4.0   3.0  4.0  4.0  4.0   (522, 168, 456, 90)
 2:22.50  amber      4.0   3.0  4.0  4.0  4.0   (522, 168, 456, 90)
 2:23.00  amber      4.0   3.0  4.0  4.0  4.0   (522, 168, 456, 90)
 2:23.50  amber      4.0   3.0  4.0  4.0  4.0   (522, 168, 456, 90)
 2:24.00  amber      4.0   3.0  4.0  4.0  4.0   (522, 168, 456, 90)
 2:24.50  amber      4.0   3.0  4.0  4.0  4.0   (502, 168, 476, 90)
 2:25.00  amber      4.0   3.0  4.0  4.0  4.0   (502, 168, 476, 90)
 2:25.50  amber      4.0   3.0  4.0  4.0  4.0   (502, 168, 476, 90)
 2:26.00  amber      4.0   3.0  4.0  4.0  4.0   (502, 168, 476, 90)
 2:26.50  amber      4.0   3.0  4.0  4.0  4.0   (502, 168, 476, 90)
 2:27.00  amber      4.0   3.0  4.0  4.0  4.0   (502, 168, 476, 90)
 2:27.50  amber      4.0   3.0  4.0  4.0  4.0   (502, 168, 476, 90)
 2:28.00  amber      4.0   3.0  4.0  4.0  4.0   (502, 168, 476, 90)
 2:28.50  amber      4.0   3.0  4.0  4.0  4.0   (502, 168, 476, 90)
 2:29.00  amber      4.0   3.0  4.0  4.0  4.0   (502, 168, 476, 90)
 2:29.50  amber      4.0   3.0  4.0  4.0  4.0   (502, 168, 476, 90)
 2:30.00  blue       4.0   4.0  4.0  4.0  2.0   (242, 182, 268, 116)
 2:30.00  amber      4.0   3.0  4.0  4.0  4.0   (510, 168, 468, 90)
 2:30.50  blue       4.0   4.0  4.0  4.0  2.0   (242, 182, 268, 116)
 2:30.50  amber      4.0   3.0  4.0  4.0  4.0   (510, 168, 468, 90)
 2:31.00  blue       4.0   4.0  4.0  4.0  2.0   (242, 182, 268, 116)
 2:31.00  amber      4.0   3.0  4.0  4.0  4.0   (510, 168, 468, 90)
 2:31.50  blue       4.0   4.0  4.0  4.0  2.0   (242, 182, 268, 116)
 2:31.50  amber      4.0   3.0  4.0  4.0  4.0   (510, 168, 468, 90)
 2:32.00  blue       4.0   4.0  4.0  4.0  2.0   (242, 182, 268, 116)
 2:32.00  amber      4.0   3.0  4.0  4.0  4.0   (510, 168, 468, 90)
 2:32.50  blue       4.0   4.0  4.0  4.0  2.0   (242, 182, 268, 116)
 2:32.50  amber      4.0   3.0  4.0  4.0  4.0   (510, 168, 468, 90)
 2:33.00  blue       4.0   4.0  4.0  4.0  2.0   (242, 182, 268, 116)
 2:33.00  amber      4.0   3.0  4.0  4.0  4.0   (510, 168, 468, 90)
 2:42.00  violet     4.0   4.0  4.0  4.0  2.0   (96, 598, 1088, 70)
 2:42.50  violet     4.0   4.0  4.0  4.0  2.0   (96, 598, 1088, 70)
 2:43.00  violet     4.0   4.0  4.0  4.0  2.0   (96, 598, 1088, 70)
 2:43.50  violet     4.0   4.0  4.0  4.0  2.0   (96, 598, 1088, 70)
 3:10.00  blue       4.0   4.0  4.0  2.0  4.0   (230, 476, 138, 52)
 3:10.50  blue       4.0   4.0  4.0  2.0  4.0   (230, 476, 138, 52)
 3:11.00  blue       4.0   4.0  4.0  2.0  4.0   (230, 476, 138, 52)
 3:11.50  blue       4.0   4.0  4.0  2.0  4.0   (230, 476, 138, 52)
 3:12.00  blue       4.0   4.0  4.0  2.0  4.0   (230, 476, 138, 52)
 3:12.50  blue       4.0   4.0  4.0  2.0  4.0   (230, 476, 138, 52)
 3:13.00  blue       4.0   4.0  4.0  2.0  4.0   (230, 476, 138, 52)
 3:13.50  blue       4.0   4.0  4.0  2.0  4.0   (230, 476, 138, 52)
 3:14.00  blue       4.0   4.0  4.0  2.0  4.0   (230, 476, 138, 52)
 3:14.50  blue       4.0   4.0  4.0  2.0  4.0   (230, 476, 138, 52)
 3:15.00  blue       4.0   4.0  4.0  2.0  4.0   (230, 476, 138, 52)
 3:15.50  blue       4.0   4.0  4.0  2.0  4.0   (230, 476, 138, 52)
 3:16.00  blue       4.0   4.0  4.0  2.0  4.0   (230, 476, 138, 52)
 3:16.50  blue       4.0   4.0  4.0  2.0  4.0   (230, 476, 138, 52)
 3:22.50  violet     2.0   2.0  4.0  2.0  2.0   (712, 410, 116, 50)
 3:23.00  violet     2.0   2.0  4.0  2.0  2.0   (712, 410, 116, 50)
 3:23.50  violet     2.0   2.0  4.0  2.0  2.0   (712, 410, 116, 50)
 3:24.00  violet     2.0   2.0  4.0  2.0  2.0   (712, 410, 116, 50)
 3:24.50  violet     2.0   2.0  4.0  2.0  2.0   (712, 410, 116, 50)
 3:25.00  violet     2.0   2.0  4.0  2.0  2.0   (712, 410, 116, 50)
 3:25.50  violet     2.0   2.0  4.0  2.0  2.0   (712, 410, 116, 50)
 3:26.00  violet     2.0   2.0  4.0  2.0  2.0   (712, 410, 116, 50)
 3:26.50  violet     2.0   2.0  2.0  2.0  4.0   (196, 616, 888, 58)
 3:27.00  violet     2.0   2.0  2.0  2.0  4.0   (196, 616, 888, 58)
 3:27.50  violet     2.0   2.0  2.0  2.0  4.0   (196, 616, 888, 58)
 3:28.00  violet     2.0   2.0  2.0  2.0  4.0   (196, 616, 888, 58)
 3:28.50  teal       2.0   2.0  2.0  2.0  2.0   (930, 270, 180, 90)
 3:28.50  blue       2.0   2.0  2.0  2.0  2.0   (746, 300, 150, 126)
 3:29.00  teal       2.0   2.0  2.0  2.0  2.0   (930, 270, 180, 90)
 3:29.00  blue       2.0   2.0  2.0  2.0  2.0   (746, 300, 150, 126)
 3:29.50  teal       2.0   2.0  2.0  2.0  2.0   (930, 270, 180, 90)
 3:29.50  blue       2.0   2.0  2.0  2.0  2.0   (746, 300, 150, 126)
 3:30.00  teal       2.0   2.0  2.0  2.0  2.0   (930, 270, 180, 90)
 3:30.00  blue       2.0   2.0  2.0  2.0  2.0   (746, 300, 150, 126)
 3:30.50  teal       2.0   2.0  2.0  2.0  2.0   (930, 270, 180, 90)
 3:30.50  blue       2.0   2.0  2.0  2.0  2.0   (746, 300, 150, 126)
 3:31.00  teal       2.0   2.0  2.0  2.0  2.0   (930, 270, 180, 90)
 3:31.00  blue       2.0   2.0  2.0  2.0  2.0   (746, 300, 150, 126)
 3:31.50  teal       2.0   2.0  2.0  2.0  2.0   (930, 270, 180, 90)
 3:31.50  blue       2.0   2.0  2.0  2.0  2.0   (746, 300, 150, 126)
 3:32.00  teal       2.0   2.0  2.0  2.0  2.0   (930, 270, 180, 90)
 3:32.00  blue       2.0   2.0  2.0  2.0  2.0   (746, 300, 150, 126)
 3:32.50  teal       2.0   2.0  2.0  2.0  2.0   (930, 270, 180, 90)
 3:32.50  blue       2.0   2.0  2.0  2.0  2.0   (746, 300, 150, 126)
 3:33.00  teal       2.0   2.0  2.0  2.0  2.0   (930, 270, 180, 90)
 3:33.00  blue       2.0   2.0  2.0  2.0  2.0   (746, 300, 150, 126)
 3:33.50  teal       2.0   2.0  2.0  2.0  2.0   (930, 270, 180, 90)
 3:33.50  blue       2.0   2.0  2.0  2.0  2.0   (746, 300, 150, 126)
 3:34.00  teal       2.0   2.0  2.0  2.0  2.0   (930, 270, 180, 90)
 3:34.00  blue       2.0   2.0  2.0  2.0  2.0   (746, 300, 150, 126)
 3:34.50  teal       2.0   2.0  2.0  2.0  2.0   (930, 270, 180, 90)
 3:34.50  blue       2.0   2.0  2.0  2.0  2.0   (746, 300, 150, 126)
 3:35.00  teal       2.0   2.0  2.0  2.0  2.0   (930, 270, 180, 90)
 3:35.00  blue       2.0   2.0  2.0  2.0  2.0   (746, 300, 150, 126)
 3:35.50  teal       2.0   2.0  2.0  2.0  2.0   (930, 270, 180, 90)
 3:35.50  blue       2.0   2.0  2.0  2.0  2.0   (746, 300, 150, 126)
 3:36.00  teal       2.0   2.0  2.0  2.0  2.0   (930, 270, 180, 90)
 3:36.00  blue       2.0   2.0  2.0  2.0  2.0   (746, 300, 150, 126)
 3:36.50  teal       2.0   2.0  2.0  2.0  2.0   (930, 270, 180, 90)
 3:36.50  blue       2.0   2.0  2.0  2.0  2.0   (746, 300, 150, 126)
 3:37.00  teal       2.0   2.0  2.0  2.0  2.0   (930, 270, 180, 90)
 3:37.00  blue       2.0   2.0  2.0  2.0  2.0   (746, 300, 150, 126)
 3:37.50  teal       2.0   2.0  2.0  2.0  2.0   (930, 270, 180, 90)
 3:37.50  blue       2.0   2.0  2.0  2.0  2.0   (746, 300, 150, 126)
 3:38.00  teal       2.0   2.0  2.0  2.0  2.0   (930, 270, 180, 90)
 3:38.00  blue       2.0   2.0  2.0  2.0  2.0   (746, 300, 150, 126)
 3:38.50  teal       2.0   2.0  2.0  2.0  2.0   (930, 270, 180, 90)
 3:38.50  blue       2.0   2.0  2.0  2.0  2.0   (746, 300, 150, 126)
 3:39.00  teal       2.0   2.0  2.0  2.0  2.0   (930, 270, 180, 90)
 3:39.00  blue       2.0   2.0  2.0  2.0  2.0   (746, 300, 150, 126)
 3:39.50  teal       2.0   2.0  2.0  2.0  2.0   (930, 270, 180, 90)
 3:39.50  blue       2.0   2.0  2.0  2.0  2.0   (746, 300, 150, 126)
 3:40.00  teal       2.0   2.0  2.0  2.0  2.0   (930, 270, 180, 90)
 3:40.00  blue       2.0   2.0  2.0  2.0  2.0   (746, 300, 150, 126)

# 477 ring samples in 175 runs; stroke histogram (rounded px): 2 px: 319, 3 px: 52, 4 px: 106
# runs (start, end, color, median stroke, min-max, samples)
 0:00.00 -  0:23.00  blue      2.0   2.0- 2.0   47
 0:00.00 -  0:00.00  purple    2.0   2.0- 2.0    1
 0:00.00 -  0:00.00  purple    2.0   2.0- 2.0    1
 0:00.00 -  0:00.00  purple    2.0   2.0- 2.0    1
 0:00.50 -  0:00.50  purple    2.0   2.0- 2.0    1
 0:00.50 -  0:00.50  purple    2.0   2.0- 2.0    1
 0:00.50 -  0:00.50  purple    2.0   2.0- 2.0    1
 0:01.00 -  0:01.00  purple    2.0   2.0- 2.0    1
 0:01.00 -  0:01.00  purple    2.0   2.0- 2.0    1
 0:01.00 -  0:01.00  purple    2.0   2.0- 2.0    1
 0:01.50 -  0:01.50  purple    2.0   2.0- 2.0    1
 0:01.50 -  0:01.50  purple    2.0   2.0- 2.0    1
 0:01.50 -  0:01.50  purple    2.0   2.0- 2.0    1
 0:02.00 -  0:02.00  purple    2.0   2.0- 2.0    1
 0:02.00 -  0:02.00  purple    2.0   2.0- 2.0    1
 0:02.00 -  0:02.00  purple    2.0   2.0- 2.0    1
 0:02.50 -  0:02.50  purple    2.0   2.0- 2.0    1
 0:02.50 -  0:02.50  purple    2.0   2.0- 2.0    1
 0:02.50 -  0:02.50  purple    2.0   2.0- 2.0    1
 0:03.00 -  0:03.00  purple    2.0   2.0- 2.0    1
 0:03.00 -  0:03.00  purple    2.0   2.0- 2.0    1
 0:03.00 -  0:03.00  purple    2.0   2.0- 2.0    1
 0:03.50 -  0:03.50  purple    2.0   2.0- 2.0    1
 0:03.50 -  0:03.50  purple    2.0   2.0- 2.0    1
 0:03.50 -  0:03.50  purple    2.0   2.0- 2.0    1
 0:04.00 -  0:04.00  purple    2.0   2.0- 2.0    1
 0:04.00 -  0:04.00  purple    2.0   2.0- 2.0    1
 0:04.00 -  0:04.00  purple    2.0   2.0- 2.0    1
 0:04.50 -  0:04.50  purple    2.0   2.0- 2.0    1
 0:04.50 -  0:04.50  purple    2.0   2.0- 2.0    1
 0:04.50 -  0:04.50  purple    2.0   2.0- 2.0    1
 0:05.00 -  0:05.00  purple    2.0   2.0- 2.0    1
 0:05.00 -  0:05.00  purple    2.0   2.0- 2.0    1
 0:05.00 -  0:05.00  purple    2.0   2.0- 2.0    1
 0:05.50 -  0:05.50  purple    2.0   2.0- 2.0    1
 0:05.50 -  0:05.50  purple    2.0   2.0- 2.0    1
 0:05.50 -  0:05.50  purple    2.0   2.0- 2.0    1
 0:06.00 -  0:06.00  purple    2.0   2.0- 2.0    1
 0:06.00 -  0:06.00  purple    2.0   2.0- 2.0    1
 0:06.00 -  0:06.00  purple    2.0   2.0- 2.0    1
 0:06.50 -  0:06.50  purple    2.0   2.0- 2.0    1
 0:06.50 -  0:06.50  purple    2.0   2.0- 2.0    1
 0:06.50 -  0:06.50  purple    2.0   2.0- 2.0    1
 0:07.00 -  0:07.00  purple    2.0   2.0- 2.0    1
 0:07.00 -  0:07.00  purple    2.0   2.0- 2.0    1
 0:07.00 -  0:07.00  purple    2.0   2.0- 2.0    1
 0:07.50 -  0:07.50  purple    2.0   2.0- 2.0    1
 0:07.50 -  0:07.50  purple    2.0   2.0- 2.0    1
 0:07.50 -  0:07.50  purple    2.0   2.0- 2.0    1
 0:08.00 -  0:08.00  purple    2.0   2.0- 2.0    1
 0:08.00 -  0:08.00  purple    2.0   2.0- 2.0    1
 0:08.00 -  0:08.00  purple    2.0   2.0- 2.0    1
 0:08.50 -  0:08.50  purple    2.0   2.0- 2.0    1
 0:08.50 -  0:08.50  purple    2.0   2.0- 2.0    1
 0:08.50 -  0:08.50  purple    2.0   2.0- 2.0    1
 0:09.00 -  0:09.00  purple    2.0   2.0- 2.0    1
 0:09.00 -  0:09.00  purple    2.0   2.0- 2.0    1
 0:09.00 -  0:09.00  purple    2.0   2.0- 2.0    1
 0:09.50 -  0:09.50  purple    2.0   2.0- 2.0    1
 0:09.50 -  0:09.50  purple    2.0   2.0- 2.0    1
 0:09.50 -  0:09.50  purple    2.0   2.0- 2.0    1
 0:10.00 -  0:10.00  purple    2.0   2.0- 2.0    1
 0:10.00 -  0:10.00  purple    2.0   2.0- 2.0    1
 0:10.00 -  0:10.00  purple    2.0   2.0- 2.0    1
 0:10.50 -  0:10.50  purple    2.0   2.0- 2.0    1
 0:10.50 -  0:10.50  purple    2.0   2.0- 2.0    1
 0:10.50 -  0:10.50  purple    2.0   2.0- 2.0    1
 0:11.00 -  0:11.00  purple    2.0   2.0- 2.0    1
 0:11.00 -  0:11.00  purple    2.0   2.0- 2.0    1
 0:11.00 -  0:11.00  purple    2.0   2.0- 2.0    1
 0:11.50 -  0:11.50  purple    2.0   2.0- 2.0    1
 0:11.50 -  0:11.50  purple    2.0   2.0- 2.0    1
 0:11.50 -  0:11.50  purple    2.0   2.0- 2.0    1
 0:12.00 -  0:12.00  purple    2.0   2.0- 2.0    1
 0:12.00 -  0:12.00  purple    2.0   2.0- 2.0    1
 0:12.00 -  0:12.00  purple    2.0   2.0- 2.0    1
 0:12.50 -  0:12.50  purple    2.0   2.0- 2.0    1
 0:12.50 -  0:12.50  purple    2.0   2.0- 2.0    1
 0:12.50 -  0:12.50  purple    2.0   2.0- 2.0    1
 0:13.00 -  0:13.00  purple    2.0   2.0- 2.0    1
 0:13.00 -  0:13.00  purple    2.0   2.0- 2.0    1
 0:13.00 -  0:13.00  purple    2.0   2.0- 2.0    1
 0:13.50 -  0:13.50  purple    2.0   2.0- 2.0    1
 0:13.50 -  0:13.50  purple    2.0   2.0- 2.0    1
 0:13.50 -  0:13.50  purple    2.0   2.0- 2.0    1
 0:14.00 -  0:14.00  purple    2.0   2.0- 2.0    1
 0:14.00 -  0:14.00  purple    2.0   2.0- 2.0    1
 0:14.00 -  0:14.00  purple    2.0   2.0- 2.0    1
 0:14.50 -  0:14.50  purple    2.0   2.0- 2.0    1
 0:14.50 -  0:14.50  purple    2.0   2.0- 2.0    1
 0:14.50 -  0:14.50  purple    2.0   2.0- 2.0    1
 0:15.00 -  0:15.00  purple    2.0   2.0- 2.0    1
 0:15.00 -  0:15.00  purple    2.0   2.0- 2.0    1
 0:15.00 -  0:15.00  purple    2.0   2.0- 2.0    1
 0:15.50 -  0:15.50  purple    2.0   2.0- 2.0    1
 0:15.50 -  0:15.50  purple    2.0   2.0- 2.0    1
 0:15.50 -  0:15.50  purple    2.0   2.0- 2.0    1
 0:16.00 -  0:16.00  purple    2.0   2.0- 2.0    1
 0:16.00 -  0:16.00  purple    2.0   2.0- 2.0    1
 0:16.00 -  0:16.00  purple    2.0   2.0- 2.0    1
 0:16.50 -  0:16.50  purple    2.0   2.0- 2.0    1
 0:16.50 -  0:16.50  purple    2.0   2.0- 2.0    1
 0:16.50 -  0:16.50  purple    2.0   2.0- 2.0    1
 0:17.00 -  0:17.00  purple    2.0   2.0- 2.0    1
 0:17.00 -  0:17.00  purple    2.0   2.0- 2.0    1
 0:17.00 -  0:17.00  purple    2.0   2.0- 2.0    1
 0:17.50 -  0:17.50  purple    2.0   2.0- 2.0    1
 0:17.50 -  0:17.50  purple    2.0   2.0- 2.0    1
 0:17.50 -  0:17.50  purple    2.0   2.0- 2.0    1
 0:18.00 -  0:18.00  purple    2.0   2.0- 2.0    1
 0:18.00 -  0:18.00  purple    2.0   2.0- 2.0    1
 0:18.00 -  0:18.00  purple    2.0   2.0- 2.0    1
 0:18.50 -  0:18.50  purple    2.0   2.0- 2.0    1
 0:18.50 -  0:18.50  purple    2.0   2.0- 2.0    1
 0:18.50 -  0:18.50  purple    2.0   2.0- 2.0    1
 0:19.00 -  0:19.00  purple    2.0   2.0- 2.0    1
 0:19.00 -  0:19.00  purple    2.0   2.0- 2.0    1
 0:19.00 -  0:19.00  purple    2.0   2.0- 2.0    1
 0:19.50 -  0:19.50  purple    2.0   2.0- 2.0    1
 0:19.50 -  0:19.50  purple    2.0   2.0- 2.0    1
 0:19.50 -  0:19.50  purple    2.0   2.0- 2.0    1
 0:20.00 -  0:20.00  purple    2.0   2.0- 2.0    1
 0:20.00 -  0:20.00  purple    2.0   2.0- 2.0    1
 0:20.00 -  0:20.00  purple    2.0   2.0- 2.0    1
 0:20.50 -  0:20.50  purple    2.0   2.0- 2.0    1
 0:20.50 -  0:20.50  purple    2.0   2.0- 2.0    1
 0:20.50 -  0:20.50  purple    2.0   2.0- 2.0    1
 0:21.00 -  0:21.00  purple    2.0   2.0- 2.0    1
 0:21.00 -  0:21.00  purple    2.0   2.0- 2.0    1
 0:21.00 -  0:21.00  purple    2.0   2.0- 2.0    1
 0:21.50 -  0:21.50  purple    2.0   2.0- 2.0    1
 0:21.50 -  0:21.50  purple    2.0   2.0- 2.0    1
 0:21.50 -  0:21.50  purple    2.0   2.0- 2.0    1
 0:22.00 -  0:22.00  purple    2.0   2.0- 2.0    1
 0:22.00 -  0:22.00  purple    2.0   2.0- 2.0    1
 0:22.00 -  0:22.00  purple    2.0   2.0- 2.0    1
 0:22.50 -  0:22.50  purple    2.0   2.0- 2.0    1
 0:22.50 -  0:22.50  purple    2.0   2.0- 2.0    1
 0:22.50 -  0:22.50  purple    2.0   2.0- 2.0    1
 0:23.00 -  0:23.00  purple    2.0   2.0- 2.0    1
 0:23.00 -  0:23.00  purple    2.0   2.0- 2.0    1
 0:23.00 -  0:23.00  purple    2.0   2.0- 2.0    1
 0:38.50 -  0:42.50  red       2.5   2.5- 2.5    9
 0:43.00 -  0:46.50  teal      3.5   3.5- 3.5    8
 0:47.00 -  0:51.00  blue      2.0   2.0- 2.0    9
 0:56.50 -  0:59.00  teal      3.5   3.5- 3.5    6
 0:56.50 -  0:59.00  amber     2.0   2.0- 2.0    6
 0:59.50 -  1:02.50  blue      2.0   2.0- 2.0    7
 0:59.50 -  1:02.50  amber     2.5   2.5- 2.5    7
 1:03.00 -  1:06.00  violet    3.0   3.0- 3.0    7
 1:17.00 -  1:24.50  violet    4.0   4.0- 4.0   16
 1:24.50 -  1:24.50  violet    4.0   4.0- 4.0    1
 1:25.00 -  1:25.00  violet    4.0   4.0- 4.0    1
 1:25.00 -  1:25.00  violet    4.0   4.0- 4.0    1
 1:25.50 -  1:25.50  violet    4.0   4.0- 4.0    1
 1:25.50 -  1:25.50  violet    4.0   4.0- 4.0    1
 1:26.00 -  1:26.00  violet    4.0   4.0- 4.0    1
 1:26.00 -  1:26.00  violet    4.0   4.0- 4.0    1
 1:26.50 -  1:26.50  violet    4.0   4.0- 4.0    1
 1:26.50 -  1:26.50  violet    4.0   4.0- 4.0    1
 1:27.00 -  1:29.50  violet    4.0   4.0- 4.0    6
 1:30.00 -  1:42.50  violet    3.0   3.0- 3.0   26
 1:46.00 -  1:52.00  blue      2.0   2.0- 2.0   13
 1:52.50 -  2:01.50  purple    3.0   3.0- 3.0   19
 2:02.00 -  2:06.50  red       2.0   2.0- 2.0   10
 2:07.00 -  2:11.50  blue      4.0   4.0- 4.0   10
 2:12.00 -  2:16.50  purple    2.0   2.0- 2.0   10
 2:20.50 -  2:33.00  amber     4.0   4.0- 4.0   26
 2:30.00 -  2:33.00  blue      4.0   4.0- 4.0    7
 2:42.00 -  2:43.50  violet    4.0   4.0- 4.0    4
 3:10.00 -  3:16.50  blue      4.0   4.0- 4.0   14
 3:22.50 -  3:26.00  violet    2.0   2.0- 2.0    8
 3:26.50 -  3:28.00  violet    2.0   2.0- 2.0    4
 3:28.50 -  3:40.00  teal      2.0   2.0- 2.0   24
 3:28.50 -  3:40.00  blue      2.0   2.0- 2.0   24
