    0.00     0.52 0.57  writing,
    0.86     1.38 0.99  planning,
    1.72     2.26 0.99  summarizing,
    2.26     2.52 0.98  or
    2.52     2.74 1.00  coding.
    3.46     3.64 0.98  It
    3.64     4.06 0.84  will
    4.06     4.60 0.99  attempt
    4.60     4.84 1.00  the
    4.84     5.00 1.00  work.
    5.94     6.20 0.98  But
    6.20     6.42 0.88  a
    6.42     6.72 0.99  task
    6.72     6.94 0.79  in
    6.94     7.18 0.93  AI
    7.18     7.56 0.85  can
    7.56     8.00 0.98  try
    8.00     8.60 0.93  is
    8.60     8.82 1.00  not
    8.82     9.00 1.00  the
    9.00     9.22 1.00  same
    9.22     9.36 0.99  as
    9.36     9.42 0.97  a
    9.42     9.68 1.00  task
    9.68     9.96 0.99  it
    9.96    10.06 0.97  is
   10.06    10.28 1.00  built
   10.28    10.60 1.00  for.
   11.32    11.50 1.00  We
   11.50    11.64 1.00  saw
   11.64    11.82 0.99  this
   11.82    12.02 0.50  first
   12.02    12.28 0.52  hand
   12.28    12.52 0.99  building
   12.52    12.78 0.99  this
   12.78    12.98 1.00  course.
   13.78    13.88 0.93  The
   13.88    14.12 0.99  AI
   14.12    14.64 1.00  successfully
   14.64    15.12 0.99  coded
   15.12    15.64 1.00  every
   15.64    16.08 0.99  single
   16.08    16.40 0.98  page
   16.40    16.58 0.64  in
   16.58    16.86 0.89  interaction
   16.86    17.18 0.86  you
   17.18    17.36 1.00  see,
   17.74    18.04 1.00  proving
   18.04    18.24 0.91  its
   18.24    18.62 1.00  mechanical
   18.62    19.16 0.97  competence.
   19.78    20.30 1.00  This
   20.30    20.52 0.99  graphic
   20.52    20.86 1.00  shows
   20.86    21.06 1.00  the
   21.06    21.32 0.97  performance
   21.32    21.66 1.00  gap.
   22.34    22.46 0.99  The
   22.46    22.68 0.99  AI
   22.68    23.14 1.00  earned
   23.14    23.28 0.98  an
   23.28    23.52 0.89  A
   23.52    23.74 0.41  plus
   23.74    24.00 1.00  for
   24.00    24.08 0.99  the
   24.08    24.28 0.99  course
   24.28    24.54 0.99  code.
   25.02    25.26 1.00  But
   25.26    25.40 0.99  when
   25.40    25.48 1.00  it
   25.48    25.58 0.99  wrote
   25.58    25.76 1.00  the
   25.76    25.98 1.00  first
   25.98    26.20 0.87  drafts
   26.20    26.46 0.99  of
   26.46    26.52 1.00  the
   26.52    26.80 0.96  lessons,
   27.40    27.58 0.99  it
   27.58    27.74 1.00  earned
   27.74    27.88 0.99  a
   27.88    28.02 0.99  C
   28.02    28.32 0.95  minus.
   29.04    29.28 0.40  It
   29.28    29.42 0.87  made
   29.42    29.66 0.99  points
   29.66    30.00 0.99  in
   30.00    30.06 1.00  the
   30.06    30.24 0.99  wrong
   30.24    30.60 1.00  order,
   31.08    31.34 0.99  added
   31.34    31.76 1.00  explanations
   31.76    32.28 1.00  that
   32.28    32.48 0.98  missed
   32.48    32.72 1.00  what
   32.72    32.80 1.00  we
   32.80    33.00 0.99  meant,
   33.42    33.62 1.00  and
   33.62    33.78 0.99  had
   33.78    34.00 0.99  no
   34.00    34.28 0.99  real
   34.28    34.64 0.96  feel
   34.64    34.90 0.98  for
   34.90    35.12 1.00  how
   35.12    35.28 0.99  a
   35.28    35.50 1.00  lesson
   35.50    35.72 0.99  should
   35.72    35.98 1.00  flow.
   36.92    37.24 0.90  Same
   37.24    37.42 0.99  AI,
   37.90    38.34 0.99  different
   38.34    38.62 0.99  jobs,
   39.10    39.32 0.99  different
   39.32    39.62 1.00  results.
   40.78    40.94 0.99  The
   40.94    41.16 0.99  AI
   41.16    41.50 1.00  could
   41.50    41.96 1.00  perfectly
   41.96    42.40 1.00  test
   42.40    42.62 1.00  a
   42.62    42.86 0.98  digital
   42.86    43.20 1.00  button,
   43.66    43.92 1.00  but
   43.92    44.08 0.99  it
   44.08    44.40 0.82  struggled
   44.40    44.70 1.00  to
   44.70    45.30 0.99  organically
   45.30    45.64 0.99  order
   45.64    45.98 1.00  ideas
   45.98    46.26 1.00  for
   46.26    46.46 1.00  human
   46.46    46.84 1.00  comprehension.
   47.86    48.02 1.00  Those
   48.02    48.22 0.99  drafts
   48.22    48.50 0.99  were
   48.50    48.66 1.00  not
   48.66    48.84 0.99  good
   48.84    48.98 1.00  enough
   48.98    49.18 1.00  to
   49.18    49.36 1.00  use,
   49.78    50.00 1.00  which
   50.00    50.16 1.00  meant
   50.16    50.48 0.99  we
   50.48    50.72 1.00  had
   50.72    50.84 1.00  to
   50.84    51.04 1.00  step
   51.04    51.26 0.99  in
   51.26    51.40 0.97  and
   51.40    51.60 1.00  decide
   51.60    51.94 1.00  what
   51.94    52.20 1.00  worked
   52.20    52.46 0.95  and
   52.46    52.70 1.00  what
   52.70    52.88 1.00  needed
   52.88    53.10 1.00  to
   53.10    53.32 1.00  change.
   54.04    54.60 0.30  AI
   54.60    55.00 0.93  is
   55.00    55.10 0.98  an
   55.10    55.34 0.99  effective
   55.34    55.70 0.99  starting
   55.70    56.06 1.00  point,
   56.46    56.66 0.99  but
   56.66    56.88 1.00  you
   56.88    57.08 0.99  have
   57.08    57.24 1.00  to
   57.24    57.38 1.00  know
   57.38    57.64 0.98  exactly
   57.64    58.26 1.00  where
   58.26    58.38 1.00  to
   58.38    58.66 1.00  deploy
   58.66    58.88 1.00  it.
   59.48    59.60 0.94  There
   59.60    59.76 1.00  are
   59.76    60.06 0.95  four
   60.06    60.54 1.00  specific
   60.54    60.90 0.99  strengths
   60.90    61.26 0.98  you
   61.26    61.40 1.00  can
   61.40    61.54 1.00  put
   61.54    61.66 1.00  to
   61.66    61.82 1.00  work.
   62.74    62.94 0.81  The
   62.94    63.10 1.00  first
   63.10    63.36 0.95  strength
   63.36    63.62 1.00  is
   63.62    64.32 0.95  reshape
   64.32    64.40 1.00  your
   64.40    64.82 1.00  material.
   65.54    65.68 1.00  This
   65.68    65.84 1.00  fits
   65.84    66.08 0.99  AI
   66.08    66.42 0.97  because
   66.42    66.60 0.99  the
   66.60    66.88 1.00  system
   66.88    67.08 1.00  has
   67.08    67.32 1.00  learned
   67.32    67.68 1.00  deep
   67.68    68.10 1.00  patterns
   68.10    68.36 1.00  for
   68.36    68.64 1.00  presenting
   68.64    69.12 1.00  identical
   69.12    69.68 1.00  ideas
   69.68    69.98 1.00  in
   69.98    70.18 1.00  many
   70.18    70.56 1.00  different
   70.56    70.94 1.00  formats.
   71.74    71.94 1.00  This
   71.94    72.52 0.98  reshape
   72.52    72.64 0.99  your
   72.64    73.06 1.00  material
   73.06    73.48 0.91  infographic
   73.48    74.08 1.00  shows
   74.08    74.30 0.99  the
   74.30    74.60 1.00  practice.
   75.40    75.70 0.99  Give
   75.70    75.96 0.98  AI
   75.96    76.38 1.00  something
   76.38    76.66 1.00  you
   76.66    76.92 1.00  have
   76.92    77.20 0.92  and
   77.20    77.40 1.00  ask
   77.40    77.68 1.00  for
   77.68    77.82 1.00  a
   77.82    78.04 1.00  different
   78.04    78.42 1.00  form,
   78.72    79.04 1.00  strictly
   79.04    79.36 0.99  keeping
   79.36    79.62 1.00  your
   79.62    79.82 1.00  meaning.
   80.52    81.00 0.94  Organize
   81.00    81.18 0.92  messy
   81.18    81.48 1.00  notes
   81.48    81.72 1.00  into
   81.72    81.86 1.00  a
   81.86    82.04 0.99  study
   82.04    82.30 1.00  guide.
   82.30    83.02 0.21  Turn
   83.02    83.14 0.98  a
   83.14    83.38 0.68  voice
   83.38    83.58 0.99  memo
   83.58    83.96 0.99  into
   83.96    84.10 0.99  a
   84.10    84.22 0.91  to
   84.22    84.32 0.88 -do
   84.32    84.52 1.00  list,
   84.98    85.16 1.00  or
   85.16    85.50 0.98  rewrite
   85.50    85.98 1.00  instructions
   85.98    86.46 1.00  into
   86.46    86.70 0.99  plain
   86.70    87.04 0.83  text.
   87.74    87.92 0.83  Your
   87.92    88.16 0.99  material?
   88.72    88.90 0.99  A
   88.90    89.04 1.00  more
   89.04    89.30 1.00  useful
   89.30    89.68 1.00  form.
   90.96    91.06 0.95  The
   91.06    91.30 1.00  second
   91.30    91.56 0.99  strength
   91.56    91.82 1.00  is
   91.82    92.28 0.49  explore
   92.28    92.76 0.99  possibilities.
   93.70    94.00 0.92  AI
   94.00    94.34 1.00  has
   94.34    94.54 1.00  learned
   94.54    94.86 1.00  patterns
   94.86    95.16 1.00  from
   95.16    95.48 0.99  thousands
   95.48    95.88 1.00  of
   95.88    96.20 1.00  examples
   96.20    96.78 0.75  and
   96.78    96.92 1.00  can
   96.92    97.18 1.00  combine
   97.18    97.42 1.00  them
   97.42    97.62 1.00  in
   97.62    98.02 0.99  entirely
   98.02    98.42 1.00  new
   98.42    98.66 1.00  ways.
   99.38    99.66 0.99  Looking
   99.66    99.84 1.00  at
   99.84    99.96 1.00  this
   99.96   100.42 0.54  explore
  100.42   100.88 0.99  possibilities
  100.88   101.34 0.99  graphic,
  101.82   101.96 1.00  you
  101.96   102.10 0.99  see
  102.10   102.24 1.00  the
  102.24   102.44 0.98  core
  102.44   102.84 1.00  function.
  103.68   103.86 0.96  When
  103.86   104.14 0.98  stuck,
  104.40   104.72 1.00  ask
  104.72   104.94 1.00  the
  104.94   105.16 0.99  AI
  105.16   105.46 1.00  to
  105.46   105.64 1.00  act
  105.64   106.02 1.00  as
  106.02   106.16 0.99  a
  106.16   106.76 0.99  brainstorming
  106.76   106.96 1.00  partner.
  107.72   108.16 0.95  Brainstorm
  108.16   108.40 0.93  different
  108.40   108.82 1.00  angles
  108.82   109.08 1.00  for
  109.08   109.16 1.00  an
  109.16   109.38 0.99  essay,
  109.84   110.14 0.03  suggest
  110.14   110.42 0.99  names
  110.42   110.66 1.00  for
  110.66   110.76 0.98  a
  110.76   111.02 0.97  club,
  111.50   111.62 1.00  or
  111.62   111.82 0.92  try
  111.82   112.10 1.00  different
  112.10   112.54 0.98  openings
  112.54   112.76 1.00  for
  112.76   112.82 0.98  a
  112.82   113.14 0.99  story.
  114.02   114.22 0.81  More
  114.22   114.58 1.00  possibilities.
  115.60   115.66 0.98  You
  115.66   115.86 0.99  choose
  115.86   116.06 1.00  the
  116.06   116.26 1.00  direction,
  116.72   117.02 0.94  acting
  117.02   117.26 0.73  as
  117.26   117.36 1.00  the
  117.36   117.54 0.99  editor.
  118.84   118.96 0.98  The
  118.96   119.16 0.99  third
  119.16   119.46 0.98  strength
  119.46   119.72 1.00  is
  119.72   120.08 0.39  find
  120.08   120.40 0.96  what
  120.40   120.70 1.00  matters.
  121.44   121.68 0.95  AI
  121.68   121.98 1.00  can
  121.98   122.12 1.00  look
  122.12   122.26 0.99  at
  122.26   122.34 1.00  a
  122.34   122.56 1.00  lot
  122.56   122.70 1.00  of
  122.70   123.00 1.00  information
  123.00   123.44 0.97  and
  123.44   123.64 1.00  tell
  123.64   123.82 1.00  you
  123.82   124.00 1.00  which
  124.00   124.24 1.00  parts
  124.24   124.50 1.00  are
  124.50   124.76 1.00  unique.
  125.70   126.10 0.97  AI
  126.10   126.42 0.99  fits
  126.42   126.64 1.00  this
  126.64   126.92 1.00  role
  126.92   127.22 0.92  because
  127.22   127.36 1.00  it
  127.36   127.50 1.00  can
  127.50   127.84 1.00  rapidly
  127.84   128.44 1.00  scan
  128.44   129.00 1.00  massive
  129.00   129.38 1.00  volumes
  129.38   129.68 1.00  of
  129.68   129.92 0.99  text
  129.92   130.34 0.99  to
  130.34   130.52 1.00  map
  130.52   130.74 1.00  the
  130.74   131.04 0.99  connections
  131.04   131.46 1.00  between
  131.46   131.78 1.00  related
  131.78   132.22 1.00  ideas.
  133.06   133.26 0.99  This
  133.26   133.60 0.27  find
  133.60   133.94 0.99  what
  133.94   134.24 1.00  matters
  134.24   134.88 0.92  infographic
  134.88   135.22 1.00  outlines
  135.22   135.54 1.00  the
  135.54   135.84 1.00  process.
  136.71   137.00 0.14  Give
  137.00   137.24 0.97  the
  137.24   137.42 0.97  AI
  137.42   137.82 0.98  long
  137.82   138.28 0.99  documents
  138.28   138.70 0.95  and
  138.70   138.88 1.00  tell
  138.88   139.04 0.99  it
  139.04   139.24 0.99  exactly
  139.24   139.74 1.00  what
  139.74   139.86 1.00  you
  139.86   139.96 1.00  need
  139.96   140.08 1.00  to
  140.08   140.24 1.00  know.
  140.88   141.00 0.97  It
  141.00   141.48 0.97  isolates
  141.48   141.76 1.00  specific
  141.76   142.18 1.00  details
  142.18   142.58 0.85  so
  142.58   142.76 0.99  you
  142.76   142.92 1.00  know
  142.92   143.06 1.00  where
  143.06   143.14 1.00  to
  143.14   143.38 1.00  focus.
  144.12   144.40 0.70  Pull
  144.40   144.60 0.93  main
  144.60   144.94 1.00  ideas
  144.94   145.18 1.00  from
  145.18   145.26 1.00  a
  145.26   145.50 0.92  textbook,
  146.10   146.32 0.93  find
  146.32   146.74 0.99  scholarship
  146.74   147.14 1.00  requirements,
  147.76   147.78 1.00  or
  147.78   148.20 0.97  summarize
  148.20   148.44 1.00  a
  148.44   148.72 0.99  handbook.
  149.44   149.54 0.90  A
  149.54   149.76 0.93  clearer
  149.76   150.12 1.00  place
  150.12   150.26 1.00  to
  150.26   150.44 1.00  focus.
  151.72   151.72 0.92  The
  151.72   151.98 0.98  fourth
  151.98   152.34 1.00  strength
  152.34   152.70 1.00  is
  152.70   152.96 0.93  work
  152.96   153.18 0.73 -through
  153.18   153.50 0.93  problems.
  154.32   154.66 0.99  During
  154.66   154.90 1.00  training,
  155.08   155.40 0.98  AI
  155.40   155.76 1.00  saw
  155.76   155.96 1.00  many
  155.96   156.36 1.00  examples
  156.36   156.66 1.00  of
  156.66   156.80 1.00  how
  156.80   157.04 1.00  people
  157.04   157.38 0.96  connected
  157.38   157.92 1.00  ideas,
  158.24   158.48 0.96  worked
  158.48   158.76 0.90 -through
  158.76   159.10 1.00  problems,
  159.16   159.46 1.00  and
  159.46   159.64 1.00  found
  159.64   159.96 1.00  solutions.
  160.76   161.14 1.00  As
  161.14   161.28 1.00  this
  161.28   161.70 0.22  work
  161.70   162.00 0.99 -through
  162.00   162.38 0.89  problems
  162.38   162.72 0.90  infographic
  162.72   163.32 1.00  shows,
  163.76   164.02 0.25  you
  164.02   164.28 0.98  tell
  164.28   164.44 0.99  the
  164.44   164.60 0.96  AI
  164.60   164.86 0.99  your
  164.86   165.10 1.00  goal
  165.10   165.38 0.92  and
  165.38   165.58 0.99  what
  165.58   165.68 0.99  is
  165.68   165.84 1.00  getting
  165.84   166.00 1.00  in
  166.00   166.06 1.00  the
  166.06   166.24 1.00  way.
  166.90   167.04 0.99  It
  167.04   167.22 1.00  breaks
  167.22   167.42 1.00  the
  167.42   167.68 1.00  problem
  167.68   167.94 1.00  down
  167.94   168.24 0.99  into
  168.24   168.60 1.00  sequential
  168.60   169.12 1.00  steps.
  169.64   169.98 0.99  Plan
  169.98   170.16 1.00  a
  170.16   170.32 1.00  trip
  170.32   170.52 1.00  on
  170.52   170.58 1.00  a
  170.58   170.86 1.00  budget,
  171.18   171.70 1.00  troubleshoot
  171.70   171.88 1.00  code,
  172.22   172.30 1.00  or
  172.30   172.52 0.99  compare
  172.52   172.94 1.00  colleges.
  173.86   174.02 0.99  The
  174.02   174.26 0.98  AI
  174.26   174.64 0.99  puts
  174.64   174.92 1.00  pieces
  174.92   175.16 1.00  in
  175.16   175.40 1.00  order,
  175.66   175.78 1.00  but
  175.78   175.98 1.00  you
  175.98   176.28 1.00  validate
  176.28   176.56 1.00  the
  176.56   176.78 1.00  final
  176.78   177.10 1.00  logic.
  177.98   178.40 1.00  All
  178.40   178.54 0.99  of
  178.54   178.64 0.99  these
  178.64   178.94 1.00  strengths
  178.94   179.42 1.00  stem
  179.42   179.66 1.00  from
  179.66   179.74 1.00  a
  179.74   180.10 1.00  single
  180.10   180.52 0.98  underlying
  180.52   181.12 1.00  mechanism,
  181.86   182.10 0.85  vast
  182.10   182.68 1.00  exposure.
  183.38   183.64 1.00  These
  183.64   183.88 1.00  models
  183.88   184.16 1.00  were
  184.16   184.40 1.00  trained
  184.40   184.62 1.00  on
  184.62   184.86 1.00  more
  184.86   185.14 1.00  examples
  185.14   185.46 1.00  of
  185.46   185.76 1.00  code,
  186.20   186.36 1.00  essays,
  186.86   187.12 0.99  stories,
  187.24   187.60 1.00  and
  187.60   187.86 1.00  documents
  188.32   188.58 0.80  than
  188.58   188.66 0.99  a
  188.66   188.88 1.00  human
  188.88   189.08 1.00  could
  189.08   189.28 1.00  read
  189.28   189.48 1.00  in
  189.48   189.56 1.00  a
  189.56   189.80 1.00  lifetime.
  190.60   190.92 1.00  This
  190.92   191.22 0.99  massive
  191.22   191.88 1.00  exposure
  191.88   192.14 1.00  to
  192.14   192.36 1.00  common
  192.36   192.68 1.00  formats
  192.68   192.94 0.07  is
  192.94   193.24 0.99  what
  193.24   193.44 1.00  makes
  193.44   193.60 0.99  the
  193.60   193.78 0.97  AI
  193.78   194.10 0.98  fluent.
  194.80   194.94 0.99  It
  194.94   195.04 0.58  has
  195.04   195.20 0.99  seen
  195.20   195.62 0.99  thousands
  195.62   195.86 0.99  of
  195.86   196.08 0.99  versions
  196.08   196.36 1.00  of
  196.36   196.76 0.91  this
  196.76   197.08 0.99  kind
  197.08   197.28 1.00  of
  197.28   197.46 1.00  thing
  197.46   197.80 1.00  before,
  198.30   198.56 1.00  making
  198.56   198.72 1.00  it
  198.72   198.92 1.00  highly
  198.92   199.42 1.00  effective
  199.42   199.62 0.99  at
  199.62   199.80 1.00  getting
  199.80   199.96 1.00  you
  199.96   200.18 1.00  started
  200.18   200.46 1.00  on
  200.46   200.54 1.00  a
  200.54   200.76 1.00  task.
  201.80   202.04 0.99  This
  202.04   202.30 0.95  text
  202.30   202.66 0.99  banner
  202.66   203.10 1.00  highlights
  203.10   203.32 0.79  a
  203.32   203.60 1.00  necessary
  203.60   204.06 1.00  warning.
  204.72   205.06 0.99  Seeing
  205.06   205.32 1.00  many
  205.32   205.80 1.00  examples
  205.80   206.24 0.99  helps
  206.24   206.52 1.00  the
  206.52   206.70 1.00  AI
  206.70   206.96 0.99  get
  206.96   207.24 1.00  started,
  207.86   208.04 1.00  but
  208.04   208.14 1.00  it
  208.14   208.58 1.00  doesn't
  208.58   208.78 1.00  guarantee
  208.78   209.14 0.98  the
  209.14   209.38 1.00  answer
  209.38   209.56 1.00  is
  209.56   209.76 1.00  right
  209.76   210.30 0.74  or
  210.30   210.50 0.99  that
  210.50   210.60 1.00  it
  210.60   210.74 1.00  fits
  210.74   210.94 1.00  what
  210.94   211.10 1.00  you
  211.10   211.24 1.00  need.
  211.96   212.22 1.00  The
  212.22   212.44 0.99  AI
  212.44   212.78 1.00  lacks
  212.78   213.18 0.99  true
  213.18   213.52 0.98  contextual
  213.52   214.18 1.00  understanding
  214.18   214.52 1.00  of
  214.52   214.64 1.00  your
  214.64   214.92 1.00  specific
  214.92   215.34 1.00  project.
  215.82   216.10 1.00  It
  216.10   216.22 1.00  will
  216.22   216.46 1.00  provide
  216.46   216.66 1.00  the
  216.66   216.90 1.00  framework
  216.90   217.28 0.99  and
  217.28   217.40 1.00  the
  217.40   217.66 1.00  structure,
  218.14   218.32 1.00  but
  218.32   218.46 1.00  the
  218.46   218.74 0.99  ultimate
  218.74   219.32 1.00  responsibility
  219.32   219.76 1.00  and
  219.76   219.96 0.95  judgment
  219.96   220.32 1.00  must
  220.32   220.66 1.00  always
  220.66   221.04 1.00  remain
  221.04   221.24 1.00  with
  221.24   221.38 1.00  you.
  221.94   222.50 0.77  AI
  222.50   222.80 0.99  does
  222.80   223.02 0.82  some
  223.02   223.20 1.00  things
  223.20   223.46 1.00  better
  223.46   223.64 0.99  than
  223.64   223.84 1.00  others.
  224.74   224.74 0.70  Can
  224.74   225.00 0.50  try
  225.00   225.44 0.93  is
  225.44   225.62 1.00  not
  225.62   226.12 0.82  built
  226.12   226.42 0.97  for.
