# does-ai-think.mp4  1280x720  duration=3:40.00  step=0.5s  thr=45.0
# target: fixed 4 px at 720p (6 px at 1080p), Edit Spec section 5 (2026-09-26); widths are SOLID pixels at thr, true width is about +0.5
# time      color    stroke   L    R    T    B    bbox(x,y,w,h)
 0:13.00  gold      13.5  11.0 15.0 12.0 23.0   (588, 355, 180, 185)
 0:13.50  gold      11.0  11.0  8.0 11.0 23.0   (588, 355, 180, 185)
 0:14.00  gold      11.0  11.0  8.0 11.0 23.0   (588, 355, 180, 185)
 0:14.50  gold      11.0  11.0  8.0 11.0 23.0   (588, 355, 180, 185)
 0:15.00  gold      10.5  10.0  7.0 11.0 23.0   (588, 355, 180, 185)
 0:15.50  gold      10.2  10.0  7.0 10.5 23.0   (588, 355, 180, 185)
 0:40.50  gold      15.0  26.0 19.0  3.0 11.0   (404, 390, 290, 80)
 0:41.00  gold      15.0  26.0 19.0  3.0 11.0   (404, 390, 290, 80)
 0:43.50  gold      13.0  19.0 24.0  4.0  7.0   (406, 390, 288, 80)
 0:44.00  gold      15.0  19.0 24.0  4.0 11.0   (404, 390, 290, 80)
 0:44.50  gold      15.0  19.0 24.0  4.0 11.0   (404, 390, 290, 80)
 0:45.00  gold      12.8  17.5 25.0  3.0  8.0   (404, 390, 290, 80)
 0:45.50  gold      11.8  17.5 25.0  3.0  6.0   (404, 390, 290, 80)
 0:46.00  gold      11.8  17.5 25.0  3.0  6.0   (404, 390, 290, 80)
 2:10.00  green      5.0   5.0  5.0  5.0  5.0   (291, 307, 699, 68)
 2:10.50  green      5.0   5.0  5.0  5.0  5.0   (107, 305, 1067, 101)
 2:11.00  green      7.0   7.0  7.0  7.0  7.0   (40, 303, 1202, 115)
 2:11.50  green      7.0   7.0  7.0  7.0  7.0   (40, 303, 1202, 115)
 2:12.00  green      7.0   7.0  7.0  7.0  7.0   (40, 303, 1202, 115)
 2:12.50  green      7.0   7.0  7.0  7.0  7.0   (40, 303, 1202, 115)
 2:13.00  green      7.0   7.0  7.0  7.0  7.0   (40, 303, 1202, 115)
 2:13.50  green      7.0   7.0  7.0  7.0  7.0   (40, 303, 1202, 115)
 2:14.00  green      7.0   7.0  7.0  7.0  7.0   (40, 303, 1202, 115)
 2:14.50  green      7.0   7.0  7.0  7.0  7.0   (40, 303, 1202, 115)
 2:15.00  green      7.0   7.0  7.0  7.0  7.0   (40, 303, 1202, 115)
 2:15.50  green      7.0   7.0  7.0  7.0  7.0   (40, 303, 1202, 115)
 2:16.00  green      7.0   7.0  7.0  7.0  7.0   (40, 303, 1202, 115)
 2:16.50  green      7.0   7.0  7.0  7.0  7.0   (40, 303, 1202, 115)
 2:17.00  green      7.0   7.0  7.0  7.0  7.0   (40, 303, 1202, 115)
 2:17.50  green      7.0   7.0  7.0  7.0  7.0   (40, 303, 1202, 115)
 2:18.00  green      7.0   7.0  7.0  7.0  7.0   (40, 303, 1202, 115)
 2:18.50  green      7.0   7.0  7.0  7.0  7.0   (40, 303, 1202, 115)
 2:19.00  green      7.0   7.0  7.0  7.0  7.0   (40, 303, 1202, 115)
 2:19.50  green      7.0   7.0  7.0  7.0  7.0   (40, 303, 1202, 115)
 2:20.00  green      7.0   7.0  7.0  7.0  6.0   (40, 418, 1202, 114)
 2:20.50  green      7.0   7.0  7.0  7.0  7.0   (40, 335, 1202, 115)
 2:21.00  green      7.0   7.0  7.0  7.0  7.0   (40, 303, 1202, 115)
 2:21.50  green      7.0   7.0  7.0  7.0  7.0   (40, 303, 1202, 115)
 2:22.00  green      7.0   7.0  7.0  7.0  7.0   (40, 303, 1202, 115)
 2:22.50  green      7.0   7.0  7.0  7.0  7.0   (40, 303, 1202, 115)
 2:23.00  green      7.0   7.0  7.0  7.0  7.0   (40, 303, 1202, 115)
 2:23.50  green      7.0   7.0  7.0  7.0  7.0   (40, 303, 1202, 115)
 2:24.00  green      7.0   7.0  7.0  7.0  7.0   (40, 303, 1202, 115)
 2:24.50  green      7.0   7.0  7.0  7.0  7.0   (40, 303, 1202, 115)
 2:25.00  green      7.0   7.0  7.0  7.0  7.0   (40, 303, 1202, 115)
 2:25.50  green      7.0   7.0  7.0  7.0  7.0   (40, 303, 1202, 115)
 2:26.00  green      7.0   7.0  7.0  7.0  7.0   (40, 303, 1202, 115)
 2:26.50  green      7.0   7.0  7.0  7.0  7.0   (40, 303, 1202, 115)
 2:27.00  green      7.0   7.0  7.0  7.0  7.0   (40, 303, 1202, 115)
 2:27.50  green      7.0   7.0  7.0  7.0  7.0   (40, 303, 1202, 115)
 2:28.00  green      7.0   7.0  7.0  7.0  7.0   (40, 303, 1202, 115)
 2:28.50  green      7.0   7.0  7.0  7.0  7.0   (40, 303, 1202, 115)
 2:29.00  green      7.0   7.0  7.0  7.0  7.0   (40, 303, 1202, 115)
 2:29.50  green      7.0   7.0  7.0  7.0  7.0   (40, 303, 1202, 115)
 2:30.00  green      7.0   7.0  7.0  7.0  7.0   (40, 303, 1202, 115)
 2:30.50  green      7.0   7.0  7.0  7.0  7.0   (40, 399, 1202, 114)
 2:31.00  green      7.0   7.0  7.0  7.0  7.0   (40, 306, 1202, 114)
 2:31.50  green      7.0   7.0  7.0  7.0  7.0   (40, 303, 1202, 115)
 2:32.00  green      7.0   7.0  7.0  7.0  7.0   (40, 303, 1202, 115)
 2:32.50  green      7.0   7.0  7.0  7.0  7.0   (40, 303, 1202, 115)
 2:33.00  green      7.0   7.0  7.0  7.0  7.0   (40, 303, 1202, 115)
 2:33.50  green      7.0   7.0  7.0  7.0  7.0   (40, 303, 1202, 115)
 2:34.00  green      7.0   7.0  7.0  7.0  7.0   (40, 303, 1202, 115)
 2:34.50  green      7.0   7.0  7.0  7.0  7.0   (40, 303, 1202, 115)
 2:35.00  green      7.0   7.0  7.0  7.0  7.0   (40, 303, 1202, 115)
 2:35.50  green      7.0   7.0  7.0  7.0  7.0   (40, 303, 1202, 115)
 2:36.00  green      7.0   7.0  7.0  7.0  7.0   (40, 303, 1202, 115)
 2:36.50  green      7.0   7.0  7.0  7.0  7.0   (40, 303, 1202, 115)
 2:37.00  green      7.0   7.0  7.0  7.0  7.0   (40, 303, 1202, 115)
 2:37.50  green      7.0   7.0  7.0  7.0  7.0   (40, 303, 1202, 115)
 2:38.00  green      7.0   7.0  7.0  7.0  7.0   (40, 303, 1202, 115)
 2:38.50  green      7.0   7.0  7.0  7.0  7.0   (40, 303, 1202, 115)
 2:39.00  green      7.0   7.0  7.0  7.0  7.0   (40, 303, 1202, 115)
 2:39.50  green      7.0   7.0  7.0  7.0  6.0   (40, 419, 1202, 113)
 2:40.00  green      7.0   7.0  7.0  7.0  7.0   (40, 349, 1202, 114)
 2:40.50  green      7.0   7.0  7.0  7.0  7.0   (40, 349, 1202, 114)
 2:41.00  green      7.0   7.0  7.0  7.0  7.0   (40, 349, 1202, 114)
 2:41.50  green      7.0   7.0  7.0  7.0  7.0   (40, 349, 1202, 114)
 2:42.00  green      7.0   7.0  7.0  7.0  7.0   (40, 349, 1202, 114)
 2:42.50  green      7.0   7.0  7.0  7.0  7.0   (40, 349, 1202, 114)
 2:43.00  green      7.0   7.0  7.0  7.0  7.0   (40, 349, 1202, 114)
 2:43.50  green      7.0   7.0  7.0  7.0  7.0   (40, 349, 1202, 114)
 2:44.00  green      7.0   7.0  7.0  6.0  7.0   (40, 349, 1202, 114)
 2:44.50  green      7.0   7.0  7.0  7.0  7.0   (40, 349, 1202, 114)
 2:45.00  green      7.0   7.0  7.0  7.0  7.0   (40, 349, 1202, 114)
 2:45.50  green      7.0   7.0  7.0  7.0  7.0   (40, 349, 1202, 114)
 2:46.00  green      7.0   7.0  7.0  7.0  7.0   (40, 349, 1202, 114)
 2:46.50  green      7.0   7.0  7.0  7.0  7.0   (40, 349, 1202, 114)
 2:47.00  green      7.0   7.0  7.0  7.0  7.0   (40, 349, 1202, 114)
 2:47.50  green      7.0   7.0  7.0  7.0  7.0   (40, 349, 1202, 114)
 2:48.00  green      7.0   7.0  7.0  7.0  7.0   (40, 349, 1202, 114)
 2:48.50  green      7.0   7.0  7.0  7.0  7.0   (40, 349, 1202, 114)
 2:49.00  green      7.0   7.0  7.0  7.0  7.0   (40, 349, 1202, 114)
 2:49.50  green      7.0   7.0  7.0  7.0  7.0   (40, 349, 1202, 114)
 2:50.00  green      7.0   7.0  7.0  7.0  7.0   (40, 349, 1202, 114)
 2:50.50  green      7.0   7.0  7.0  7.0  7.0   (40, 349, 1202, 114)
 2:51.00  green      7.0   7.0  7.0  7.0  7.0   (40, 349, 1202, 114)
 2:51.50  green      7.0   7.0  7.0  7.0  7.0   (40, 464, 1202, 115)
 2:52.00  green      7.0   7.0  7.0  7.0  7.0   (40, 464, 1202, 115)
 2:52.50  green      7.0   7.0  7.0  7.0  7.0   (40, 464, 1202, 115)
 2:53.00  green      7.0   7.0  7.0  7.0  7.0   (40, 464, 1202, 115)
 2:53.50  green      7.0   7.0  7.0  7.0  7.0   (40, 464, 1202, 115)
 2:54.00  green      7.0   7.0  7.0  7.0  7.0   (40, 464, 1202, 115)
 2:54.50  green      7.0   7.0  7.0  7.0  7.0   (40, 464, 1202, 115)
 2:55.00  green      7.0   7.0  7.0  7.0  7.0   (40, 464, 1202, 115)
 2:55.50  green      7.0   7.0  7.0  7.0  7.0   (40, 464, 1202, 115)
 2:56.00  green      7.0   7.0  7.0  7.0  7.0   (40, 464, 1202, 115)
 2:56.50  green      7.0   7.0  7.0  7.0  7.0   (40, 464, 1202, 115)
 2:57.00  green      7.0   7.0  7.0  7.0  7.0   (40, 464, 1202, 115)
 2:57.50  green      7.0   7.0  7.0  7.0  7.0   (40, 464, 1202, 115)
 2:58.00  green      7.0   7.0  7.0  7.0  7.0   (40, 464, 1202, 115)
 2:58.50  green      7.0   7.0  7.0  7.0  7.0   (40, 464, 1202, 115)
 2:59.00  green      7.0   7.0  7.0  7.0  7.0   (40, 464, 1202, 115)
 2:59.50  green      7.0   7.0  7.0  7.0  7.0   (40, 464, 1202, 115)
 3:00.00  green      7.0   7.0  7.0  7.0  7.0   (40, 464, 1202, 115)
 3:00.50  green      7.0   7.0  7.0  7.0  7.0   (40, 464, 1202, 115)
 3:01.00  green      7.0   7.0  7.0  7.0  7.0   (40, 464, 1202, 115)
 3:01.50  green      7.0   7.0  7.0  7.0  7.0   (40, 464, 1202, 115)
 3:02.00  green      7.0   7.0  7.0  7.0  7.0   (40, 464, 1202, 115)
 3:02.50  green      7.0   7.0  7.0  7.0  7.0   (40, 464, 1202, 115)
 3:03.00  green      7.0   7.0  7.0  7.0  7.0   (40, 464, 1202, 115)
 3:03.50  green      7.0   7.0  7.0  7.0  7.0   (40, 464, 1202, 115)
 3:04.00  green      7.0   7.0  7.0  7.0  7.0   (40, 464, 1202, 115)
 3:04.50  green      7.0   7.0  7.0  7.0  7.0   (40, 464, 1202, 115)
 3:05.00  violet     4.0   4.0  4.0  4.0  4.0   (156, 636, 969, 64)
 3:15.50  gold       5.2   4.5  4.5  6.0 10.5   (609, 517, 103, 69)
 3:16.50  gold       5.0   4.0  4.0  6.0 10.5   (609, 517, 103, 69)

# 127 ring samples in 16 runs; stroke histogram (rounded px): 4 px: 1, 5 px: 4, 7 px: 108, 10 px: 2, 11 px: 3, 12 px: 2, 13 px: 2, 14 px: 1, 15 px: 4
# runs (start, end, color, median stroke, min-max, samples)
 0:13.00 -  0:15.50  gold     11.0  10.2-13.5    6
 0:40.50 -  0:41.00  gold     15.0  15.0-15.0    2
 0:43.50 -  0:46.00  gold     12.9  11.8-15.0    6
 2:10.00 -  2:10.00  green     5.0   5.0- 5.0    1
 2:10.50 -  2:10.50  green     5.0   5.0- 5.0    1
 2:11.00 -  2:19.50  green     7.0   7.0- 7.0   18
 2:20.00 -  2:20.00  green     7.0   7.0- 7.0    1
 2:20.50 -  2:30.00  green     7.0   7.0- 7.0   20
 2:30.50 -  2:30.50  green     7.0   7.0- 7.0    1
 2:31.00 -  2:39.00  green     7.0   7.0- 7.0   17
 2:39.50 -  2:39.50  green     7.0   7.0- 7.0    1
 2:40.00 -  2:51.00  green     7.0   7.0- 7.0   23
 2:51.50 -  3:04.50  green     7.0   7.0- 7.0   27
 3:05.00 -  3:05.00  violet    4.0   4.0- 4.0    1
 3:15.50 -  3:15.50  gold      5.2   5.2- 5.2    1
 3:16.50 -  3:16.50  gold      5.0   5.0- 5.0    1
