# where-ai-works-best.mp4  1280x720  duration=4:20.10  step=0.5s  thr=45.0
# target: fixed 4 px at 720p (6 px at 1080p), Edit Spec section 5 (2026-09-26); widths are SOLID pixels at thr, true width is about +0.5
# time      color    stroke   L    R    T    B    bbox(x,y,w,h)
 1:06.00  blue       6.0   6.0  6.0  6.0  6.0   (162, 454, 408, 90)
 1:06.50  blue       6.0   6.0  6.0  6.0  6.0   (162, 454, 408, 90)
 1:07.00  blue       6.0   6.0  6.0  6.0  6.0   (162, 454, 408, 90)
 1:07.50  blue       6.0   6.0  6.0  6.0  6.0   (162, 454, 408, 90)
 1:08.00  blue       6.0   6.0  6.0  6.0  6.0   (162, 454, 408, 90)
 1:08.50  blue       6.0   6.0  6.0  6.0  6.0   (162, 454, 408, 90)
 1:09.00  blue       6.0   6.0  6.0  6.0  6.0   (162, 454, 408, 90)
 1:09.50  blue       6.0   6.0  6.0  6.0  6.0   (162, 454, 408, 90)
 1:10.00  blue       6.0   6.0  6.0  6.0  6.0   (162, 454, 408, 90)
 1:10.50  blue       6.0   6.0  6.0  6.0  6.0   (162, 454, 408, 90)
 1:11.00  blue       6.0   6.0  6.0  6.0  6.0   (162, 454, 408, 90)
 1:11.50  blue       6.0   6.0  6.0  6.0  6.0   (162, 454, 408, 90)
 1:12.00  blue       6.0   6.0  6.0  6.0  6.0   (162, 454, 408, 90)
 1:12.50  blue       6.0   6.0  6.0  6.0  6.0   (162, 454, 408, 90)
 1:13.00  blue       6.0   6.0  6.0  6.0  6.0   (162, 454, 408, 90)
 1:13.50  blue       6.0   6.0  6.0  6.0  6.0   (162, 454, 408, 90)
 1:14.00  blue       6.0   6.0  6.0  6.0  6.0   (162, 454, 408, 90)
 1:14.50  blue       6.0   6.0  6.0  6.0  6.0   (162, 454, 408, 90)
 1:15.00  blue       6.0   6.0  6.0  6.0  6.0   (592, 146, 546, 188)
 1:15.50  blue       6.0   6.0  6.0  6.0  6.0   (592, 146, 546, 188)
 1:16.00  blue       6.0   6.0  6.0  6.0  6.0   (592, 146, 546, 188)
 1:16.50  blue       6.0   6.0  6.0  6.0  6.0   (592, 146, 546, 188)
 1:17.00  blue       6.0   6.0  6.0  6.0  6.0   (592, 146, 546, 188)
 1:17.50  blue       6.0   6.0  6.0  6.0  6.0   (592, 146, 546, 188)
 1:18.00  blue       6.0   6.0  6.0  6.0  6.0   (592, 146, 546, 188)
 1:18.50  blue       6.0   6.0  6.0  6.0  6.0   (592, 146, 546, 188)
 1:19.00  blue       6.0   6.0  6.0  6.0  6.0   (592, 146, 546, 188)
 1:19.50  blue       6.0   6.0  6.0  6.0  6.0   (592, 146, 546, 188)
 1:20.00  blue       6.0   6.0  6.0  6.0  6.0   (592, 146, 546, 188)
 1:20.50  blue       6.0   6.0  6.0  6.0  6.0   (592, 146, 546, 188)
 1:21.00  blue       6.0   6.0  6.0  6.0  6.0   (592, 146, 546, 188)
 1:21.50  blue       6.0   6.0  6.0  6.0  6.0   (592, 146, 546, 188)
 1:22.00  blue       6.0   6.0  6.0  6.0  6.0   (592, 146, 546, 188)
 1:22.50  blue       6.0   6.0  6.0  6.0  6.0   (592, 146, 546, 188)
 1:23.00  blue       6.0   6.0  6.0  6.0  6.0   (592, 146, 546, 188)
 1:23.50  blue       6.0   6.0  6.0  6.0  6.0   (592, 146, 546, 188)
 1:24.00  blue       6.0   6.0  6.0  6.0  6.0   (592, 342, 546, 198)
 1:24.50  blue       6.0   6.0  6.0  6.0  6.0   (592, 342, 546, 198)
 1:25.00  blue       6.0   6.0  6.0  6.0  6.0   (592, 342, 546, 198)
 1:25.50  blue       6.0   6.0  6.0  6.0  6.0   (592, 342, 546, 198)
 1:26.00  blue       6.0   6.0  6.0  6.0  6.0   (592, 342, 546, 198)
 1:26.50  blue       6.0   6.0  6.0  6.0  6.0   (592, 342, 546, 198)
 1:27.00  blue       6.0   6.0  6.0  6.0  6.0   (592, 342, 546, 198)
 1:27.50  blue       6.0   6.0  6.0  6.0  6.0   (592, 342, 546, 198)
 1:28.00  blue       6.0   6.0  6.0  6.0  6.0   (592, 342, 546, 198)
 1:28.50  blue       6.0   6.0  6.0  6.0  6.0   (592, 342, 546, 198)
 1:29.00  blue       6.0   6.0  6.0  6.0  6.0   (592, 342, 546, 198)
 1:29.50  blue       6.0   6.0  6.0  6.0  6.0   (592, 342, 546, 198)
 1:30.00  blue       6.0   6.0  6.0  6.0  6.0   (592, 342, 546, 198)
 1:30.50  blue       6.0   6.0  6.0  6.0  6.0   (592, 342, 546, 198)
 1:31.00  blue       6.0   6.0  6.0  6.0  6.0   (592, 342, 546, 198)
 1:31.50  blue       6.0   6.0  6.0  6.0  6.0   (592, 342, 546, 198)
 1:32.00  blue       6.0   6.0  6.0  6.0  6.0   (592, 342, 546, 198)
 1:32.50  blue       6.0   6.0  6.0  6.0  6.0   (592, 342, 546, 198)
 1:33.00  blue       6.0   6.0  6.0  6.0  6.0   (592, 342, 546, 198)
 1:33.50  blue       6.0   6.0  6.0  6.0  6.0   (592, 342, 546, 198)
 1:34.00  blue       6.0   6.0  6.0  6.0  6.0   (592, 342, 546, 198)
 1:34.50  blue       6.0   6.0  6.0  6.0  6.0   (592, 342, 546, 198)
 1:35.00  blue       6.0   6.0  6.0  6.0  6.0   (592, 342, 546, 198)
 1:35.50  blue       6.0   6.0  6.0  6.0  6.0   (592, 342, 546, 198)
 1:36.00  blue       6.0   6.0  6.0  6.0  6.0   (592, 342, 546, 198)
 1:36.50  gold      14.0  19.0  6.5 18.0 10.0   (356, 166, 185, 90)
 1:36.50  gold       5.5   6.0  4.0 12.0  5.0   (241, 198, 308, 92)
 1:37.00  gold      14.0  19.0  6.5 18.0 10.0   (356, 166, 185, 90)
 1:37.00  gold       5.5   6.0  4.0 12.0  5.0   (241, 198, 308, 92)
 1:37.50  gold      14.0  19.0  6.5 18.0 10.0   (356, 166, 185, 90)
 1:37.50  gold       5.5   6.0  4.0 12.0  5.0   (241, 198, 308, 92)
 1:38.00  gold      14.0  19.0  6.5 18.0 10.0   (356, 166, 185, 90)
 1:38.00  gold       5.5   6.0  4.0 12.0  5.0   (241, 198, 308, 92)
 1:38.50  gold      14.0  19.0  6.5 18.0 10.0   (356, 166, 185, 90)
 1:38.50  gold       5.5   6.0  4.0 12.0  5.0   (241, 198, 308, 92)
 1:39.00  gold      14.0  19.0  6.5 18.0 10.0   (356, 166, 185, 90)
 1:39.00  gold       5.5   6.0  4.0 12.0  5.0   (241, 198, 308, 92)
 1:39.50  gold      14.0  19.0  6.5 18.0 10.0   (356, 166, 185, 90)
 1:39.50  gold       5.5   6.0  4.0 12.0  5.0   (241, 198, 308, 92)
 1:40.00  gold      14.0  19.0  6.5 18.0 10.0   (356, 166, 185, 90)
 1:40.00  gold       5.5   6.0  4.0 12.0  5.0   (241, 198, 308, 92)
 1:40.50  gold      14.0  19.0  6.5 18.0 10.0   (356, 166, 185, 90)
 1:40.50  gold       5.5   6.0  4.0 12.0  5.0   (241, 198, 308, 92)
 1:41.00  gold      14.0  19.0  6.5 18.0 10.0   (356, 166, 185, 90)
 1:41.00  gold       5.5   6.0  4.0 12.0  5.0   (241, 198, 308, 92)
 1:41.50  gold      14.0  19.0  6.5 18.0 10.0   (356, 166, 185, 90)
 1:41.50  gold       5.5   6.0  4.0 12.0  5.0   (241, 198, 308, 92)
 1:42.00  amber      7.0   7.0  7.0  6.0  7.0   (200, 419, 377, 141)
 1:42.00  gold      14.0  19.0  6.5 18.0 10.0   (356, 166, 185, 90)
 1:42.00  gold       5.5   6.0  4.0 12.0  5.0   (241, 198, 308, 92)
 1:42.50  amber      7.0   7.0  7.0  6.0  7.0   (200, 419, 377, 141)
 1:42.50  gold      14.0  19.0  6.5 18.0 10.0   (356, 166, 185, 90)
 1:42.50  gold       5.5   6.0  4.0 12.0  5.0   (241, 198, 308, 92)
 1:43.00  amber      7.0   7.0  7.0  6.0  7.0   (200, 419, 377, 141)
 1:43.00  gold      14.0  19.0  6.5 18.0 10.0   (356, 166, 185, 90)
 1:43.00  gold       5.5   6.0  4.0 12.0  5.0   (241, 198, 308, 92)
 1:43.50  amber      7.0   7.0  7.0  6.0  7.0   (200, 419, 377, 141)
 1:43.50  gold      14.0  19.0  6.5 18.0 10.0   (356, 166, 185, 90)
 1:43.50  gold       5.5   6.0  4.0 12.0  5.0   (241, 198, 308, 92)
 1:44.00  amber      7.0   7.0  7.0  6.0  7.0   (200, 419, 377, 141)
 1:44.00  gold      14.0  19.0  6.5 18.0 10.0   (356, 166, 185, 90)
 1:44.00  gold       5.5   6.0  4.0 12.0  5.0   (241, 198, 308, 92)
 1:44.50  amber      7.0   7.0  7.0  6.0  7.0   (200, 419, 377, 141)
 1:44.50  gold      14.0  19.0  6.5 18.0 10.0   (356, 166, 185, 90)
 1:44.50  gold       5.5   6.0  4.0 12.0  5.0   (241, 198, 308, 92)
 1:45.00  amber      7.0   7.0  7.0  7.0  7.0   (200, 419, 377, 141)
 1:45.00  gold      14.0  19.0  6.5 18.0 10.0   (356, 166, 185, 90)
 1:45.00  gold       5.5   6.0  4.0 12.0  5.0   (241, 198, 308, 92)
 1:45.50  amber      7.0   7.0  7.0  7.0  7.0   (200, 419, 377, 141)
 1:45.50  gold      14.0  19.0  6.5 18.0 10.0   (356, 166, 185, 90)
 1:45.50  gold       5.5   6.0  4.0 12.0  5.0   (241, 198, 308, 92)
 1:46.00  amber      7.0   7.0  7.0  7.0  7.0   (200, 419, 377, 141)
 1:46.00  gold      14.0  19.0  6.5 18.0 10.0   (356, 166, 185, 90)
 1:46.00  gold       5.5   6.0  4.0 12.0  5.0   (241, 198, 308, 92)
 1:46.50  amber      7.0   7.0  7.0  7.0  7.0   (200, 419, 377, 141)
 1:46.50  gold      14.0  19.0  6.5 18.0 10.0   (356, 166, 185, 90)
 1:46.50  gold       5.5   6.0  4.0 12.0  5.0   (241, 198, 308, 92)
 1:47.00  amber      7.0   7.0  7.0  7.0  7.0   (200, 419, 377, 141)
 1:47.00  gold      14.0  19.0  6.5 18.0 10.0   (356, 166, 185, 90)
 1:47.00  gold       5.5   6.0  4.0 12.0  5.0   (241, 198, 308, 92)
 1:47.50  amber      7.0   7.0  7.0  7.0  7.0   (200, 419, 377, 141)
 1:47.50  gold      14.0  19.0  6.5 18.0 10.0   (356, 166, 185, 90)
 1:47.50  gold       5.5   6.0  4.0 12.0  5.0   (241, 198, 308, 92)
 1:48.00  amber      7.0   7.0  7.0  7.0  7.0   (200, 419, 377, 141)
 1:48.00  gold      14.0  19.0  6.5 18.0 10.0   (356, 166, 185, 90)
 1:48.00  gold       5.5   6.0  4.0 12.0  5.0   (241, 198, 308, 92)
 1:48.50  amber      7.0   7.0  7.0  7.0  7.0   (200, 419, 377, 141)
 1:48.50  gold      14.0  19.0  6.5 18.0 10.0   (356, 166, 185, 90)
 1:48.50  gold       5.5   6.0  4.0 12.0  5.0   (241, 198, 308, 92)
 1:49.00  amber      7.0   7.0  7.0  7.0  7.0   (200, 419, 377, 141)
 1:49.00  gold      14.0  19.0  6.5 18.0 10.0   (356, 166, 185, 90)
 1:49.00  gold       5.5   6.0  4.0 12.0  5.0   (241, 198, 308, 92)
 1:49.50  amber      7.0   7.0  7.0  7.0  7.0   (200, 419, 377, 141)
 1:49.50  gold      14.0  19.0  6.5 18.0 10.0   (356, 166, 185, 90)
 1:49.50  gold       5.5   6.0  4.0 12.0  5.0   (241, 198, 308, 92)
 1:50.00  amber      7.0   7.0  7.0  7.0  7.0   (200, 419, 377, 141)
 1:50.00  gold      14.0  19.0  6.5 18.0 10.0   (356, 166, 185, 90)
 1:50.00  gold       5.5   6.0  4.0 12.0  5.0   (241, 198, 308, 92)
 1:50.50  amber      7.0   7.0  7.0  7.0  7.0   (200, 419, 377, 141)
 1:50.50  gold      14.0  19.0  6.5 18.0 10.0   (356, 166, 185, 90)
 1:50.50  gold       5.5   6.0  4.0 12.0  5.0   (241, 198, 308, 92)
 1:51.00  amber      7.0   7.0  7.0  7.0  7.0   (200, 419, 377, 141)
 1:51.00  gold      14.0  19.0  6.5 18.0 10.0   (356, 166, 185, 90)
 1:51.00  gold       5.5   6.0  4.0 12.0  5.0   (241, 198, 308, 92)
 1:51.50  amber      6.5   7.0  7.0  6.0  6.0   (594, 136, 506, 175)
 1:51.50  gold      14.0  19.0  6.5 18.0 10.0   (356, 166, 185, 90)
 1:51.50  gold       5.5   6.0  4.0 12.0  5.0   (241, 198, 308, 92)
 1:52.00  amber      6.5   7.0  7.0  6.0  6.0   (594, 136, 506, 175)
 1:52.00  gold      14.0  19.0  6.5 18.0 10.0   (356, 166, 185, 90)
 1:52.00  gold       5.5   6.0  4.0 12.0  5.0   (241, 198, 308, 92)
 1:52.50  amber      6.5   7.0  7.0  6.0  6.0   (594, 136, 506, 175)
 1:52.50  gold      14.0  19.0  6.5 18.0 10.0   (356, 166, 185, 90)
 1:52.50  gold       5.5   6.0  4.0 12.0  5.0   (241, 198, 308, 92)
 1:53.00  amber      6.5   7.0  7.0  6.0  6.0   (594, 136, 506, 175)
 1:53.00  gold      14.0  19.0  6.5 18.0 10.0   (356, 166, 185, 90)
 1:53.00  gold       5.5   6.0  4.0 12.0  5.0   (241, 198, 308, 92)
 1:53.50  amber      6.0   6.0  7.0  6.0  6.0   (594, 136, 506, 175)
 1:53.50  gold      14.0  19.0  6.5 18.0 10.0   (356, 166, 186, 90)
 1:54.00  amber      6.0   6.0  7.0  6.0  6.0   (594, 136, 506, 175)
 1:54.00  gold      14.0  19.0  6.5 18.0 10.0   (356, 166, 186, 90)
 1:54.50  amber      6.0   6.0  7.0  6.0  6.0   (594, 136, 506, 175)
 1:54.50  gold      14.0  19.0  6.5 18.0 10.0   (356, 166, 186, 90)
 1:55.00  amber      6.0   6.0  7.0  6.0  6.0   (594, 136, 506, 175)
 1:55.00  gold      14.0  19.0  6.5 18.0 10.0   (356, 166, 186, 90)
 1:55.50  amber      6.0   6.0  7.0  6.0  6.0   (594, 136, 506, 175)
 1:55.50  gold      14.0  19.0  6.5 18.0 10.0   (356, 166, 186, 90)
 1:56.00  amber      6.0   6.0  7.0  6.0  6.0   (594, 136, 506, 175)
 1:56.00  gold      14.0  19.0  6.5 18.0 10.0   (356, 166, 186, 90)
 1:56.50  amber      6.0   6.0  7.0  6.0  6.0   (594, 136, 506, 175)
 1:56.50  gold      14.0  19.0  6.5 18.0 10.0   (356, 166, 186, 90)
 1:57.00  amber      6.0   6.0  7.0  6.0  6.0   (594, 136, 506, 175)
 1:57.00  gold      14.0  19.0  6.5 18.0 10.0   (356, 166, 186, 90)
 1:57.50  amber      6.0   6.0  7.0  6.0  6.0   (594, 136, 506, 175)
 1:57.50  gold      14.0  19.0  6.5 18.0 10.0   (356, 166, 186, 90)
 1:58.00  amber      6.0   6.0  7.0  6.0  6.0   (594, 136, 506, 175)
 1:58.00  gold      14.0  19.0  6.5 18.0 10.0   (356, 166, 186, 90)
 1:58.50  amber      6.0   6.0  7.0  6.0  6.0   (594, 136, 506, 175)
 1:58.50  gold      14.0  19.0  6.5 18.0 10.0   (356, 166, 186, 90)
 1:59.00  amber      6.0   6.0  7.0  6.0  6.0   (594, 136, 506, 175)
 1:59.00  gold      14.0  19.0  6.5 18.0 10.0   (356, 166, 186, 90)
 1:59.50  amber      6.0   6.0  7.0  6.0  6.0   (594, 136, 506, 175)
 1:59.50  gold      14.0  19.0  6.5 18.0 10.0   (356, 166, 186, 90)
 2:00.00  amber      6.0   6.0  7.0  6.0  6.0   (594, 136, 506, 175)
 2:00.00  gold      14.0  19.0  6.5 18.0 10.0   (356, 166, 186, 90)
 2:00.50  amber      6.0   6.0  7.0  6.0  6.0   (594, 136, 506, 175)
 2:00.50  gold      14.0  19.0  6.5 18.0 10.0   (356, 166, 186, 90)
 2:01.00  amber      6.0   6.0  7.0  6.0  6.0   (594, 136, 506, 175)
 2:01.00  gold      14.0  19.0  6.5 18.0 10.0   (356, 166, 186, 90)
 2:01.50  amber      6.5   6.0  7.0  7.0  6.0   (594, 136, 506, 175)
 2:01.50  gold      14.0  19.0  6.0 18.0 10.0   (356, 166, 186, 90)
 2:01.50  gold       4.5   3.0  4.0 12.0  5.0   (241, 198, 307, 92)
 2:02.00  amber      6.5   6.0  7.0  7.0  6.0   (594, 136, 506, 175)
 2:02.00  gold      14.0  19.0  6.0 18.0 10.0   (356, 166, 186, 90)
 2:02.00  gold       4.5   3.0  4.0 12.0  5.0   (241, 198, 307, 92)
 2:02.50  amber      6.5   6.0  7.0  7.0  6.0   (594, 136, 506, 175)
 2:02.50  gold      14.0  19.0  6.0 18.0 10.0   (356, 166, 186, 90)
 2:02.50  gold       4.5   3.0  4.0 12.0  5.0   (241, 198, 307, 92)
 2:03.00  amber      6.0   6.0  6.0  6.0  6.0   (594, 316, 506, 185)
 2:03.00  gold      14.0  19.0  6.0 18.0 10.0   (356, 166, 186, 90)
 2:03.00  gold       4.5   3.0  4.0 12.0  5.0   (241, 198, 307, 92)
 2:03.50  amber      6.0   6.0  6.0  6.0  6.0   (594, 316, 506, 185)
 2:03.50  gold      14.0  19.0  6.0 18.0 10.0   (356, 166, 186, 90)
 2:03.50  gold       4.5   3.0  4.0 12.0  5.0   (241, 198, 307, 92)
 2:04.00  amber      6.0   6.0  6.0  6.0  6.0   (594, 316, 506, 185)
 2:04.00  gold      14.0  19.0  6.0 18.0 10.0   (356, 166, 186, 90)
 2:04.00  gold       4.5   3.0  4.0 12.0  5.0   (241, 198, 307, 92)
 2:04.50  amber      6.0   6.0  6.0  6.0  6.0   (594, 316, 506, 185)
 2:04.50  gold      14.0  19.0  6.0 18.0 10.0   (356, 166, 186, 90)
 2:04.50  gold       4.5   3.0  4.0 12.0  5.0   (241, 198, 307, 92)
 2:05.00  amber      6.0   6.0  6.0  6.0  6.0   (594, 316, 506, 185)
 2:05.00  gold      14.0  19.0  6.0 18.0 10.0   (356, 166, 186, 90)
 2:05.00  gold       4.5   3.0  4.0 12.0  5.0   (241, 198, 307, 92)
 2:05.50  amber      6.0   6.0  6.0  6.0  6.0   (594, 316, 506, 185)
 2:05.50  gold      14.0  19.0  6.0 18.0 10.0   (356, 166, 186, 90)
 2:05.50  gold       4.5   3.0  4.0 12.0  5.0   (241, 198, 307, 92)
 2:06.00  amber      6.0   6.0  6.0  6.0  6.0   (594, 316, 506, 185)
 2:06.00  gold      14.0  19.0  6.0 18.0 10.0   (356, 166, 186, 90)
 2:06.00  gold       4.5   3.0  4.0 12.0  5.0   (241, 198, 307, 92)
 2:06.50  amber      6.0   6.0  6.0  6.0  6.0   (594, 316, 506, 185)
 2:06.50  gold      14.0  19.0  6.0 18.0 10.0   (356, 166, 186, 90)
 2:06.50  gold       4.5   3.0  4.0 12.0  5.0   (241, 198, 307, 92)
 2:07.00  amber      6.0   6.0  6.0  6.0  6.0   (594, 316, 506, 185)
 2:07.00  gold      14.0  19.0  6.0 18.0 10.0   (356, 166, 186, 90)
 2:07.00  gold       4.5   3.0  4.0 12.0  5.0   (241, 198, 307, 92)
 2:07.50  amber      6.0   6.0  6.0  6.0  6.0   (594, 316, 506, 185)
 2:07.50  gold      14.0  19.0  6.0 18.0 10.0   (356, 166, 186, 90)
 2:07.50  gold       4.5   3.0  4.0 12.0  5.0   (241, 198, 307, 92)
 2:08.00  amber      6.0   6.0  6.0  6.0  6.0   (594, 316, 506, 185)
 2:08.00  gold      14.0  19.0  6.0 18.0 10.0   (356, 166, 186, 90)
 2:08.00  gold       4.5   3.0  4.0 12.0  5.0   (241, 198, 307, 92)
 2:08.50  amber      6.0   6.0  6.0  6.0  6.0   (594, 316, 506, 185)
 2:08.50  gold      14.0  19.0  6.0 18.0 10.0   (356, 166, 186, 90)
 2:08.50  gold       4.5   3.0  4.0 12.0  5.0   (241, 198, 307, 92)
 2:09.00  amber      6.0   6.0  6.0  6.0  6.0   (594, 316, 506, 185)
 2:09.00  gold      14.0  19.0  6.0 18.0 10.0   (356, 166, 186, 90)
 2:09.00  gold       4.5   3.0  4.0 12.0  5.0   (241, 198, 307, 92)
 2:09.50  amber      6.0   6.0  6.0  6.0  6.0   (594, 316, 506, 185)
 2:09.50  gold      14.0  19.0  6.0 18.0 10.0   (356, 166, 186, 90)
 2:09.50  gold       4.5   3.0  4.0 12.0  5.0   (241, 198, 307, 92)
 2:10.00  amber      6.0   6.0  6.0  6.0  6.0   (594, 316, 506, 185)
 2:10.00  gold      14.2  18.5  6.5 19.0 10.0   (356, 166, 186, 90)
 2:10.00  gold       5.0   4.0 12.0  2.0  6.0   (241, 198, 307, 94)
 2:10.50  amber      6.0   6.0  6.0  6.0  6.0   (594, 316, 506, 185)
 2:10.50  gold      14.2  18.5  6.5 19.0 10.0   (356, 166, 186, 90)
 2:10.50  gold       5.0   4.0 12.0  2.0  6.0   (241, 198, 307, 94)
 2:17.50  purple     6.0   6.0  6.0  6.0  6.0   (200, 420, 376, 140)
 2:18.00  purple     6.0   6.0  6.0  6.0  6.0   (200, 420, 376, 140)
 2:18.50  purple     6.0   6.0  6.0  6.0  6.0   (200, 420, 376, 140)
 2:19.00  purple     6.0   6.0  6.0  6.0  6.0   (200, 420, 376, 140)
 2:19.50  purple     6.0   6.0  6.0  6.0  6.0   (200, 420, 376, 140)
 2:20.00  purple     6.0   6.0  6.0  6.0  6.0   (200, 420, 376, 140)
 2:20.50  purple     6.0   6.0  6.0  6.0  6.0   (200, 420, 376, 140)
 2:21.00  purple     6.0   6.0  6.0  6.0  6.0   (200, 420, 376, 140)
 2:21.50  purple     6.0   6.0  6.0  6.0  6.0   (200, 420, 376, 140)
 2:22.00  purple     6.0   6.0  6.0  6.0  6.0   (200, 420, 376, 140)
 2:22.50  purple     6.0   6.0  6.0  6.0  6.0   (200, 420, 376, 140)
 2:23.00  purple     6.0   6.0  6.0  6.0  6.0   (200, 420, 376, 140)
 2:23.50  purple     6.0   6.0  6.0  6.0  6.0   (200, 420, 376, 140)
 2:24.00  purple     6.0   6.0  6.0  6.0  6.0   (200, 420, 376, 140)
 2:24.50  purple     6.0   6.0  6.0  6.0  6.0   (200, 420, 376, 140)
 2:25.00  purple     6.0   6.0  6.0  6.0  6.0   (200, 420, 376, 140)
 2:25.50  purple     6.0   6.0  6.0  6.0  6.0   (200, 420, 376, 140)
 2:26.00  purple     6.0   6.0  6.0  6.0  6.0   (594, 136, 506, 150)
 2:26.50  purple     6.0   6.0  6.0  6.0  6.0   (594, 136, 506, 150)
 2:27.00  purple     6.0   6.0  6.0  6.0  6.0   (594, 136, 506, 150)
 2:27.50  purple     6.0   6.0  6.0  6.0  6.0   (594, 136, 506, 150)
 2:28.00  purple     6.0   6.0  6.0  6.0  6.0   (594, 136, 506, 150)
 2:28.50  purple     6.0   6.0  6.0  6.0  6.0   (594, 136, 506, 150)
 2:29.00  purple     6.0   6.0  6.0  6.0  6.0   (594, 136, 506, 150)
 2:29.50  purple     6.0   6.0  6.0  6.0  6.0   (594, 136, 506, 150)
 2:30.00  purple     6.0   6.0  6.0  6.0  6.0   (594, 136, 506, 150)
 2:30.50  purple     6.0   6.0  6.0  6.0  6.0   (594, 136, 506, 150)
 2:31.00  purple     6.0   6.0  6.0  6.0  6.0   (594, 136, 506, 150)
 2:31.50  purple     6.0   6.0  6.0  6.0  6.0   (594, 136, 506, 150)
 2:32.00  purple     6.0   6.0  6.0  6.0  6.0   (594, 136, 506, 150)
 2:32.50  purple     6.0   6.0  6.0  6.0  6.0   (594, 136, 506, 150)
 2:33.00  purple     6.0   6.0  6.0  6.0  6.0   (594, 136, 506, 150)
 2:33.50  purple     6.0   6.0  6.0  6.0  6.0   (594, 136, 506, 150)
 2:34.00  purple     6.0   6.0  6.0  6.0  6.0   (594, 136, 506, 150)
 2:34.50  purple     6.0   6.0  6.0  6.0  6.0   (594, 136, 506, 150)
 2:35.00  purple     6.0   6.0  6.0  6.0  6.0   (594, 136, 506, 150)
 2:35.50  purple     6.0   6.0  6.0  6.0  6.0   (594, 136, 506, 150)
 2:36.00  purple     6.0   6.0  6.0  6.0  6.0   (594, 136, 506, 150)
 2:36.50  purple     6.0   6.0  6.0  6.0  6.0   (594, 136, 506, 150)
 2:37.00  purple     6.0   6.0  6.0  6.0  6.0   (594, 136, 506, 150)
 2:37.50  purple     6.0   6.0  6.0  6.0  6.0   (594, 136, 506, 150)
 2:38.00  purple     6.0   6.0  6.0  6.0  6.0   (594, 136, 506, 150)
 2:38.50  purple     6.0   6.0  6.0  6.0  6.0   (594, 136, 506, 150)
 2:39.00  purple     6.0   6.0  6.0  6.0  6.0   (594, 136, 506, 150)
 2:39.50  purple     6.0   6.0  6.0  6.0  6.0   (594, 290, 506, 188)
 2:40.00  purple     6.0   6.0  6.0  6.0  6.0   (594, 290, 506, 188)
 2:40.50  purple     6.0   6.0  6.0  6.0  6.0   (594, 290, 506, 188)
 2:41.00  purple     6.0   6.0  6.0  6.0  6.0   (594, 290, 506, 188)
 2:41.50  purple     6.0   6.0  6.0  6.0  6.0   (594, 290, 506, 188)
 2:42.00  purple     6.0   6.0  6.0  6.0  6.0   (594, 290, 506, 188)
 2:42.50  purple     6.0   6.0  6.0  6.0  6.0   (594, 290, 506, 188)
 2:43.00  purple     6.0   6.0  6.0  6.0  6.0   (594, 290, 506, 188)
 2:43.50  purple     6.0   6.0  6.0  6.0  6.0   (594, 290, 506, 188)
 2:44.00  purple     6.0   6.0  6.0  6.0  6.0   (594, 290, 506, 188)
 2:44.50  purple     6.0   6.0  6.0  6.0  6.0   (594, 290, 506, 188)
 2:45.00  purple     6.0   6.0  6.0  6.0  6.0   (594, 290, 506, 188)
 2:45.50  purple     6.0   6.0  6.0  6.0  6.0   (594, 290, 506, 188)
 2:46.00  purple     6.0   6.0  6.0  6.0  6.0   (594, 290, 506, 188)
 2:46.50  purple     6.0   6.0  6.0  6.0  6.0   (594, 290, 506, 188)
 2:47.00  purple     6.0   6.0  6.0  6.0  6.0   (594, 290, 506, 188)
 2:47.50  purple     6.0   6.0  6.0  6.0  6.0   (594, 290, 506, 188)
 2:48.00  purple     6.0   6.0  6.0  6.0  6.0   (594, 290, 506, 188)
 2:48.50  purple     6.0   6.0  6.0  6.0  6.0   (594, 290, 506, 188)
 2:49.00  purple     6.0   6.0  6.0  6.0  6.0   (594, 290, 506, 188)
 2:49.50  purple     6.0   6.0  6.0  6.0  6.0   (594, 290, 506, 188)
 2:50.00  purple     6.0   6.0  6.0  6.0  6.0   (594, 290, 506, 188)
 2:50.50  purple     6.0   6.0  6.0  6.0  6.0   (594, 290, 506, 188)
 2:51.00  purple     6.0   6.0  6.0  6.0  6.0   (594, 290, 506, 188)
 2:57.50  teal       7.0   7.0  7.0  7.0  7.0   (215, 404, 364, 161)
 2:58.00  teal       7.0   7.0  7.0  7.0  7.0   (215, 404, 364, 161)
 2:58.50  teal       7.0   7.0  7.0  7.0  7.0   (215, 404, 364, 161)
 2:59.00  teal       7.0   7.0  7.0  7.0  7.0   (215, 404, 364, 161)
 2:59.50  teal       7.0   7.0  7.0  7.0  7.0   (215, 404, 364, 161)
 3:00.00  teal       7.0   7.0  7.0  7.0  7.0   (215, 404, 364, 161)
 3:00.50  teal       7.0   7.0  7.0  7.0  7.0   (215, 404, 364, 161)
 3:01.00  teal       7.0   7.0  7.0  7.0  7.0   (215, 404, 364, 161)
 3:01.50  teal       7.0   7.0  7.0  7.0  7.0   (215, 404, 364, 161)
 3:02.00  teal       7.0   7.0  7.0  7.0  7.0   (215, 404, 364, 161)
 3:02.50  teal       7.0   7.0  7.0  7.0  7.0   (215, 404, 364, 161)
 3:03.00  teal       7.0   7.0  7.0  7.0  7.0   (215, 404, 364, 161)
 3:03.50  teal       7.0   7.0  7.0  7.0  7.0   (215, 404, 364, 161)
 3:04.00  teal       7.0   7.0  7.0  7.0  7.0   (215, 404, 364, 161)
 3:04.50  teal       7.0   7.0  7.0  7.0  7.0   (215, 404, 364, 161)
 3:05.00  teal       7.0   7.0  7.0  7.0  7.0   (215, 404, 364, 161)
 3:05.50  teal       7.0   7.0  7.0  7.0  7.0   (215, 404, 364, 161)
 3:06.00  teal       7.0   7.0  7.0  7.0  7.0   (215, 404, 364, 161)
 3:06.50  teal       7.0   7.0  7.0  7.0  7.0   (215, 404, 364, 161)
 3:07.00  teal       7.0   7.0  7.0  7.0  7.0   (215, 404, 364, 161)
 3:07.50  teal       7.0   7.0  7.0  7.0  7.0   (215, 404, 364, 161)
 3:08.00  teal       7.0   7.0  7.0  7.0  7.0   (215, 404, 364, 161)
 3:08.50  teal       7.0   7.0  7.0  7.0  7.0   (215, 404, 364, 161)
 3:09.00  teal       7.0   7.0  7.0  7.0  7.0   (215, 404, 364, 161)
 3:09.50  teal       7.0   7.0  7.0  7.0  7.0   (215, 404, 364, 161)
 3:10.00  teal       7.0   7.0  7.0  7.0  7.0   (596, 132, 488, 165)
 3:10.50  teal       7.0   7.0  7.0  7.0  7.0   (596, 132, 488, 165)
 3:11.00  teal       7.0   7.0  7.0  7.0  7.0   (596, 132, 488, 165)
 3:11.50  teal       7.0   7.0  7.0  7.0  7.0   (596, 132, 488, 165)
 3:12.00  teal       7.0   7.0  7.0  7.0  7.0   (596, 132, 488, 165)
 3:12.50  teal       7.0   7.0  7.0  7.0  7.0   (596, 132, 488, 165)
 3:13.00  teal       7.0   7.0  7.0  7.0  7.0   (596, 132, 488, 165)
 3:13.50  teal       7.0   7.0  7.0  7.0  7.0   (596, 132, 488, 165)
 3:14.00  teal       7.0   7.0  7.0  7.0  7.0   (596, 132, 488, 165)
 3:14.50  teal       7.0   7.0  7.0  7.0  7.0   (596, 132, 488, 165)
 3:15.00  teal       7.0   7.0  7.0  7.0  7.0   (596, 132, 488, 165)
 3:15.50  teal       7.0   7.0  7.0  7.0  7.0   (596, 132, 488, 165)
 3:16.00  teal       7.0   7.0  7.0  7.0  7.0   (596, 132, 488, 165)
 3:16.50  teal       7.0   7.0  7.0  7.0  7.0   (596, 132, 488, 165)
 3:17.00  teal       7.0   7.0  7.0  7.0  7.0   (596, 132, 488, 165)
 3:17.50  teal       7.0   7.0  7.0  7.0  7.0   (596, 132, 488, 165)
 3:18.00  teal       7.0   7.0  7.0  7.0  7.0   (596, 132, 488, 165)
 3:18.50  teal       7.0   7.0  7.0  7.0  7.0   (596, 132, 488, 165)
 3:19.00  teal       7.0   7.0  7.0  7.0  7.0   (596, 132, 488, 165)
 3:19.50  teal       7.0   7.0  7.0  7.0  7.0   (596, 132, 488, 165)
 3:20.00  teal       7.0   7.0  7.0  7.0  7.0   (596, 132, 488, 165)
 3:20.50  teal       7.0   7.0  7.0  7.0  7.0   (596, 132, 488, 165)
 3:21.00  teal       7.0   7.0  7.0  7.0  7.0   (596, 132, 488, 165)
 3:21.50  teal       7.0   7.0  7.0  7.0  7.0   (596, 305, 488, 211)
 3:22.00  teal       7.0   7.0  7.0  7.0  7.0   (596, 305, 488, 211)
 3:22.50  teal       7.0   7.0  7.0  7.0  7.0   (596, 305, 488, 211)
 3:23.00  teal       7.0   7.0  7.0  7.0  7.0   (596, 305, 488, 211)
 3:23.50  teal       7.0   7.0  7.0  7.0  7.0   (596, 305, 488, 211)
 3:24.00  teal       7.0   7.0  7.0  7.0  7.0   (596, 305, 488, 211)
 3:24.50  teal       7.0   7.0  7.0  7.0  7.0   (596, 305, 488, 211)
 3:25.00  teal       7.0   7.0  7.0  7.0  7.0   (596, 305, 488, 211)
 3:25.50  teal       7.0   7.0  7.0  7.0  7.0   (596, 305, 488, 211)
 3:26.00  teal       7.0   7.0  7.0  7.0  7.0   (596, 305, 488, 211)
 3:26.50  teal       7.0   7.0  7.0  7.0  7.0   (596, 305, 488, 211)
 3:27.00  teal       7.0   7.0  7.0  7.0  7.0   (596, 305, 488, 211)
 3:27.50  teal       7.0   7.0  7.0  7.0  7.0   (596, 305, 488, 211)
 3:28.00  teal       7.0   7.0  7.0  7.0  7.0   (596, 305, 488, 211)
 3:28.50  teal       7.0   7.0  7.0  7.0  7.0   (596, 305, 488, 211)
 3:29.00  teal       7.0   7.0  7.0  7.0  7.0   (596, 305, 488, 211)
 3:29.50  teal       7.0   7.0  7.0  7.0  7.0   (596, 305, 488, 211)
 3:30.00  teal       7.0   7.0  7.0  7.0  7.0   (596, 305, 488, 211)
 3:30.50  teal       7.0   7.0  7.0  7.0  7.0   (596, 305, 488, 211)

# 376 ring samples in 118 runs; stroke histogram (rounded px): 4 px: 17, 5 px: 2, 6 px: 202, 7 px: 86, 14 px: 69
# runs (start, end, color, median stroke, min-max, samples)
 1:06.00 -  1:14.50  blue      6.0   6.0- 6.0   18
 1:15.00 -  1:23.50  blue      6.0   6.0- 6.0   18
 1:24.00 -  1:36.00  blue      6.0   6.0- 6.0   25
 1:36.50 -  1:36.50  gold     14.0  14.0-14.0    1
 1:36.50 -  1:36.50  gold      5.5   5.5- 5.5    1
 1:37.00 -  1:37.00  gold     14.0  14.0-14.0    1
 1:37.00 -  1:37.00  gold      5.5   5.5- 5.5    1
 1:37.50 -  1:37.50  gold     14.0  14.0-14.0    1
 1:37.50 -  1:37.50  gold      5.5   5.5- 5.5    1
 1:38.00 -  1:38.00  gold     14.0  14.0-14.0    1
 1:38.00 -  1:38.00  gold      5.5   5.5- 5.5    1
 1:38.50 -  1:38.50  gold     14.0  14.0-14.0    1
 1:38.50 -  1:38.50  gold      5.5   5.5- 5.5    1
 1:39.00 -  1:39.00  gold     14.0  14.0-14.0    1
 1:39.00 -  1:39.00  gold      5.5   5.5- 5.5    1
 1:39.50 -  1:39.50  gold     14.0  14.0-14.0    1
 1:39.50 -  1:39.50  gold      5.5   5.5- 5.5    1
 1:40.00 -  1:40.00  gold     14.0  14.0-14.0    1
 1:40.00 -  1:40.00  gold      5.5   5.5- 5.5    1
 1:40.50 -  1:40.50  gold     14.0  14.0-14.0    1
 1:40.50 -  1:40.50  gold      5.5   5.5- 5.5    1
 1:41.00 -  1:41.00  gold     14.0  14.0-14.0    1
 1:41.00 -  1:41.00  gold      5.5   5.5- 5.5    1
 1:41.50 -  1:41.50  gold     14.0  14.0-14.0    1
 1:41.50 -  1:41.50  gold      5.5   5.5- 5.5    1
 1:42.00 -  1:51.00  amber     7.0   7.0- 7.0   19
 1:42.00 -  1:42.00  gold     14.0  14.0-14.0    1
 1:42.00 -  1:42.00  gold      5.5   5.5- 5.5    1
 1:42.50 -  1:42.50  gold     14.0  14.0-14.0    1
 1:42.50 -  1:42.50  gold      5.5   5.5- 5.5    1
 1:43.00 -  1:43.00  gold     14.0  14.0-14.0    1
 1:43.00 -  1:43.00  gold      5.5   5.5- 5.5    1
 1:43.50 -  1:43.50  gold     14.0  14.0-14.0    1
 1:43.50 -  1:43.50  gold      5.5   5.5- 5.5    1
 1:44.00 -  1:44.00  gold     14.0  14.0-14.0    1
 1:44.00 -  1:44.00  gold      5.5   5.5- 5.5    1
 1:44.50 -  1:44.50  gold     14.0  14.0-14.0    1
 1:44.50 -  1:44.50  gold      5.5   5.5- 5.5    1
 1:45.00 -  1:45.00  gold     14.0  14.0-14.0    1
 1:45.00 -  1:45.00  gold      5.5   5.5- 5.5    1
 1:45.50 -  1:45.50  gold     14.0  14.0-14.0    1
 1:45.50 -  1:45.50  gold      5.5   5.5- 5.5    1
 1:46.00 -  1:46.00  gold     14.0  14.0-14.0    1
 1:46.00 -  1:46.00  gold      5.5   5.5- 5.5    1
 1:46.50 -  1:46.50  gold     14.0  14.0-14.0    1
 1:46.50 -  1:46.50  gold      5.5   5.5- 5.5    1
 1:47.00 -  1:47.00  gold     14.0  14.0-14.0    1
 1:47.00 -  1:47.00  gold      5.5   5.5- 5.5    1
 1:47.50 -  1:47.50  gold     14.0  14.0-14.0    1
 1:47.50 -  1:47.50  gold      5.5   5.5- 5.5    1
 1:48.00 -  1:48.00  gold     14.0  14.0-14.0    1
 1:48.00 -  1:48.00  gold      5.5   5.5- 5.5    1
 1:48.50 -  1:48.50  gold     14.0  14.0-14.0    1
 1:48.50 -  1:48.50  gold      5.5   5.5- 5.5    1
 1:49.00 -  1:49.00  gold     14.0  14.0-14.0    1
 1:49.00 -  1:49.00  gold      5.5   5.5- 5.5    1
 1:49.50 -  1:49.50  gold     14.0  14.0-14.0    1
 1:49.50 -  1:49.50  gold      5.5   5.5- 5.5    1
 1:50.00 -  1:50.00  gold     14.0  14.0-14.0    1
 1:50.00 -  1:50.00  gold      5.5   5.5- 5.5    1
 1:50.50 -  1:50.50  gold     14.0  14.0-14.0    1
 1:50.50 -  1:50.50  gold      5.5   5.5- 5.5    1
 1:51.00 -  1:51.00  gold     14.0  14.0-14.0    1
 1:51.00 -  1:51.00  gold      5.5   5.5- 5.5    1
 1:51.50 -  2:02.50  amber     6.0   6.0- 6.5   23
 1:51.50 -  1:51.50  gold     14.0  14.0-14.0    1
 1:51.50 -  1:51.50  gold      5.5   5.5- 5.5    1
 1:52.00 -  1:52.00  gold     14.0  14.0-14.0    1
 1:52.00 -  1:52.00  gold      5.5   5.5- 5.5    1
 1:52.50 -  1:52.50  gold     14.0  14.0-14.0    1
 1:52.50 -  1:52.50  gold      5.5   5.5- 5.5    1
 1:53.00 -  1:53.00  gold     14.0  14.0-14.0    1
 1:53.00 -  1:53.00  gold      5.5   5.5- 5.5    1
 1:53.50 -  2:01.50  gold     14.0  14.0-14.0   17
 2:01.50 -  2:01.50  gold      4.5   4.5- 4.5    1
 2:02.00 -  2:02.00  gold     14.0  14.0-14.0    1
 2:02.00 -  2:02.00  gold      4.5   4.5- 4.5    1
 2:02.50 -  2:02.50  gold     14.0  14.0-14.0    1
 2:02.50 -  2:02.50  gold      4.5   4.5- 4.5    1
 2:03.00 -  2:10.50  amber     6.0   6.0- 6.0   16
 2:03.00 -  2:03.00  gold     14.0  14.0-14.0    1
 2:03.00 -  2:03.00  gold      4.5   4.5- 4.5    1
 2:03.50 -  2:03.50  gold     14.0  14.0-14.0    1
 2:03.50 -  2:03.50  gold      4.5   4.5- 4.5    1
 2:04.00 -  2:04.00  gold     14.0  14.0-14.0    1
 2:04.00 -  2:04.00  gold      4.5   4.5- 4.5    1
 2:04.50 -  2:04.50  gold     14.0  14.0-14.0    1
 2:04.50 -  2:04.50  gold      4.5   4.5- 4.5    1
 2:05.00 -  2:05.00  gold     14.0  14.0-14.0    1
 2:05.00 -  2:05.00  gold      4.5   4.5- 4.5    1
 2:05.50 -  2:05.50  gold     14.0  14.0-14.0    1
 2:05.50 -  2:05.50  gold      4.5   4.5- 4.5    1
 2:06.00 -  2:06.00  gold     14.0  14.0-14.0    1
 2:06.00 -  2:06.00  gold      4.5   4.5- 4.5    1
 2:06.50 -  2:06.50  gold     14.0  14.0-14.0    1
 2:06.50 -  2:06.50  gold      4.5   4.5- 4.5    1
 2:07.00 -  2:07.00  gold     14.0  14.0-14.0    1
 2:07.00 -  2:07.00  gold      4.5   4.5- 4.5    1
 2:07.50 -  2:07.50  gold     14.0  14.0-14.0    1
 2:07.50 -  2:07.50  gold      4.5   4.5- 4.5    1
 2:08.00 -  2:08.00  gold     14.0  14.0-14.0    1
 2:08.00 -  2:08.00  gold      4.5   4.5- 4.5    1
 2:08.50 -  2:08.50  gold     14.0  14.0-14.0    1
 2:08.50 -  2:08.50  gold      4.5   4.5- 4.5    1
 2:09.00 -  2:09.00  gold     14.0  14.0-14.0    1
 2:09.00 -  2:09.00  gold      4.5   4.5- 4.5    1
 2:09.50 -  2:09.50  gold     14.0  14.0-14.0    1
 2:09.50 -  2:09.50  gold      4.5   4.5- 4.5    1
 2:10.00 -  2:10.00  gold     14.2  14.2-14.2    1
 2:10.00 -  2:10.00  gold      5.0   5.0- 5.0    1
 2:10.50 -  2:10.50  gold     14.2  14.2-14.2    1
 2:10.50 -  2:10.50  gold      5.0   5.0- 5.0    1
 2:17.50 -  2:25.50  purple    6.0   6.0- 6.0   17
 2:26.00 -  2:39.00  purple    6.0   6.0- 6.0   27
 2:39.50 -  2:51.00  purple    6.0   6.0- 6.0   24
 2:57.50 -  3:09.50  teal      7.0   7.0- 7.0   25
 3:10.00 -  3:21.00  teal      7.0   7.0- 7.0   23
 3:21.50 -  3:30.50  teal      7.0   7.0- 7.0   19
