# work-with-ai-opener.mp4  1280x720  duration=2:37.90  step=0.5s  thr=45.0
# target: fixed 4 px at 720p (6 px at 1080p), Edit Spec section 5 (2026-09-26); widths are SOLID pixels at thr, true width is about +0.5
# time      color    stroke   L    R    T    B    bbox(x,y,w,h)
 0:06.50  gold       6.0   6.0  6.0  6.0  6.0   (68, 274, 1146, 60)
 0:07.00  gold       6.0   6.0  6.0  6.0  6.0   (68, 274, 1146, 60)
 0:07.50  gold       6.0   6.0  6.0  6.0  6.0   (68, 332, 1146, 66)
 0:08.00  gold       6.0   6.0  6.0  6.0  6.0   (68, 332, 1146, 66)
 0:08.50  gold       6.0   6.0  6.0  6.0  6.0   (68, 332, 1146, 66)
 0:09.00  gold       6.0   6.0  6.0  6.0  6.0   (68, 332, 1146, 66)
 0:09.50  gold       6.0   6.0  6.0  6.0  6.0   (68, 392, 1146, 58)
 0:10.00  gold       6.0   6.0  6.0  6.0  6.0   (68, 392, 1146, 58)
 0:10.50  gold       6.0   6.0  6.0  6.0  6.0   (68, 392, 1146, 58)
 0:11.00  gold       6.0   6.0  6.0  6.0  6.0   (68, 446, 1146, 60)
 0:11.50  gold       6.0   6.0  6.0  6.0  6.0   (68, 446, 1146, 60)
 0:12.00  gold       6.0   6.0  6.0  6.0  6.0   (68, 446, 1146, 60)
 0:12.50  gold       6.0   6.0  6.0  6.0  6.0   (68, 446, 1146, 60)
 0:13.00  gold       6.0   6.0  6.0  6.0  6.0   (68, 446, 1146, 60)
 0:13.50  gold       6.0   6.0  6.0  6.0  6.0   (68, 446, 1146, 60)
 0:14.00  gold       6.0   6.0  6.0  6.0  6.0   (68, 446, 1146, 60)
 0:14.50  gold       6.0   6.0  6.0  6.0  6.0   (68, 446, 1146, 60)
 0:15.00  gold       6.0   6.0  6.0  6.0  6.0   (68, 446, 1146, 60)
 0:15.50  gold       6.0   6.0  6.0  6.0  6.0   (68, 446, 1146, 60)
 0:16.00  gold       6.0   6.0  6.0  6.0  6.0   (68, 446, 1146, 60)
 0:16.50  gold       6.0   6.0  6.0  6.0  6.0   (68, 446, 1146, 60)
 0:17.00  gold       6.0   6.0  6.0  6.0  6.0   (68, 446, 1146, 60)
 0:17.50  gold       6.0   6.0  6.0  6.0  6.0   (68, 446, 1146, 60)
 0:18.00  gold       6.0   6.0  6.0  6.0  6.0   (68, 446, 1146, 60)
 0:18.50  gold       6.0   6.0  6.0  6.0  6.0   (68, 446, 1146, 60)
 0:19.00  gold       6.0   6.0  6.0  6.0  6.0   (68, 446, 1146, 60)
 1:05.50  purple     6.0   6.0  6.0  6.0  6.0   (76, 122, 1130, 140)
 1:06.00  purple     6.0   6.0  6.0  6.0  6.0   (76, 122, 1130, 140)
 1:06.50  purple     6.0   6.0  6.0  6.0  6.0   (76, 122, 1130, 140)
 1:07.00  purple     6.0   6.0  6.0  6.0  6.0   (76, 122, 1130, 140)
 1:07.50  purple     6.0   6.0  6.0  6.0  6.0   (76, 122, 1130, 140)
 1:31.00  blue       6.0   6.0  6.0  6.0  6.0   (76, 274, 1130, 140)
 1:31.50  blue       6.0   6.0  6.0  6.0  6.0   (76, 274, 1130, 140)
 1:32.00  blue       6.0   6.0  6.0  6.0  6.0   (76, 274, 1130, 140)
 1:32.50  blue       6.0   6.0  6.0  6.0  6.0   (76, 274, 1130, 140)
 1:33.00  blue       6.0   6.0  6.0  6.0  6.0   (76, 274, 1130, 140)
 1:33.50  blue       6.0   6.0  6.0  6.0  6.0   (76, 274, 1130, 140)
 1:34.00  blue       6.0   6.0  6.0  6.0  6.0   (76, 274, 1130, 140)
 1:34.50  blue       6.0   6.0  6.0  6.0  6.0   (76, 274, 1130, 140)
 1:35.00  blue       6.0   6.0  6.0  6.0  6.0   (76, 274, 1130, 140)
 1:35.50  blue       6.0   6.0  6.0  6.0  6.0   (76, 274, 1130, 140)
 1:36.00  blue       6.0   6.0  6.0  6.0  6.0   (76, 274, 1130, 140)
 1:36.50  blue       6.0   6.0  6.0  6.0  6.0   (76, 274, 1130, 140)
 1:37.00  blue       6.0   6.0  6.0  6.0  6.0   (76, 274, 1130, 140)
 1:37.50  blue       6.0   6.0  6.0  6.0  6.0   (76, 274, 1130, 140)
 1:38.00  blue       6.0   6.0  6.0  6.0  6.0   (76, 274, 1130, 140)
 1:38.50  blue       6.0   6.0  6.0  6.0  6.0   (76, 274, 1130, 140)
 1:39.00  blue       6.0   6.0  6.0  6.0  6.0   (76, 274, 1130, 140)
 1:39.50  blue       6.0   6.0  6.0  6.0  6.0   (76, 274, 1130, 140)
 1:40.00  blue       6.0   6.0  6.0  6.0  6.0   (76, 274, 1130, 140)
 1:53.50  gold       1.5   1.0  1.0  2.0  2.0   (871, 170, 273, 389)
 2:00.50  teal       7.0   7.0  7.0  7.0  7.0   (75, 427, 1131, 143)
 2:01.00  teal       7.0   7.0  7.0  7.0  7.0   (75, 427, 1131, 143)
 2:01.50  teal       7.0   7.0  7.0  7.0  7.0   (75, 427, 1131, 143)
 2:02.00  teal       7.0   7.0  7.0  7.0  7.0   (75, 427, 1131, 143)
 2:02.50  teal       7.0   7.0  7.0  7.0  7.0   (75, 427, 1131, 143)
 2:03.00  teal       7.0   7.0  7.0  7.0  7.0   (75, 427, 1131, 143)
 2:03.50  teal       7.0   7.0  7.0  7.0  7.0   (75, 427, 1131, 143)
 2:04.00  teal       7.0   7.0  7.0  7.0  7.0   (75, 427, 1131, 143)
 2:04.50  teal       7.0   7.0  7.0  7.0  7.0   (75, 427, 1131, 143)
 2:05.00  teal       7.0   7.0  7.0  7.0  7.0   (75, 427, 1131, 143)
 2:05.50  teal       7.0   7.0  7.0  7.0  7.0   (75, 427, 1131, 143)
 2:06.00  teal       7.0   7.0  7.0  7.0  7.0   (75, 427, 1131, 143)
 2:06.50  teal       7.0   7.0  7.0  7.0  7.0   (75, 427, 1131, 143)
 2:07.00  teal       7.0   7.0  7.0  7.0  7.0   (75, 427, 1131, 143)
 2:07.50  teal       7.0   7.0  7.0  7.0  7.0   (75, 427, 1131, 143)
 2:08.00  teal       7.0   7.0  7.0  7.0  7.0   (75, 427, 1131, 143)
 2:08.50  teal       7.0   7.0  7.0  7.0  7.0   (75, 427, 1131, 143)
 2:20.50  violet     6.0   6.0  6.0  6.0  6.0   (28, 600, 1226, 82)
 2:21.00  violet     6.0   6.0  6.0  6.0  6.0   (28, 600, 1226, 82)
 2:21.50  violet     6.0   6.0  6.0  6.0  6.0   (28, 600, 1226, 82)
 2:22.00  violet     6.0   6.0  6.0  6.0  6.0   (28, 600, 1226, 82)
 2:22.50  violet     6.0   6.0  6.0  6.0  6.0   (28, 600, 1226, 82)
 2:23.00  violet     6.0   6.0  6.0  6.0  6.0   (28, 600, 1226, 82)
 2:23.50  violet     6.0   6.0  6.0  6.0  6.0   (28, 600, 1226, 82)
 2:24.00  violet     6.0   6.0  6.0  6.0  6.0   (28, 600, 1226, 82)
 2:24.50  violet     6.0   6.0  6.0  6.0  6.0   (28, 600, 1226, 82)
 2:25.00  violet     6.0   6.0  6.0  6.0  6.0   (28, 600, 1226, 82)
 2:25.50  violet     6.0   6.0  6.0  6.0  6.0   (28, 600, 1226, 82)
 2:26.00  violet     6.0   6.0  6.0  6.0  6.0   (28, 600, 1226, 82)

# 80 ring samples in 9 runs; stroke histogram (rounded px): 2 px: 1, 6 px: 62, 7 px: 17
# runs (start, end, color, median stroke, min-max, samples)
 0:06.50 -  0:07.00  gold      6.0   6.0- 6.0    2
 0:07.50 -  0:09.00  gold      6.0   6.0- 6.0    4
 0:09.50 -  0:10.50  gold      6.0   6.0- 6.0    3
 0:11.00 -  0:19.00  gold      6.0   6.0- 6.0   17
 1:05.50 -  1:07.50  purple    6.0   6.0- 6.0    5
 1:31.00 -  1:40.00  blue      6.0   6.0- 6.0   19
 1:53.50 -  1:53.50  gold      1.5   1.5- 1.5    1
 2:00.50 -  2:08.50  teal      7.0   7.0- 7.0   17
 2:20.50 -  2:26.00  violet    6.0   6.0- 6.0   12
