live
[(2612, 87.067, np.float64(-27.8)), (2613, 87.1, np.float64(-59.9)), (2614, 87.133, np.float64(-60.6)), (2615, 87.167, np.float64(-26.1)), (2616, 87.2, np.float64(-17.1)), (2617, 87.233, np.float64(-15.4)), (2618, 87.267, np.float64(-15.1)), (2619, 87.3, np.float64(-19.3)), (2620, 87.333, np.float64(-36.2)), (2621, 87.367, np.float64(-52.9)), (2622, 87.4, np.float64(-40.8)), (2623, 87.433, np.float64(-38.8)), (2624, 87.467, np.float64(-40.4)), (2625, 87.5, np.float64(-42.2)), (2626, 87.533, np.float64(-45.5)), (2627, 87.567, np.float64(-48.5)), (2628, 87.6, np.float64(-51.9)), (2629, 87.633, np.float64(-55.5))]
[(4380, 146.0, np.float64(-48.9)), (4381, 146.033, np.float64(-52.1)), (4382, 146.067, np.float64(-55.6)), (4383, 146.1, np.float64(-60.3)), (4384, 146.133, np.float64(-67.5)), (4385, 146.167, np.float64(-66.4)), (4386, 146.2, np.float64(-69.7)), (4387, 146.233, np.float64(-69.7)), (4388, 146.267, np.float64(-66.4)), (4389, 146.3, np.float64(-67.4)), (4390, 146.333, np.float64(-67.5)), (4391, 146.367, np.float64(-66.4)), (4392, 146.4, np.float64(-69.7)), (4393, 146.433, np.float64(-69.7)), (4394, 146.467, np.float64(-66.4)), (4395, 146.5, np.float64(-67.4)), (4396, 146.533, np.float64(-67.4)), (4397, 146.567, np.float64(-66.4)), (4398, 146.6, np.float64(-69.7)), (4399, 146.633, np.float64(-69.6)), (4400, 146.667, np.float64(-66.4)), (4401, 146.7, np.float64(-67.4)), (4402, 146.733, np.float64(-67.4)), (4403, 146.767, np.float64(-66.4)), (4404, 146.8, np.float64(-69.7)), (4405, 146.833, np.float64(-69.7)), (4406, 146.867, np.float64(-66.5)), (4407, 146.9, np.float64(-67.4)), (4408, 146.933, np.float64(-67.4)), (4409, 146.967, np.float64(-66.4)), (4410, 147.0, np.float64(-69.7)), (4411, 147.033, np.float64(-69.7)), (4412, 147.067, np.float64(-66.3)), (4413, 147.1, np.float64(-67.4)), (4414, 147.133, np.float64(-68.1)), (4415, 147.167, np.float64(-68.2))]
roll1
[(3266, 108.867, np.float64(-21.1)), (3267, 108.9, np.float64(-27.5)), (3268, 108.933, np.float64(-28.3)), (3269, 108.967, np.float64(-33.1)), (3270, 109.0, np.float64(-67.3)), (3271, 109.033, np.float64(-48.1)), (3272, 109.067, np.float64(-52.7)), (3273, 109.1, np.float64(-69.4)), (3274, 109.133, np.float64(-63.5)), (3275, 109.167, np.float64(-67.5)), (3276, 109.2, np.float64(-73.9)), (3277, 109.233, np.float64(-68.1)), (3278, 109.267, np.float64(-78.7)), (3279, 109.3, np.float64(-72.3)), (3280, 109.333, np.float64(-71.7)), (3281, 109.367, np.float64(-68.0)), (3282, 109.4, np.float64(-70.7)), (3283, 109.433, np.float64(-72.0)), (3284, 109.467, np.float64(-71.5)), (3285, 109.5, np.float64(-68.2)), (3286, 109.533, np.float64(-69.0))]
[(3460, 115.333, np.float64(-38.4)), (3461, 115.367, np.float64(-37.6)), (3462, 115.4, np.float64(-25.0)), (3463, 115.433, np.float64(-30.2)), (3464, 115.467, np.float64(-27.3)), (3465, 115.5, np.float64(-41.6)), (3466, 115.533, np.float64(-46.1)), (3467, 115.567, np.float64(-69.5)), (3468, 115.6, np.float64(-55.7)), (3469, 115.633, np.float64(-53.2)), (3470, 115.667, np.float64(-53.1)), (3471, 115.7, np.float64(-54.7)), (3472, 115.733, np.float64(-55.4)), (3473, 115.767, np.float64(-57.5)), (3474, 115.8, np.float64(-59.6)), (3475, 115.833, np.float64(-62.1)), (3476, 115.867, np.float64(-64.9)), (3477, 115.9, np.float64(-67.2)), (3478, 115.933, np.float64(-67.7)), (3479, 115.967, np.float64(-71.6)), (3480, 116.0, np.float64(-70.8)), (3481, 116.033, np.float64(-71.6))]
[(3894, 129.8, np.float64(-52.9)), (3895, 129.833, np.float64(-34.9)), (3896, 129.867, np.float64(-24.6)), (3897, 129.9, np.float64(-22.5)), (3898, 129.933, np.float64(-26.0)), (3899, 129.967, np.float64(-48.0)), (3900, 130.0, np.float64(-71.4)), (3901, 130.033, np.float64(-68.2)), (3902, 130.067, np.float64(-74.0)), (3903, 130.1, np.float64(-76.0)), (3904, 130.133, np.float64(-77.6)), (3905, 130.167, np.float64(-80.9)), (3906, 130.2, np.float64(-77.7)), (3907, 130.233, np.float64(-78.7)), (3908, 130.267, np.float64(-69.9)), (3909, 130.3, np.float64(-71.7)), (3910, 130.333, np.float64(-75.5)), (3911, 130.367, np.float64(-74.2)), (3912, 130.4, np.float64(-74.1)), (3913, 130.433, np.float64(-72.0)), (3914, 130.467, np.float64(-73.2)), (3915, 130.5, np.float64(-74.5)), (3916, 130.533, np.float64(-76.0)), (3917, 130.567, np.float64(-78.7)), (3918, 130.6, np.float64(-76.1)), (3919, 130.633, np.float64(-77.5)), (3920, 130.667, np.float64(-77.4)), (3921, 130.7, np.float64(-70.1)), (3922, 130.733, np.float64(-68.5)), (3923, 130.767, np.float64(-68.6)), (3924, 130.8, np.float64(-75.4)), (3925, 130.833, np.float64(-71.1))]
[(4081, 136.033, np.float64(-37.5)), (4082, 136.067, np.float64(-63.9)), (4083, 136.1, np.float64(-35.1)), (4084, 136.133, np.float64(-24.9)), (4085, 136.167, np.float64(-21.2)), (4086, 136.2, np.float64(-24.6)), (4087, 136.233, np.float64(-44.0)), (4088, 136.267, np.float64(-67.9)), (4089, 136.3, np.float64(-64.9)), (4090, 136.333, np.float64(-64.5)), (4091, 136.367, np.float64(-67.0)), (4092, 136.4, np.float64(-70.7)), (4093, 136.433, np.float64(-74.1)), (4094, 136.467, np.float64(-75.4)), (4095, 136.5, np.float64(-73.8)), (4096, 136.533, np.float64(-74.1)), (4097, 136.567, np.float64(-74.1)), (4098, 136.6, np.float64(-77.2)), (4099, 136.633, np.float64(-72.1)), (4100, 136.667, np.float64(-74.4)), (4101, 136.7, np.float64(-77.9))]
roll3
[(3222, 107.4, np.float64(-26.0)), (3223, 107.433, np.float64(-36.8)), (3224, 107.467, np.float64(-29.9)), (3225, 107.5, np.float64(-26.8)), (3226, 107.533, np.float64(-33.0)), (3227, 107.567, np.float64(-34.2)), (3228, 107.6, np.float64(-45.2)), (3229, 107.633, np.float64(-65.4)), (3230, 107.667, np.float64(-60.0)), (3231, 107.7, np.float64(-53.8)), (3232, 107.733, np.float64(-57.9)), (3233, 107.767, np.float64(-65.1)), (3234, 107.8, np.float64(-68.3)), (3235, 107.833, np.float64(-69.4)), (3236, 107.867, np.float64(-72.8)), (3237, 107.9, np.float64(-72.3)), (3238, 107.933, np.float64(-73.4)), (3239, 107.967, np.float64(-76.5)), (3240, 108.0, np.float64(-81.5)), (3241, 108.033, np.float64(-79.2)), (3242, 108.067, np.float64(-76.5)), (3243, 108.1, np.float64(-77.4)), (3244, 108.133, np.float64(-74.3)), (3245, 108.167, np.float64(-73.2)), (3246, 108.2, np.float64(-72.7)), (3247, 108.233, np.float64(-70.1)), (3248, 108.267, np.float64(-70.4)), (3249, 108.3, np.float64(-70.0))]
[(3525, 117.5, np.float64(-39.7)), (3526, 117.533, np.float64(-31.0)), (3527, 117.567, np.float64(-21.9)), (3528, 117.6, np.float64(-21.9)), (3529, 117.633, np.float64(-43.8)), (3530, 117.667, np.float64(-65.6)), (3531, 117.7, np.float64(-57.3)), (3532, 117.733, np.float64(-58.1)), (3533, 117.767, np.float64(-60.1)), (3534, 117.8, np.float64(-62.1)), (3535, 117.833, np.float64(-64.3)), (3536, 117.867, np.float64(-68.2)), (3537, 117.9, np.float64(-71.8)), (3538, 117.933, np.float64(-73.8)), (3539, 117.967, np.float64(-71.2)), (3540, 118.0, np.float64(-76.3)), (3541, 118.033, np.float64(-78.3)), (3542, 118.067, np.float64(-78.5)), (3543, 118.1, np.float64(-77.8)), (3544, 118.133, np.float64(-79.1)), (3545, 118.167, np.float64(-71.4)), (3546, 118.2, np.float64(-70.5))]
