# hallucination-v17.mp4  1280x720  duration=4:38.97  step=1.0s  thr=45.0
# target: fixed 4 px at 720p (6 px at 1080p), Edit Spec section 5 (2026-09-26); widths are SOLID pixels at thr, true width is about +0.5
# time      color    stroke   L    R    T    B    bbox(x,y,w,h)
 0:03.00  purple     4.0   4.0  4.0  4.0  5.0   (481, 188, 740, 116)
 0:04.00  purple     4.0   4.0  4.0  4.0  5.0   (481, 188, 740, 116)
 0:05.00  purple     4.0   4.0  4.0  4.0  5.0   (481, 188, 740, 116)
 0:06.00  purple     4.0   4.0  4.0  4.0  5.0   (481, 188, 740, 116)
 0:07.00  purple     4.0   4.0  4.0  4.0  5.0   (481, 188, 740, 116)
 0:08.00  purple     4.0   4.0  4.0  4.0  5.0   (481, 188, 740, 116)
 0:09.00  violet     4.0   4.0  4.0  4.0  4.0   (60, 348, 735, 180)
 0:10.00  violet     4.0   4.0  4.0  4.0  4.0   (60, 348, 735, 180)
 0:11.00  violet     4.0   4.0  4.0  4.0  4.0   (60, 348, 735, 180)
 0:12.00  violet     4.0   4.0  4.0  4.0  4.0   (60, 348, 735, 180)
 0:13.00  violet     4.0   4.0  4.0  4.0  4.0   (60, 348, 735, 180)
 0:14.00  violet     4.0   4.0  4.0  4.0  4.0   (60, 348, 735, 180)
 0:15.00  violet     4.0   4.0  4.0  4.0  4.0   (60, 348, 735, 180)
 0:16.00  violet     4.0   4.0  4.0  4.0  4.0   (60, 348, 735, 180)
 0:17.00  violet     4.0   4.0  4.0  4.0  4.0   (60, 348, 735, 180)
 0:18.00  violet     4.0   4.0  4.0  4.0  4.0   (60, 348, 735, 180)
 0:19.00  violet     4.0   4.0  4.0  4.0  4.0   (60, 348, 735, 180)
 0:20.00  violet     4.0   4.0  4.0  4.0  4.0   (60, 348, 735, 180)
 0:21.00  violet     4.0   4.0  4.0  4.0  4.0   (60, 348, 735, 180)
 0:22.00  violet     4.0   4.0  4.0  4.0  4.0   (60, 348, 735, 180)
 0:23.00  violet     4.0   4.0  4.0  4.0  4.0   (60, 348, 735, 180)
 0:24.00  violet     4.0   4.0  4.0  4.0  4.0   (60, 348, 735, 180)
 0:25.00  violet     4.0   4.0  4.0  4.0  4.0   (60, 348, 735, 180)
 0:26.00  violet     4.0   4.0  4.0  4.0  4.0   (28, 584, 1225, 78)
 0:27.00  violet     4.0   4.0  4.0  4.0  4.0   (28, 584, 1225, 78)
 0:28.00  violet     4.0   4.0  4.0  4.0  4.0   (60, 348, 735, 180)
 0:29.00  violet     4.0   4.0  4.0  4.0  4.0   (60, 348, 735, 180)
 0:30.00  violet     4.0   4.0  4.0  4.0  4.0   (60, 348, 735, 180)
 0:31.00  violet     4.0   4.0  4.0  4.0  4.0   (60, 348, 735, 180)
 0:32.00  violet     4.0   4.0  4.0  4.0  4.0   (60, 348, 735, 180)
 0:33.00  violet     4.0   4.0  4.0  4.0  4.0   (60, 348, 735, 180)
 0:34.00  violet     4.0   4.0  4.0  4.0  4.0   (60, 348, 735, 180)
 0:35.00  violet     4.0   4.0  4.0  4.0  4.0   (60, 348, 735, 180)
 0:36.00  violet     4.0   4.0  4.0  4.0  4.0   (60, 348, 735, 180)
 0:37.00  violet     4.0   4.0  4.0  4.0  4.0   (60, 348, 735, 180)
 0:38.00  violet     4.0   4.0  4.0  4.0  4.0   (60, 348, 735, 180)
 0:39.00  violet     4.0   4.0  4.0  4.0  4.0   (60, 348, 735, 180)
 0:40.00  violet     4.0   4.0  4.0  4.0  4.0   (60, 348, 735, 180)
 0:41.00  violet     4.0   4.0  4.0  4.0  4.0   (60, 348, 735, 180)
 0:42.00  violet     4.0   4.0  4.0  4.0  4.0   (60, 348, 735, 180)
 0:43.00  violet     4.0   4.0  4.0  4.0  4.0   (60, 348, 735, 180)
 0:44.00  violet     4.0   4.0  4.0  4.0  4.0   (60, 348, 735, 180)
 0:45.00  violet     4.0   4.0  4.0  4.0  4.0   (60, 348, 735, 180)
 0:46.00  violet     4.0   4.0  4.0  4.0  4.0   (60, 348, 735, 180)
 0:47.00  violet     4.0   4.0  4.0  4.0  4.0   (60, 348, 735, 180)
 0:48.00  violet     4.0   4.0  4.0  4.0  4.0   (60, 348, 735, 180)
 0:49.00  violet     4.0   4.0  4.0  4.0  4.0   (60, 348, 735, 180)
 1:03.00  gold      15.0  10.5 29.0 15.0 15.0   (406, 636, 160, 80)
 1:04.00  gold      14.0  11.0 27.0 14.0 14.0   (407, 636, 159, 80)
 1:05.00  gold      14.0  11.0 26.0 14.0 14.0   (407, 636, 159, 80)
 1:06.00  gold      14.0  11.0 25.0 14.0 14.0   (407, 636, 157, 80)
 1:07.00  gold      13.5  11.0 26.0 14.0 13.0   (407, 636, 159, 80)
 1:24.00  purple     4.0   4.0  4.0  4.0  5.0   (28, 109, 302, 572)
 1:25.00  purple     4.0   4.0  4.0  4.0  5.0   (28, 109, 302, 572)
 1:26.00  purple     4.0   4.0  4.0  4.0  5.0   (28, 109, 302, 572)
 1:27.00  purple     4.0   4.0  4.0  4.0  5.0   (28, 109, 302, 572)
 1:28.00  purple     4.0   4.0  4.0  4.0  5.0   (28, 109, 302, 572)
 1:29.00  purple     4.0   4.0  4.0  4.0  5.0   (28, 109, 302, 572)
 1:30.00  purple     4.0   4.0  4.0  4.0  5.0   (28, 109, 302, 572)
 1:31.00  blue       4.0   4.0  4.0  4.0  4.0   (320, 110, 325, 570)
 1:32.00  blue       4.0   4.0  4.0  4.0  4.0   (320, 110, 325, 570)
 1:33.00  blue       4.0   4.0  4.0  4.0  4.0   (320, 110, 325, 570)
 1:34.00  blue       4.0   4.0  4.0  4.0  4.0   (320, 110, 325, 570)
 1:35.00  blue       4.0   4.0  4.0  4.0  4.0   (320, 110, 325, 570)
 1:36.00  blue       4.0   4.0  4.0  4.0  4.0   (320, 110, 325, 570)
 1:37.00  blue       4.0   4.0  4.0  4.0  4.0   (320, 110, 325, 570)
 1:38.00  blue       4.0   4.0  4.0  4.0  4.0   (320, 110, 325, 570)
 1:39.00  teal       5.0   5.0  5.0  5.0  5.0   (636, 109, 326, 572)
 1:40.00  teal       5.0   5.0  5.0  5.0  5.0   (636, 109, 326, 572)
 1:41.00  teal       5.0   5.0  5.0  5.0  5.0   (636, 109, 326, 572)
 1:42.00  teal       5.0   5.0  5.0  5.0  5.0   (636, 109, 326, 572)
 1:43.00  teal       5.0   5.0  5.0  5.0  5.0   (636, 109, 326, 572)
 1:44.00  teal       5.0   5.0  5.0  5.0  5.0   (636, 109, 326, 572)
 1:45.00  teal       5.0   5.0  5.0  5.0  5.0   (636, 109, 326, 572)
 1:46.00  teal       5.0   5.0  5.0  5.0  5.0   (636, 109, 326, 572)
 1:47.00  amber      4.0   5.0  4.0  4.0  4.0   (952, 110, 301, 570)
 1:48.00  amber      4.0   5.0  4.0  4.0  4.0   (952, 110, 301, 570)
 1:49.00  amber      4.0   4.0  4.0  4.0  4.0   (952, 110, 301, 570)
 1:50.00  amber      4.0   4.0  4.0  4.0  4.0   (952, 110, 301, 570)
 1:51.00  amber      4.0   4.0  4.0  4.0  4.0   (952, 110, 301, 570)
 1:52.00  amber      4.0   4.0  4.0  4.0  4.0   (952, 110, 301, 570)
 1:53.00  amber      4.0   4.0  4.0  4.0  4.0   (952, 110, 301, 570)
 1:54.00  amber      4.0   4.0  4.0  4.0  4.0   (952, 110, 301, 570)
 1:55.00  amber      4.0   4.0  4.0  4.0  4.0   (952, 110, 301, 570)
 1:56.00  amber      4.0   4.0  4.0  4.0  4.0   (952, 110, 301, 570)
 1:57.00  amber      4.0   4.0  4.0  4.0  4.0   (952, 110, 301, 570)
 2:25.00  violet     4.0   4.0  4.0  4.0  4.0   (248, 88, 784, 522)
 2:26.00  violet     4.0   4.0  4.0  4.0  4.0   (248, 88, 784, 522)
 2:27.00  violet     4.0   4.0  4.0  4.0  4.0   (248, 88, 784, 522)
 2:28.00  violet     4.0   4.0  4.0  4.0  4.0   (248, 88, 784, 522)
 2:29.00  violet     4.0   4.0  4.0  4.0  4.0   (248, 88, 784, 522)
 2:30.00  violet     4.0   4.0  4.0  4.0  4.0   (248, 88, 784, 522)
 2:31.00  violet     4.0   4.0  4.0  4.0  4.0   (248, 622, 784, 52)
 2:32.00  violet     4.0   4.0  4.0  4.0  4.0   (248, 622, 784, 52)
 2:33.00  violet     4.0   4.0  4.0  4.0  4.0   (248, 622, 784, 52)
 3:00.00  purple     4.0   4.0  4.0  4.0  4.0   (28, 146, 410, 498)
 3:01.00  purple     4.0   4.0  4.0  4.0  4.0   (28, 146, 410, 498)
 3:02.00  purple     4.0   4.0  4.0  4.0  4.0   (28, 146, 410, 498)
 3:03.00  purple     4.0   4.0  4.0  4.0  4.0   (28, 146, 410, 498)
 3:04.00  purple     4.0   4.0  4.0  4.0  4.0   (28, 146, 410, 498)
 3:05.00  blue       4.0   4.0  4.0  4.0  4.0   (428, 146, 424, 498)
 3:06.00  blue       4.0   4.0  4.0  4.0  4.0   (428, 146, 424, 498)
 3:07.00  blue       4.0   4.0  4.0  4.0  4.0   (428, 146, 424, 498)
 3:08.00  blue       4.0   4.0  4.0  4.0  4.0   (428, 146, 424, 498)
 3:09.00  blue       4.0   4.0  4.0  4.0  4.0   (428, 146, 424, 498)
 3:10.00  blue       4.0   4.0  4.0  4.0  4.0   (428, 146, 424, 498)
 3:11.00  teal       5.0   5.0  5.0  5.0  5.0   (844, 146, 409, 498)
 3:12.00  teal       5.0   5.0  5.0  5.0  5.0   (844, 146, 409, 498)
 3:13.00  teal       5.0   5.0  5.0  5.0  5.0   (844, 146, 409, 498)
 3:14.00  teal       5.0   5.0  5.0  5.0  5.0   (844, 146, 409, 498)
 3:15.00  teal       5.0   5.0  5.0  5.0  5.0   (844, 146, 409, 498)
 3:16.00  teal       5.0   5.0  5.0  5.0  5.0   (844, 146, 409, 498)
 3:17.00  teal       5.0   5.0  5.0  5.0  5.0   (844, 146, 409, 498)
 3:18.00  teal       5.0   5.0  5.0  5.0  5.0   (844, 146, 409, 498)
 3:19.00  teal       5.0   5.0  5.0  5.0  5.0   (844, 146, 409, 498)
 3:20.00  teal       5.0   5.0  5.0  5.0  5.0   (844, 146, 409, 498)
 3:21.00  teal       5.0   5.0  5.0  5.0  5.0   (844, 146, 409, 498)
 3:22.00  teal       5.0   5.0  5.0  5.0  5.0   (844, 146, 409, 498)
 3:23.00  teal       5.0   5.0  5.0  5.0  5.0   (844, 146, 409, 498)
 3:24.00  teal       5.0   5.0  5.0  5.0  5.0   (844, 146, 409, 498)
 3:25.00  teal       5.0   5.0  5.0  5.0  5.0   (844, 146, 409, 498)

# 121 ring samples in 14 runs; stroke histogram (rounded px): 4 px: 93, 5 px: 23, 14 px: 4, 15 px: 1
# runs (start, end, color, median stroke, min-max, samples)
 0:03.00 -  0:08.00  purple    4.0   4.0- 4.0    6
 0:09.00 -  0:25.00  violet    4.0   4.0- 4.0   17
 0:26.00 -  0:27.00  violet    4.0   4.0- 4.0    2
 0:28.00 -  0:49.00  violet    4.0   4.0- 4.0   22
 1:03.00 -  1:07.00  gold     14.0  13.5-15.0    5
 1:24.00 -  1:30.00  purple    4.0   4.0- 4.0    7
 1:31.00 -  1:38.00  blue      4.0   4.0- 4.0    8
 1:39.00 -  1:46.00  teal      5.0   5.0- 5.0    8
 1:47.00 -  1:57.00  amber     4.0   4.0- 4.0   11
 2:25.00 -  2:30.00  violet    4.0   4.0- 4.0    6
 2:31.00 -  2:33.00  violet    4.0   4.0- 4.0    3
 3:00.00 -  3:04.00  purple    4.0   4.0- 4.0    5
 3:05.00 -  3:10.00  blue      4.0   4.0- 4.0    6
 3:11.00 -  3:25.00  teal      5.0   5.0- 5.0   15
