# what-is-ai.mp4  1280x720  duration=2:56.60  step=0.5s  thr=45.0
# target: fixed 4 px at 720p (6 px at 1080p), Edit Spec section 5 (2026-09-26); widths are SOLID pixels at thr, true width is about +0.5
# time      color    stroke   L    R    T    B    bbox(x,y,w,h)
 0:33.50  gold       2.0   2.0  2.0  1.0  2.0   (81, 364, 524, 218)
 0:34.00  gold       2.0   2.0  2.0  1.0  2.0   (81, 364, 524, 218)
 0:34.50  gold       2.0   1.0  2.0  2.0  2.0   (81, 102, 525, 218)
 0:34.50  gold       2.0   2.0  2.0  2.0  2.0   (81, 364, 524, 218)
 0:35.00  gold       2.0   2.0  2.0  2.0  2.0   (81, 364, 524, 218)
 0:35.50  gold       2.0   2.0  2.0  2.0  2.0   (81, 364, 524, 218)
 0:36.00  gold       2.0   2.0  2.0  2.0  2.0   (81, 364, 524, 218)
 1:07.50  blue       4.0   4.0  4.0  4.0  4.0   (256, 308, 372, 50)
 1:08.00  blue       4.0   4.0  4.0  4.0  4.0   (233, 146, 657, 76)
 1:08.50  blue       4.0   4.0  4.0  4.0  4.0   (220, 40, 842, 96)
 1:09.00  blue       4.0   4.0  4.0  4.0  4.0   (220, 40, 842, 96)
 1:09.50  blue       4.0   4.0  4.0  4.0  4.0   (220, 40, 842, 96)
 1:10.00  blue       4.0   4.0  4.0  4.0  4.0   (220, 116, 842, 132)
 1:10.50  blue       4.0   4.0  4.0  4.0  4.0   (220, 116, 842, 132)
 1:11.00  blue       4.0   4.0  4.0  4.0  4.0   (220, 116, 842, 132)
 1:11.50  blue       4.0   4.0  4.0  4.0  4.0   (220, 116, 842, 132)
 1:12.00  blue       4.0   4.0  4.0  4.0  4.0   (220, 116, 842, 132)
 1:12.50  blue       4.0   4.0  4.0  4.0  4.0   (220, 116, 842, 132)
 1:13.00  blue       4.0   4.0  4.0  4.0  4.0   (220, 116, 842, 132)
 1:13.50  blue       4.0   4.0  4.0  4.0  4.0   (220, 116, 842, 132)
 1:14.00  blue       4.0   4.0  4.0  4.0  4.0   (220, 116, 842, 132)
 1:14.50  blue       4.0   4.0  4.0  4.0  4.0   (220, 116, 842, 132)
 1:15.00  blue       4.0   4.0  4.0  4.0  4.0   (220, 262, 842, 232)
 1:15.50  blue       4.0   4.0  4.0  4.0  4.0   (220, 262, 842, 232)
 1:20.00  blue       4.0   4.0  4.0  4.0  4.0   (220, 262, 842, 232)
 1:20.50  blue       4.0   4.0  4.0  4.0  4.0   (220, 508, 842, 172)
 1:21.00  blue       4.0   4.0  4.0  4.0  4.0   (220, 508, 842, 172)
 1:21.50  blue       4.0   4.0  4.0  4.0  4.0   (220, 508, 842, 172)
 1:22.00  blue       4.0   4.0  4.0  4.0  4.0   (220, 508, 842, 172)
 1:22.50  blue       4.0   4.0  4.0  4.0  4.0   (220, 508, 842, 172)
 1:23.00  blue       4.0   4.0  4.0  4.0  4.0   (220, 508, 842, 172)
 1:23.50  blue       4.0   4.0  4.0  4.0  4.0   (220, 508, 842, 172)
 1:24.00  blue       4.0   4.0  4.0  4.0  4.0   (220, 508, 842, 172)
 1:24.50  blue       4.0   4.0  4.0  4.0  4.0   (220, 508, 842, 172)
 1:25.00  blue       4.0   4.0  4.0  4.0  4.0   (220, 508, 842, 172)
 1:25.50  blue       4.0   4.0  4.0  4.0  4.0   (220, 508, 842, 172)
 1:26.00  blue       4.0   4.0  4.0  4.0  4.0   (220, 508, 842, 172)
 1:26.50  blue       4.0   4.0  4.0  4.0  4.0   (220, 508, 842, 172)
 1:27.00  purple     4.0   4.0  4.0  4.0  4.0   (1064, 40, 216, 96)
 1:27.50  purple     4.0   4.0  4.0  4.0  4.0   (294, 40, 841, 96)
 1:28.00  purple     4.0   4.0  4.0  4.0  4.0   (219, 40, 843, 96)
 1:28.50  purple     4.0   4.0  4.0  4.0  4.0   (219, 40, 843, 96)
 1:29.00  purple     4.0   4.0  4.0  4.0  4.0   (219, 40, 843, 96)
 1:29.50  purple     4.0   4.0  4.0  4.0  4.0   (219, 116, 843, 132)
 1:30.00  purple     4.0   4.0  4.0  4.0  4.0   (219, 116, 843, 132)
 1:30.50  purple     4.0   4.0  4.0  4.0  4.0   (219, 116, 843, 132)
 1:31.00  purple     4.0   4.0  4.0  4.0  4.0   (219, 116, 843, 132)
 1:31.50  purple     4.0   4.0  4.0  4.0  4.0   (219, 116, 843, 132)
 1:32.00  purple     4.0   4.0  4.0  4.0  4.0   (219, 116, 843, 132)
 1:32.50  purple     4.0   4.0  4.0  4.0  4.0   (219, 116, 843, 132)
 1:33.00  purple     4.0   4.0  4.0  4.0  4.0   (219, 116, 843, 132)
 1:33.50  purple     4.0   4.0  4.0  4.0  4.0   (219, 116, 843, 132)
 1:34.00  purple     4.0   4.0  4.0  4.0  4.0   (219, 262, 843, 232)
 1:34.50  purple     4.0   4.0  4.0  4.0  4.0   (219, 262, 843, 232)
 1:35.00  purple     4.0   4.0  4.0  4.0  4.0   (219, 262, 843, 232)
 1:35.50  purple     4.0   4.0  4.0  4.0  4.0   (219, 262, 843, 232)
 1:36.00  purple     4.0   4.0  4.0  4.0  4.0   (219, 262, 843, 232)
 1:36.50  purple     4.0   4.0  4.0  4.0  4.0   (219, 262, 843, 232)
 1:37.00  purple     4.0   4.0  4.0  4.0  4.0   (219, 262, 843, 232)
 1:47.00  purple     4.0   4.0  4.0  4.0  4.0   (219, 262, 843, 232)
 1:47.50  purple     4.0   4.0  4.0  4.0  4.0   (219, 262, 843, 232)
 1:48.00  purple     4.0   4.0  4.0  4.0  4.0   (219, 262, 843, 232)
 1:48.50  purple     4.0   4.0  4.0  4.0  4.0   (219, 508, 843, 172)
 1:49.00  purple     4.0   4.0  4.0  4.0  4.0   (219, 508, 843, 172)
 1:49.50  purple     4.0   4.0  4.0  4.0  4.0   (219, 508, 843, 172)
 1:50.00  purple     4.0   4.0  4.0  4.0  4.0   (219, 508, 843, 172)
 1:50.50  purple     4.0   4.0  4.0  4.0  4.0   (219, 508, 843, 172)
 1:51.00  purple     4.0   4.0  4.0  4.0  4.0   (219, 508, 843, 172)
 1:51.50  purple     4.0   4.0  4.0  4.0  4.0   (219, 508, 843, 172)
 1:52.00  purple     4.0   4.0  4.0  4.0  4.0   (219, 508, 843, 172)
 1:52.50  purple     4.0   4.0  4.0  4.0  4.0   (219, 508, 843, 172)
 1:53.00  purple     4.0   4.0  4.0  4.0  4.0   (219, 508, 843, 172)
 1:53.50  purple     4.0   4.0  4.0  4.0  4.0   (219, 508, 843, 172)
 1:54.50  violet     4.0   4.0  4.0  4.0  4.0   (246, 624, 788, 54)
 1:55.00  violet     4.0   4.0  4.0  4.0  4.0   (248, 624, 786, 54)
 1:55.50  violet     4.0   4.0  4.0  4.0  4.0   (247, 624, 787, 54)
 1:56.00  violet     4.0   4.0  4.0  4.0  4.0   (247, 624, 787, 54)
 1:56.50  violet     4.0   4.0  4.0  4.0  4.0   (247, 624, 787, 54)
 1:57.00  violet     4.0   4.0  4.0  4.0  4.0   (247, 624, 787, 54)
 1:57.50  violet     4.0   4.0  4.0  4.0  4.0   (247, 624, 787, 54)
 1:58.00  violet     4.0   4.0  4.0  4.0  4.0   (247, 624, 787, 54)
 1:58.50  violet     4.0   4.0  4.0  4.0  4.0   (247, 624, 787, 54)
 1:59.00  violet     4.0   4.0  4.0  4.0  4.0   (247, 624, 787, 54)
 1:59.50  violet     4.0   4.0  4.0  4.0  4.0   (247, 624, 787, 54)
 2:00.00  violet     4.0   4.0  4.0  4.0  4.0   (247, 624, 787, 54)
 2:05.00  violet     4.0   4.0  4.0  4.0  4.0   (312, 78, 659, 60)
 2:05.50  violet     4.0   4.0  4.0  4.0  4.0   (312, 78, 659, 60)
 2:06.00  violet     4.0   4.0  4.0  4.0  4.0   (312, 78, 659, 60)
 2:06.50  violet     4.0   4.0  4.0  4.0  4.0   (312, 78, 659, 60)
 2:07.00  violet     4.0   4.0  4.0  4.0  4.0   (312, 78, 659, 60)
 2:07.50  blue       4.0   4.0  4.0  4.0  4.0   (302, 198, 494, 122)
 2:08.00  blue       4.0   4.0  4.0  4.0  4.0   (284, 40, 712, 174)
 2:08.50  blue       4.0   4.0  4.0  4.0  4.0   (284, 40, 712, 174)
 2:09.00  blue       4.0   4.0  4.0  4.0  4.0   (284, 218, 713, 148)
 2:09.50  blue       4.0   4.0  4.0  4.0  4.0   (284, 218, 713, 148)
 2:10.00  blue       4.0   4.0  4.0  4.0  4.0   (284, 218, 713, 148)
 2:13.00  blue       4.0   4.0  4.0  4.0  4.0   (284, 378, 712, 218)
 2:13.50  blue       4.0   4.0  4.0  4.0  4.0   (284, 378, 712, 218)
 2:14.00  blue       4.0   4.0  4.0  4.0  4.0   (284, 378, 712, 218)
 2:14.50  blue       4.0   4.0  4.0  4.0  4.0   (284, 378, 712, 218)
 2:15.00  blue       4.0   4.0  4.0  4.0  4.0   (284, 378, 712, 218)
 2:15.50  blue       4.0   4.0  4.0  4.0  4.0   (284, 378, 712, 218)
 2:16.00  blue       4.0   4.0  4.0  4.0  4.0   (284, 378, 712, 218)
 2:16.50  blue       4.0   4.0  4.0  4.0  4.0   (284, 378, 712, 218)
 2:17.00  blue       4.0   4.0  4.0  4.0  4.0   (284, 606, 712, 74)
 2:17.50  blue       4.0   4.0  4.0  4.0  4.0   (284, 606, 712, 74)
 2:18.00  blue       4.0   4.0  4.0  4.0  4.0   (284, 606, 712, 74)
 2:18.50  blue       4.0   4.0  4.0  4.0  4.0   (284, 606, 712, 74)
 2:19.00  blue       4.0   4.0  4.0  4.0  4.0   (284, 606, 712, 74)
 2:19.50  purple     4.0   4.0  4.0  4.0  4.0   (796, 40, 484, 174)
 2:20.00  purple     4.0   4.0  4.0  4.0  4.0   (284, 40, 713, 174)
 2:20.50  purple     4.0   4.0  4.0  4.0  4.0   (284, 40, 713, 174)
 2:21.00  purple     4.0   4.0  4.0  4.0  4.0   (284, 40, 713, 174)
 2:21.50  purple     4.0   4.0  4.0  4.0  4.0   (284, 40, 713, 174)
 2:22.00  purple     4.0   4.0  4.0  4.0  4.0   (284, 40, 713, 174)
 2:22.50  purple     4.0   4.0  4.0  4.0  4.0   (284, 218, 713, 148)
 2:23.00  purple     4.0   4.0  4.0  4.0  4.0   (284, 218, 713, 148)
 2:23.50  purple     4.0   4.0  4.0  4.0  4.0   (284, 218, 713, 148)
 2:24.00  purple     4.0   4.0  4.0  4.0  4.0   (284, 218, 713, 148)
 2:24.50  purple     4.0   4.0  4.0  4.0  4.0   (284, 218, 713, 148)
 2:25.00  purple     4.0   4.0  4.0  4.0  4.0   (284, 218, 713, 148)
 2:25.50  purple     4.0   4.0  4.0  4.0  4.0   (284, 218, 713, 148)
 2:26.00  purple     4.0   4.0  4.0  4.0  4.0   (284, 218, 713, 148)
 2:26.50  purple     4.0   4.0  4.0  4.0  4.0   (284, 218, 713, 148)
 2:27.00  purple     4.0   4.0  4.0  4.0  4.0   (284, 378, 713, 218)
 2:27.50  purple     4.0   4.0  4.0  4.0  4.0   (284, 378, 713, 218)
 2:35.00  purple     4.0   4.0  4.0  4.0  4.0   (284, 606, 713, 74)
 2:35.50  purple     4.0   4.0  4.0  4.0  4.0   (284, 606, 713, 74)
 2:36.00  purple     4.0   4.0  4.0  4.0  4.0   (284, 606, 713, 74)
 2:36.50  purple     4.0   4.0  4.0  4.0  4.0   (284, 606, 713, 74)
 2:37.00  purple     4.0   4.0  4.0  4.0  4.0   (284, 606, 713, 74)
 2:37.50  purple     4.0   4.0  4.0  4.0  4.0   (284, 606, 713, 74)
 2:38.00  purple     4.0   4.0  4.0  4.0  4.0   (284, 606, 713, 74)
 2:39.00  violet     4.0   4.0  4.0  4.0  4.0   (114, 662, 868, 58)

# 134 ring samples in 30 runs; stroke histogram (rounded px): 2 px: 7, 4 px: 127
# runs (start, end, color, median stroke, min-max, samples)
 0:33.50 -  0:34.00  gold      2.0   2.0- 2.0    2
 0:34.50 -  0:34.50  gold      2.0   2.0- 2.0    1
 0:34.50 -  0:36.00  gold      2.0   2.0- 2.0    4
 1:07.50 -  1:07.50  blue      4.0   4.0- 4.0    1
 1:08.00 -  1:08.00  blue      4.0   4.0- 4.0    1
 1:08.50 -  1:09.50  blue      4.0   4.0- 4.0    3
 1:10.00 -  1:14.50  blue      4.0   4.0- 4.0   10
 1:15.00 -  1:15.50  blue      4.0   4.0- 4.0    2
 1:20.00 -  1:20.00  blue      4.0   4.0- 4.0    1
 1:20.50 -  1:26.50  blue      4.0   4.0- 4.0   13
 1:27.00 -  1:27.00  purple    4.0   4.0- 4.0    1
 1:27.50 -  1:27.50  purple    4.0   4.0- 4.0    1
 1:28.00 -  1:29.00  purple    4.0   4.0- 4.0    3
 1:29.50 -  1:33.50  purple    4.0   4.0- 4.0    9
 1:34.00 -  1:37.00  purple    4.0   4.0- 4.0    7
 1:47.00 -  1:48.00  purple    4.0   4.0- 4.0    3
 1:48.50 -  1:53.50  purple    4.0   4.0- 4.0   11
 1:54.50 -  2:00.00  violet    4.0   4.0- 4.0   12
 2:05.00 -  2:07.00  violet    4.0   4.0- 4.0    5
 2:07.50 -  2:07.50  blue      4.0   4.0- 4.0    1
 2:08.00 -  2:08.50  blue      4.0   4.0- 4.0    2
 2:09.00 -  2:10.00  blue      4.0   4.0- 4.0    3
 2:13.00 -  2:16.50  blue      4.0   4.0- 4.0    8
 2:17.00 -  2:19.00  blue      4.0   4.0- 4.0    5
 2:19.50 -  2:19.50  purple    4.0   4.0- 4.0    1
 2:20.00 -  2:22.00  purple    4.0   4.0- 4.0    5
 2:22.50 -  2:26.50  purple    4.0   4.0- 4.0    9
 2:27.00 -  2:27.50  purple    4.0   4.0- 4.0    2
 2:35.00 -  2:38.00  purple    4.0   4.0- 4.0    7
 2:39.00 -  2:39.00  violet    4.0   4.0- 4.0    1
