# big-downside-v7.mp4  1280x720  duration=4:10.47  step=0.5s  thr=45.0
# target: fixed 4 px at 720p (6 px at 1080p), Edit Spec section 5 (2026-09-26); widths are SOLID pixels at thr, true width is about +0.5
# time      color    stroke   L    R    T    B    bbox(x,y,w,h)
 0:11.50  amber     15.2  14.5  8.5 19.0 16.0   (282, 0, 106, 72)
 0:11.50  amber     10.0  22.0  8.0 12.0  8.0   (0, 468, 227, 56)
 0:54.50  purple     4.0   4.0  4.0  5.0  4.0   (74, 116, 368, 458)
 0:55.00  purple     4.0   4.0  4.0  5.0  4.0   (74, 116, 368, 458)
 0:55.50  purple     4.0   4.0  4.0  5.0  4.0   (74, 116, 368, 458)
 0:56.00  purple     4.0   4.0  4.0  5.0  4.0   (74, 116, 368, 458)
 0:56.50  purple     4.0   4.0  4.0  5.0  4.0   (74, 116, 368, 458)
 0:57.00  purple     4.0   4.0  4.0  5.0  4.0   (74, 116, 368, 458)
 0:57.50  purple     4.0   4.0  4.0  5.0  4.0   (74, 116, 368, 458)
 0:58.00  purple     4.0   4.0  4.0  5.0  4.0   (74, 116, 368, 458)
 0:58.50  blue       4.0   4.0  4.0  4.0  4.0   (458, 116, 366, 458)
 0:59.00  blue       4.0   4.0  4.0  4.0  4.0   (458, 116, 366, 458)
 0:59.50  blue       4.0   4.0  4.0  4.0  4.0   (458, 116, 366, 458)
 1:00.00  blue       4.0   4.0  4.0  4.0  4.0   (458, 116, 366, 458)
 1:00.50  blue       4.0   4.0  4.0  4.0  4.0   (458, 116, 366, 458)
 1:01.00  blue       4.0   4.0  4.0  4.0  4.0   (458, 116, 366, 458)
 1:01.50  blue       4.0   4.0  4.0  4.0  4.0   (458, 116, 366, 458)
 1:02.00  blue       4.0   4.0  4.0  4.0  4.0   (458, 116, 366, 458)
 1:02.50  blue       4.0   4.0  4.0  4.0  4.0   (458, 116, 366, 458)
 1:03.00  teal       5.0   5.0  5.0  5.0  5.0   (839, 116, 368, 458)
 1:03.50  teal       5.0   5.0  5.0  5.0  5.0   (839, 116, 368, 458)
 1:04.00  teal       5.0   5.0  5.0  5.0  5.0   (839, 116, 368, 458)
 1:04.50  teal       5.0   5.0  5.0  5.0  5.0   (839, 116, 368, 458)
 1:05.00  teal       5.0   5.0  5.0  5.0  5.0   (839, 116, 368, 458)
 1:05.50  teal       5.0   5.0  5.0  5.0  5.0   (839, 116, 368, 458)
 1:06.00  teal       5.0   5.0  5.0  5.0  5.0   (839, 116, 368, 458)
 1:06.50  teal       5.0   5.0  5.0  5.0  5.0   (839, 116, 368, 458)
 1:07.00  teal       5.0   5.0  5.0  5.0  5.0   (839, 116, 368, 458)
 1:07.50  teal       5.0   5.0  5.0  5.0  5.0   (839, 116, 368, 458)
 1:08.00  teal       5.0   5.0  5.0  5.0  5.0   (839, 116, 368, 458)
 1:08.50  violet     4.0   4.0  4.0  4.0  4.0   (74, 594, 1133, 74)
 1:09.00  violet     4.0   4.0  4.0  4.0  4.0   (74, 594, 1133, 74)
 1:09.50  violet     4.0   4.0  4.0  4.0  4.0   (74, 594, 1133, 74)
 1:10.00  violet     4.0   4.0  4.0  4.0  4.0   (74, 594, 1133, 74)
 1:10.50  violet     4.0   4.0  4.0  4.0  4.0   (74, 594, 1133, 74)
 1:11.00  violet     4.0   4.0  4.0  4.0  4.0   (74, 594, 1133, 74)
 1:11.50  violet     4.0   4.0  4.0  4.0  4.0   (74, 594, 1133, 74)
 1:38.00  violet     4.0   4.0  4.0  4.0  4.0   (484, 420, 142, 140)
 1:38.50  violet     4.0   4.0  4.0  4.0  4.0   (484, 420, 142, 140)
 1:39.00  violet     4.0   4.0  4.0  4.0  4.0   (484, 420, 142, 140)
 1:39.50  violet     4.0   4.0  4.0  4.0  4.0   (484, 420, 142, 140)
 1:40.00  violet     4.0   4.0  4.0  4.0  4.0   (630, 430, 112, 120)
 1:40.50  violet     4.0   4.0  4.0  4.0  4.0   (630, 430, 112, 120)
 1:41.00  violet     4.0   4.0  4.0  4.0  4.0   (630, 430, 112, 120)
 1:41.50  violet     4.0   4.0  4.0  4.0  4.0   (630, 430, 112, 120)
 1:42.00  violet     4.0   4.0  4.0  4.0  4.0   (630, 430, 112, 120)
 1:42.50  violet     4.0   4.0  4.0  4.0  4.0   (248, 620, 784, 52)
 1:43.00  violet     4.0   4.0  4.0  4.0  4.0   (248, 620, 784, 52)
 1:43.50  violet     4.0   4.0  4.0  4.0  4.0   (248, 620, 784, 52)
 1:44.00  violet     4.0   4.0  4.0  4.0  4.0   (248, 620, 784, 52)
 1:44.50  violet     4.0   4.0  4.0  4.0  4.0   (248, 620, 784, 52)
 1:45.00  violet     4.0   4.0  4.0  4.0  4.0   (248, 620, 784, 52)
 1:45.50  violet     4.0   4.0  4.0  4.0  4.0   (248, 620, 784, 52)
 1:46.00  violet     4.0   4.0  4.0  4.0  4.0   (248, 620, 784, 52)
 1:46.50  violet     4.0   4.0  4.0  4.0  4.0   (248, 620, 784, 52)
 1:47.00  violet     4.0   4.0  4.0  4.0  4.0   (248, 620, 784, 52)
 1:47.50  violet     4.0   4.0  4.0  4.0  4.0   (248, 620, 784, 52)
 1:48.00  violet     4.0   4.0  4.0  4.0  4.0   (248, 620, 784, 52)
 1:48.50  violet     4.0   4.0  4.0  4.0  4.0   (248, 620, 784, 52)
 1:49.00  violet     4.0   4.0  4.0  4.0  4.0   (248, 620, 784, 52)
 1:49.50  violet     4.0   4.0  4.0  4.0  4.0   (248, 620, 784, 52)
 2:10.50  purple     4.0   4.0  4.0  5.0  4.0   (28, 157, 314, 475)
 2:11.00  purple     4.0   4.0  4.0  5.0  4.0   (28, 157, 314, 475)
 2:11.50  purple     4.0   4.0  4.0  5.0  4.0   (28, 157, 314, 475)
 2:12.00  purple     4.0   4.0  4.0  5.0  4.0   (28, 157, 314, 475)
 2:12.50  purple     4.0   4.0  4.0  5.0  4.0   (28, 157, 314, 475)
 2:13.00  purple     4.0   4.0  4.0  5.0  4.0   (28, 157, 314, 475)
 2:13.50  purple     4.0   4.0  4.0  5.0  4.0   (28, 157, 314, 475)
 2:14.00  blue       4.0   4.0  4.0  4.0  4.0   (332, 158, 313, 474)
 2:14.50  blue       4.0   4.0  4.0  4.0  4.0   (332, 158, 313, 474)
 2:15.00  blue       4.0   4.0  4.0  4.0  4.0   (332, 158, 313, 474)
 2:15.50  blue       4.0   4.0  4.0  4.0  4.0   (332, 158, 313, 474)
 2:16.00  blue       4.0   4.0  4.0  4.0  4.0   (332, 158, 313, 474)
 2:16.50  blue       4.0   4.0  4.0  4.0  4.0   (332, 158, 313, 474)
 2:17.00  red        4.0   4.0  4.0  4.0  4.0   (636, 158, 313, 474)
 2:17.50  red        4.0   4.0  4.0  4.0  4.0   (636, 158, 313, 474)
 2:18.00  red        4.0   4.0  4.0  4.0  4.0   (636, 158, 313, 474)
 2:18.50  red        4.0   4.0  4.0  4.0  4.0   (636, 158, 313, 474)
 2:19.00  red        4.0   4.0  4.0  4.0  4.0   (636, 158, 313, 474)
 2:19.50  red        4.0   4.0  4.0  4.0  4.0   (636, 158, 313, 474)
 2:20.00  red        4.0   4.0  4.0  4.0  4.0   (636, 158, 313, 474)
 2:20.50  red        4.0   4.0  4.0  4.0  4.0   (636, 158, 313, 474)
 2:21.00  red        4.0   4.0  4.0  4.0  4.0   (636, 158, 313, 474)
 2:21.50  red        4.0   4.0  4.0  4.0  4.0   (636, 158, 313, 474)
 2:22.00  teal       5.0   5.0  5.0  5.0  5.0   (940, 157, 313, 475)
 2:22.50  teal       5.0   5.0  5.0  5.0  5.0   (940, 157, 313, 475)
 2:23.00  teal       5.0   5.0  5.0  5.0  5.0   (940, 157, 313, 475)
 2:23.50  teal       5.0   5.0  5.0  5.0  5.0   (940, 157, 313, 475)
 2:24.00  teal       5.0   5.0  5.0  5.0  5.0   (940, 157, 313, 475)
 2:41.00  gold      10.0  10.0 10.0 19.0 10.0   (1066, 184, 158, 192)
 2:41.50  gold      10.0  10.0 10.0 19.0 10.0   (1066, 184, 158, 192)
 2:42.00  gold      10.0  10.0 10.0 19.0 10.0   (1066, 184, 158, 192)
 2:42.50  gold      10.0  10.0 10.0 19.0 10.0   (1066, 184, 158, 192)
 2:50.00  purple     5.0   4.0  5.0  5.0  5.0   (28, 114, 397, 461)
 2:50.50  purple     5.0   4.0  5.0  5.0  5.0   (28, 114, 397, 461)
 2:51.00  purple     5.0   4.0  5.0  5.0  5.0   (28, 114, 397, 461)
 2:51.50  purple     5.0   4.0  5.0  5.0  5.0   (28, 114, 397, 461)
 2:52.00  purple     5.0   4.0  5.0  5.0  5.0   (28, 114, 397, 461)
 2:52.50  purple     5.0   4.0  5.0  5.0  5.0   (28, 114, 397, 461)
 2:53.00  purple     5.0   4.0  5.0  5.0  5.0   (28, 114, 397, 461)
 2:53.50  purple     5.0   4.0  5.0  5.0  5.0   (28, 114, 397, 461)
 2:54.00  purple     5.0   4.0  5.0  5.0  5.0   (28, 114, 397, 461)
 2:54.50  purple     5.0   4.0  5.0  5.0  5.0   (28, 114, 397, 461)
 2:55.00  purple     5.0   4.0  5.0  5.0  5.0   (28, 114, 397, 461)
 2:55.50  purple     5.0   4.0  5.0  5.0  5.0   (28, 114, 397, 461)
 2:56.00  purple     5.0   4.0  5.0  5.0  5.0   (28, 114, 397, 461)
 2:56.50  purple     4.5   4.0  5.0  5.0  4.0   (28, 114, 397, 461)
 2:57.00  purple     4.5   4.0  5.0  5.0  4.0   (28, 114, 397, 461)
 3:01.50  purple     5.0   4.0  5.0  5.0  5.0   (28, 114, 397, 461)
 3:02.00  blue       4.0   4.0  4.0  5.0  4.0   (442, 114, 397, 460)
 3:02.50  blue       4.0   4.0  4.0  5.0  4.0   (442, 114, 397, 460)
 3:03.00  blue       4.0   4.0  4.0  5.0  4.0   (442, 114, 397, 460)
 3:03.50  blue       4.0   4.0  4.0  5.0  4.0   (442, 114, 397, 460)
 3:04.00  blue       4.0   4.0  4.0  5.0  4.0   (442, 114, 397, 460)
 3:04.50  blue       4.0   4.0  4.0  5.0  4.0   (442, 114, 397, 460)
 3:05.00  blue       4.0   4.0  4.0  5.0  4.0   (442, 114, 397, 460)
 3:05.50  blue       4.0   4.0  4.0  5.0  4.0   (442, 114, 397, 460)
 3:06.00  blue       4.0   4.0  4.0  5.0  4.0   (442, 114, 397, 460)
 3:06.50  blue       4.0   4.0  4.0  5.0  4.0   (442, 114, 397, 460)
 3:07.00  blue       4.0   4.0  4.0  5.0  4.0   (442, 114, 397, 460)
 3:07.50  blue       4.0   4.0  4.0  5.0  4.0   (442, 114, 397, 460)
 3:08.00  blue       4.0   4.0  4.0  5.0  4.0   (442, 114, 397, 460)
 3:08.50  blue       4.0   4.0  4.0  5.0  4.0   (442, 114, 397, 460)
 3:09.00  red        4.0   4.0  4.0  5.0  4.0   (856, 114, 396, 460)
 3:09.50  red        4.0   4.0  4.0  5.0  4.0   (856, 114, 396, 460)
 3:10.00  red        4.0   4.0  4.0  5.0  4.0   (856, 114, 397, 460)
 3:10.50  red        4.0   4.0  4.0  5.0  4.0   (856, 114, 397, 460)
 3:11.00  red        4.0   4.0  4.0  5.0  4.0   (856, 114, 397, 460)
 3:11.50  red        4.0   4.0  4.0  5.0  4.0   (856, 114, 397, 460)
 3:12.00  red        4.0   4.0  4.0  5.0  4.0   (856, 114, 397, 460)
 3:12.50  red        4.0   4.0  4.0  5.0  4.0   (856, 114, 397, 460)
 3:17.00  red        4.0   4.0  4.0  5.0  4.0   (856, 114, 397, 460)
 3:17.50  violet     4.0   4.0  4.0  4.0  4.0   (28, 598, 1224, 78)
 3:18.00  violet     4.0   4.0  4.0  4.0  4.0   (28, 598, 1224, 78)
 3:18.50  violet     4.0   4.0  4.0  4.0  4.0   (28, 598, 1224, 78)
 3:19.00  violet     4.0   4.0  4.0  4.0  4.0   (28, 598, 1224, 78)
 3:19.50  violet     4.0   4.0  4.0  4.0  4.0   (28, 598, 1224, 78)
 3:20.00  violet     4.0   4.0  4.0  4.0  4.0   (28, 598, 1224, 78)
 3:20.50  violet     4.0   4.0  4.0  4.0  4.0   (28, 598, 1224, 78)

# 139 ring samples in 20 runs; stroke histogram (rounded px): 4 px: 103, 5 px: 30, 10 px: 5, 15 px: 1
# runs (start, end, color, median stroke, min-max, samples)
 0:11.50 -  0:11.50  amber    15.2  15.2-15.2    1
 0:11.50 -  0:11.50  amber    10.0  10.0-10.0    1
 0:54.50 -  0:58.00  purple    4.0   4.0- 4.0    8
 0:58.50 -  1:02.50  blue      4.0   4.0- 4.0    9
 1:03.00 -  1:08.00  teal      5.0   5.0- 5.0   11
 1:08.50 -  1:11.50  violet    4.0   4.0- 4.0    7
 1:38.00 -  1:39.50  violet    4.0   4.0- 4.0    4
 1:40.00 -  1:42.00  violet    4.0   4.0- 4.0    5
 1:42.50 -  1:49.50  violet    4.0   4.0- 4.0   15
 2:10.50 -  2:13.50  purple    4.0   4.0- 4.0    7
 2:14.00 -  2:16.50  blue      4.0   4.0- 4.0    6
 2:17.00 -  2:21.50  red       4.0   4.0- 4.0   10
 2:22.00 -  2:24.00  teal      5.0   5.0- 5.0    5
 2:41.00 -  2:42.50  gold     10.0  10.0-10.0    4
 2:50.00 -  2:57.00  purple    5.0   4.5- 5.0   15
 3:01.50 -  3:01.50  purple    5.0   5.0- 5.0    1
 3:02.00 -  3:08.50  blue      4.0   4.0- 4.0   14
 3:09.00 -  3:12.50  red       4.0   4.0- 4.0    8
 3:17.00 -  3:17.00  red       4.0   4.0- 4.0    1
 3:17.50 -  3:20.50  violet    4.0   4.0- 4.0    7
