# layers.mp4  1280x720  duration=3:23.37  step=0.5s  thr=45.0
# target: fixed 4 px at 720p (6 px at 1080p), Edit Spec section 5 (2026-09-26); widths are SOLID pixels at thr, true width is about +0.5
# time      color    stroke   L    R    T    B    bbox(x,y,w,h)
 0:07.50  violet     4.0   2.0  4.0  4.0  4.0   (120, 40, 656, 60)
 0:08.00  violet     4.0   2.0  4.0  4.0  4.0   (120, 40, 656, 60)
 0:08.50  violet     4.0   2.0  4.0  4.0  4.0   (120, 40, 656, 60)
 0:09.00  violet     4.0   2.0  4.0  4.0  4.0   (120, 40, 656, 60)
 0:10.50  purple     2.0   2.0  4.0  2.0  2.0   (186, 62, 388, 582)
 0:11.00  purple     3.0   2.0  2.0  4.0  4.0   (222, 14, 458, 692)
 0:11.50  purple     3.0   2.0  2.0  4.0  4.0   (222, 14, 458, 692)
 0:12.00  purple     3.0   2.0  2.0  4.0  4.0   (222, 14, 458, 692)
 0:12.50  purple     3.0   2.0  2.0  4.0  4.0   (222, 14, 458, 692)
 0:13.00  purple     3.0   2.0  2.0  4.0  4.0   (222, 14, 458, 692)
 0:13.50  purple     3.0   2.0  2.0  4.0  4.0   (222, 14, 458, 692)
 0:14.00  purple     3.0   2.0  2.0  4.0  4.0   (222, 14, 458, 692)
 0:14.50  purple     3.0   2.0  2.0  4.0  4.0   (222, 14, 458, 692)
 0:15.00  purple     3.0   2.0  2.0  4.0  4.0   (222, 14, 458, 692)
 0:15.50  purple     3.0   2.0  2.0  4.0  4.0   (222, 14, 458, 692)
 0:16.00  purple     3.0   2.0  2.0  4.0  4.0   (222, 14, 458, 692)
 0:16.50  purple     3.0   2.0  2.0  4.0  4.0   (222, 14, 458, 692)
 0:17.00  purple     3.0   2.0  2.0  4.0  4.0   (222, 14, 458, 692)
 0:17.50  purple     3.0   2.0  2.0  4.0  4.0   (222, 14, 458, 692)
 0:19.50  blue       4.0   4.0  4.0  4.0  4.0   (410, 14, 460, 692)
 0:20.00  blue       4.0   4.0  4.0  4.0  4.0   (410, 14, 460, 692)
 0:20.50  blue       4.0   4.0  4.0  4.0  4.0   (410, 14, 460, 692)
 0:21.00  blue       4.0   4.0  4.0  4.0  4.0   (410, 14, 460, 692)
 0:21.50  blue       4.0   4.0  4.0  4.0  4.0   (410, 14, 460, 692)
 0:22.00  blue       4.0   4.0  4.0  4.0  4.0   (410, 14, 460, 692)
 0:22.50  blue       4.0   4.0  4.0  4.0  4.0   (410, 14, 460, 692)
 0:23.00  blue       4.0   4.0  4.0  4.0  4.0   (410, 14, 460, 692)
 0:23.50  blue       4.0   4.0  4.0  4.0  4.0   (410, 14, 460, 692)
 0:24.00  blue       4.0   4.0  4.0  4.0  4.0   (410, 14, 460, 692)
 0:24.50  blue       4.0   4.0  4.0  4.0  4.0   (410, 14, 460, 692)
 0:25.00  blue       4.0   4.0  4.0  4.0  4.0   (410, 14, 460, 692)
 0:25.50  blue       4.0   4.0  4.0  4.0  4.0   (410, 14, 460, 692)
 0:26.00  blue       4.0   4.0  4.0  4.0  4.0   (410, 14, 460, 692)
 0:26.50  blue       4.0   4.0  4.0  4.0  4.0   (410, 14, 460, 692)
 0:27.00  blue       4.0   4.0  4.0  4.0  4.0   (410, 14, 460, 692)
 0:27.50  blue       4.0   4.0  4.0  4.0  4.0   (410, 14, 460, 692)
 0:28.00  blue       4.0   4.0  4.0  4.0  4.0   (410, 14, 460, 692)
 0:28.50  blue       4.0   4.0  4.0  4.0  4.0   (410, 14, 460, 692)
 0:30.00  teal       4.0   4.0  4.0  4.0  4.0   (598, 14, 460, 692)
 0:30.50  teal       4.0   4.0  4.0  4.0  4.0   (598, 14, 460, 692)
 0:31.00  teal       4.0   4.0  4.0  4.0  4.0   (598, 14, 460, 692)
 0:31.50  teal       4.0   4.0  4.0  4.0  4.0   (598, 14, 460, 692)
 0:38.50  teal       4.0   4.0  4.0  4.0  4.0   (598, 14, 460, 692)
 0:39.00  teal       4.0   4.0  4.0  4.0  4.0   (598, 14, 460, 692)
 0:39.50  teal       4.0   4.0  4.0  4.0  4.0   (598, 14, 460, 692)
 0:40.00  teal       4.0   4.0  4.0  4.0  4.0   (598, 14, 460, 692)
 0:40.50  teal       4.0   4.0  4.0  4.0  4.0   (598, 14, 460, 692)
 0:41.00  teal       4.0   4.0  4.0  4.0  4.0   (598, 14, 460, 692)
 0:41.50  teal       4.0   4.0  4.0  4.0  4.0   (598, 14, 460, 692)
 0:42.00  teal       3.0   3.0  3.0  4.0  2.0   (686, 52, 400, 604)
 0:42.50  teal       3.5   3.0  4.0  2.0  4.0   (814, 110, 316, 474)
 0:43.00  violet     4.0   4.0  4.0  2.0  4.0   (122, 604, 1036, 66)
 0:43.50  violet     4.0   4.0  4.0  2.0  4.0   (122, 604, 1036, 66)
 0:44.00  violet     4.0   4.0  4.0  2.0  4.0   (122, 604, 1036, 66)
 0:44.50  violet     4.0   4.0  4.0  2.0  4.0   (122, 604, 1036, 66)
 0:45.00  violet     4.0   4.0  4.0  2.0  4.0   (122, 604, 1036, 66)
 1:09.00  gold      11.5   2.0  6.0 17.0 17.0   (396, 290, 148, 88)
 1:09.50  gold      11.5   2.0  6.0 17.0 17.0   (396, 290, 148, 88)
 1:10.00  gold      11.5   2.0  6.0 17.0 17.0   (396, 290, 148, 88)
 1:10.50  gold      11.5   2.0  6.0 17.0 17.0   (396, 290, 148, 88)
 1:11.00  violet     2.0   2.0  2.0  2.0  2.0   (222, 108, 836, 348)
 1:11.00  gold      11.5   2.0  6.0 17.0 17.0   (396, 290, 148, 88)
 1:11.50  violet     2.0   2.0  2.0  2.0  2.0   (222, 108, 836, 348)
 1:11.50  gold      11.5   2.0  6.0 17.0 17.0   (396, 290, 148, 88)
 1:12.00  violet     2.0   2.0  2.0  2.0  2.0   (222, 108, 836, 348)
 1:12.00  gold      11.5   2.0  6.0 17.0 17.0   (396, 290, 148, 88)
 1:12.50  violet     2.0   2.0  2.0  2.0  2.0   (222, 108, 836, 348)
 1:12.50  gold      11.5   2.0  6.0 17.0 17.0   (396, 290, 148, 88)
 1:13.00  violet     2.0   2.0  2.0  2.0  2.0   (222, 108, 836, 348)
 1:13.00  gold      11.5   2.0  6.0 17.0 17.0   (396, 290, 148, 88)
 1:13.50  violet     2.0   2.0  2.0  2.0  2.0   (222, 108, 836, 348)
 1:13.50  gold      11.5   2.0  6.0 17.0 17.0   (396, 290, 148, 88)
 1:14.00  violet     2.0   2.0  2.0  2.0  2.0   (222, 108, 836, 348)
 1:14.00  gold      11.5   2.0  6.0 17.0 17.0   (396, 290, 148, 88)
 1:14.50  violet     2.0   2.0  2.0  2.0  2.0   (222, 108, 836, 348)
 1:14.50  gold      11.5   2.0  6.0 17.0 17.0   (396, 290, 148, 88)
 1:15.00  violet     2.0   2.0  2.0  2.0  2.0   (222, 108, 836, 348)
 1:15.00  gold      11.5   2.0  6.0 17.0 17.0   (396, 290, 148, 88)
 1:15.50  violet     2.0   2.0  2.0  2.0  2.0   (222, 108, 836, 348)
 1:15.50  gold      11.5   2.0  6.0 17.0 17.0   (396, 290, 148, 88)
 1:16.00  violet     2.0   2.0  2.0  2.0  2.0   (222, 108, 836, 348)
 1:16.00  gold      11.5   2.0  6.0 17.0 17.0   (396, 290, 148, 88)
 1:16.50  violet     2.0   2.0  2.0  2.0  2.0   (222, 108, 836, 348)
 1:16.50  gold      11.5   2.0  6.0 17.0 17.0   (396, 290, 148, 88)
 1:17.00  violet     2.0   2.0  2.0  2.0  2.0   (222, 108, 836, 348)
 1:17.00  gold      11.0   1.0  5.0 17.0 17.0   (396, 290, 148, 88)
 1:17.50  violet     2.0   2.0  2.0  2.0  2.0   (222, 108, 836, 348)
 1:17.50  gold      11.0   1.0  5.0 17.0 17.0   (396, 290, 148, 88)
 1:18.00  violet     2.0   2.0  2.0  2.0  2.0   (222, 108, 836, 348)
 1:18.00  gold      11.0   1.0  5.0 17.0 17.0   (396, 290, 148, 88)
 1:18.50  violet     2.0   2.0  2.0  2.0  2.0   (222, 108, 836, 348)
 1:18.50  gold      11.0   1.0  5.0 17.0 17.0   (396, 290, 148, 88)
 1:19.00  violet     2.0   2.0  2.0  2.0  2.0   (222, 108, 836, 348)
 1:19.00  gold      11.0   1.0  5.0 17.0 17.0   (396, 290, 148, 88)
 1:19.50  violet     2.0   2.0  2.0  2.0  2.0   (222, 108, 836, 348)
 1:19.50  gold      11.0   1.0  5.0 17.0 17.0   (396, 290, 148, 88)
 1:25.00  gold      11.5   2.0  6.0 17.0 17.0   (396, 290, 148, 88)
 1:25.50  gold      11.5   2.0  6.0 17.0 17.0   (396, 290, 148, 88)
 1:26.00  gold      11.5   2.0  6.0 17.0 17.0   (396, 290, 148, 88)
 1:26.50  purple     2.0   2.0  2.0  2.0  2.0   (230, 506, 182, 80)
 1:26.50  gold      11.5   2.0  6.0 17.0 17.0   (396, 290, 148, 88)
 1:27.00  purple     2.0   2.0  2.0  2.0  2.0   (230, 506, 182, 80)
 1:27.00  gold      11.5   2.0  6.0 17.0 17.0   (396, 290, 148, 88)
 1:27.50  purple     2.0   2.0  2.0  2.0  2.0   (230, 506, 182, 80)
 1:27.50  gold      11.5   2.0  6.0 17.0 17.0   (396, 290, 148, 88)
 1:28.00  purple     2.0   2.0  2.0  2.0  2.0   (230, 506, 182, 80)
 1:28.00  gold      11.5   2.0  6.0 17.0 17.0   (396, 290, 148, 88)
 1:28.50  purple     2.0   2.0  2.0  2.0  2.0   (230, 506, 182, 80)
 1:28.50  gold      11.5   2.0  6.0 17.0 17.0   (396, 290, 148, 88)
 1:29.00  purple     2.0   2.0  2.0  2.0  2.0   (230, 506, 182, 80)
 1:29.00  gold      11.5   2.0  6.0 17.0 17.0   (396, 290, 148, 88)
 1:29.50  purple     2.0   2.0  2.0  2.0  2.0   (230, 506, 182, 80)
 1:29.50  gold      11.5   2.0  6.0 17.0 17.0   (396, 290, 148, 88)
 1:30.00  purple     2.0   2.0  2.0  2.0  2.0   (230, 506, 182, 80)
 1:30.00  gold      11.5   2.0  6.0 17.0 17.0   (396, 290, 148, 88)
 1:30.50  purple     2.0   2.0  2.0  2.0  2.0   (230, 506, 182, 80)
 1:30.50  gold      11.5   2.0  6.0 17.0 17.0   (396, 290, 148, 88)
 1:31.00  purple     2.0   2.0  2.0  2.0  2.0   (230, 506, 182, 80)
 1:31.00  gold      11.5   2.0  6.0 17.0 17.0   (396, 290, 148, 88)
 1:31.50  purple     2.0   2.0  2.0  2.0  2.0   (230, 506, 182, 80)
 1:31.50  gold      11.5   2.0  6.0 17.0 17.0   (396, 290, 148, 88)
 1:32.00  purple     2.0   2.0  2.0  2.0  2.0   (230, 506, 182, 80)
 1:32.00  gold      11.5   2.0  6.0 17.0 17.0   (396, 290, 148, 88)
 1:32.50  purple     2.0   2.0  2.0  2.0  2.0   (230, 506, 182, 80)
 1:32.50  gold      11.5   2.0  6.0 17.0 17.0   (396, 290, 148, 88)
 1:33.00  purple     2.0   2.0  2.0  2.0  2.0   (230, 506, 182, 80)
 1:33.00  gold      11.5   2.0  6.0 17.0 17.0   (396, 290, 148, 88)
 1:33.50  purple     2.0   2.0  2.0  2.0  2.0   (230, 506, 182, 80)
 1:33.50  gold      11.5   2.0  6.0 17.0 17.0   (396, 290, 148, 88)
 1:34.00  purple     2.0   2.0  2.0  2.0  2.0   (230, 506, 182, 80)
 1:34.00  gold      11.5   2.0  6.0 17.0 17.0   (396, 290, 148, 88)
 1:34.50  purple     2.0   2.0  2.0  2.0  2.0   (230, 506, 182, 80)
 1:34.50  gold      11.5   2.0  6.0 17.0 17.0   (396, 290, 148, 88)
 1:35.00  purple     2.0   2.0  2.0  2.0  2.0   (230, 506, 182, 80)
 1:35.00  gold      11.5   2.0  6.0 17.0 17.0   (396, 290, 148, 88)
 1:35.50  purple     2.0   2.0  2.0  2.0  2.0   (230, 506, 182, 80)
 1:35.50  gold      11.5   2.0  6.0 17.0 17.0   (396, 290, 148, 88)
 1:36.00  purple     2.0   2.0  2.0  2.0  2.0   (868, 506, 182, 80)
 1:36.00  gold      11.5   2.0  6.0 17.0 17.0   (396, 290, 148, 88)
 1:36.50  purple     2.0   2.0  2.0  2.0  2.0   (868, 506, 182, 80)
 1:36.50  gold      11.5   2.0  6.0 17.0 17.0   (396, 290, 148, 88)
 1:37.00  purple     2.0   2.0  2.0  2.0  2.0   (868, 506, 182, 80)
 1:37.00  gold      11.5   2.0  6.0 17.0 17.0   (396, 290, 148, 88)
 1:37.50  purple     2.0   2.0  2.0  2.0  2.0   (868, 506, 182, 80)
 1:37.50  gold      11.5   2.0  6.0 17.0 17.0   (396, 290, 148, 88)
 1:38.00  purple     2.0   2.0  2.0  2.0  2.0   (868, 506, 182, 80)
 1:38.00  gold      11.5   2.0  6.0 17.0 17.0   (396, 290, 148, 88)
 1:38.50  purple     2.0   2.0  2.0  2.0  2.0   (868, 506, 182, 80)
 1:38.50  gold      11.5   2.0  6.0 17.0 17.0   (396, 290, 148, 88)
 1:39.00  purple     2.0   2.0  2.0  2.0  2.0   (868, 506, 182, 80)
 1:39.00  gold      11.5   2.0  6.0 17.0 17.0   (396, 290, 148, 88)
 1:39.50  purple     2.0   2.0  2.0  2.0  2.0   (868, 506, 182, 80)
 1:39.50  gold      11.5   2.0  6.0 17.0 17.0   (396, 290, 148, 88)
 1:40.00  purple     2.0   2.0  2.0  2.0  2.0   (868, 506, 182, 80)
 1:40.00  gold      11.5   2.0  6.0 17.0 17.0   (396, 290, 148, 88)
 1:40.50  purple     2.0   2.0  2.0  2.0  2.0   (868, 506, 182, 80)
 1:40.50  gold      11.5   2.0  6.0 17.0 17.0   (396, 290, 148, 88)
 1:41.00  purple     2.0   2.0  2.0  2.0  2.0   (868, 506, 182, 80)
 1:41.00  gold      11.5   2.0  6.0 17.0 17.0   (396, 290, 148, 88)
 1:41.50  purple     2.0   2.0  2.0  2.0  2.0   (868, 506, 182, 80)
 1:41.50  gold      11.5   2.0  6.0 17.0 17.0   (396, 290, 148, 88)
 1:42.00  purple     2.0   2.0  2.0  2.0  2.0   (868, 506, 182, 80)
 1:42.00  gold      11.5   2.0  6.0 17.0 17.0   (396, 290, 148, 88)
 1:42.50  purple     2.0   2.0  2.0  2.0  2.0   (868, 506, 182, 80)
 1:42.50  gold      11.5   2.0  6.0 17.0 17.0   (396, 290, 148, 88)
 1:43.00  purple     2.0   2.0  2.0  2.0  2.0   (868, 506, 182, 80)
 1:43.00  gold      11.5   2.0  6.0 17.0 17.0   (396, 290, 148, 88)
 1:43.50  violet     3.0   4.0  4.0  2.0  2.0   (210, 618, 860, 56)
 1:43.50  gold      11.5   2.0  6.0 17.0 17.0   (396, 290, 148, 88)
 1:44.00  violet     3.0   4.0  4.0  2.0  2.0   (210, 618, 860, 56)
 1:44.00  gold      11.5   2.0  6.0 17.0 17.0   (396, 290, 148, 88)
 1:44.50  violet     3.0   4.0  4.0  2.0  2.0   (210, 618, 860, 56)
 1:44.50  gold      11.5   2.0  6.0 17.0 17.0   (396, 290, 148, 88)
 1:45.00  violet     3.0   4.0  4.0  2.0  2.0   (210, 618, 860, 56)
 1:45.00  gold      11.5   2.0  6.0 17.0 17.0   (396, 290, 148, 88)
 1:45.50  violet     3.0   4.0  4.0  2.0  2.0   (210, 618, 860, 56)
 1:45.50  gold      11.5   2.0  6.0 17.0 17.0   (396, 290, 148, 88)
 1:46.00  violet     3.0   4.0  4.0  2.0  2.0   (210, 618, 860, 56)
 1:46.00  gold      11.5   2.0  6.0 17.0 17.0   (396, 290, 148, 88)
 1:46.50  violet     3.0   4.0  4.0  2.0  2.0   (210, 618, 860, 56)
 1:46.50  gold      11.5   2.0  6.0 17.0 17.0   (396, 290, 148, 88)
 1:47.00  violet     3.0   4.0  4.0  2.0  2.0   (210, 618, 860, 56)
 1:47.00  gold      11.5   2.0  6.0 17.0 17.0   (396, 290, 148, 88)
 1:53.00  purple     2.0   2.0  2.0  2.0  4.0   (60, 146, 1160, 116)
 1:53.50  purple     2.0   2.0  2.0  2.0  4.0   (60, 146, 1160, 116)
 1:54.00  purple     2.0   2.0  2.0  2.0  4.0   (60, 146, 1160, 116)
 1:54.50  purple     2.0   2.0  2.0  2.0  4.0   (60, 146, 1160, 116)
 1:55.00  purple     2.0   2.0  2.0  2.0  4.0   (60, 146, 1160, 116)
 1:55.50  purple     2.0   2.0  2.0  2.0  4.0   (60, 146, 1160, 116)
 1:56.00  purple     2.0   2.0  2.0  2.0  4.0   (60, 146, 1160, 116)
 1:56.50  purple     2.0   2.0  2.0  2.0  4.0   (60, 146, 1160, 116)
 1:57.00  purple     4.0   4.0  4.0  2.0  4.0   (58, 284, 230, 350)
 1:57.50  purple     4.0   4.0  4.0  2.0  4.0   (58, 284, 230, 350)
 1:58.00  purple     4.0   4.0  4.0  2.0  4.0   (58, 284, 230, 350)
 1:58.50  purple     4.0   4.0  4.0  2.0  4.0   (58, 284, 230, 350)
 1:59.00  purple     4.0   4.0  4.0  2.0  4.0   (58, 284, 230, 350)
 1:59.50  purple     4.0   4.0  4.0  2.0  4.0   (58, 284, 230, 350)
 2:00.00  purple     4.0   4.0  4.0  2.0  4.0   (58, 284, 230, 350)
 2:00.50  purple     4.0   4.0  4.0  2.0  4.0   (58, 284, 230, 350)
 2:01.00  purple     4.0   4.0  4.0  2.0  4.0   (58, 284, 230, 350)
 2:01.50  purple     4.0   4.0  4.0  2.0  4.0   (58, 284, 230, 350)
 2:02.00  purple     4.0   4.0  4.0  2.0  4.0   (58, 284, 230, 350)
 2:02.50  purple     4.0   4.0  4.0  2.0  4.0   (58, 284, 230, 350)
 2:03.00  purple     4.0   4.0  4.0  2.0  4.0   (58, 284, 230, 350)
 2:03.50  purple     4.0   4.0  4.0  2.0  4.0   (58, 284, 230, 350)
 2:04.00  purple     4.0   4.0  4.0  2.0  4.0   (58, 284, 230, 350)
 2:04.50  purple     4.0   4.0  4.0  2.0  4.0   (58, 284, 230, 350)
 2:05.00  purple     4.0   4.0  4.0  2.0  4.0   (58, 284, 230, 350)
 2:05.50  purple     4.0   4.0  4.0  2.0  4.0   (58, 284, 230, 350)
 2:06.00  purple     3.0   2.0  4.0  2.0  4.0   (291, 284, 231, 350)
 2:06.50  purple     3.0   2.0  4.0  2.0  4.0   (291, 284, 231, 350)
 2:07.00  purple     3.0   2.0  4.0  2.0  4.0   (291, 284, 231, 350)
 2:07.50  purple     3.0   2.0  4.0  2.0  4.0   (291, 284, 231, 350)
 2:08.00  purple     3.0   2.0  4.0  2.0  4.0   (291, 284, 231, 350)
 2:08.50  purple     3.0   2.0  4.0  2.0  4.0   (291, 284, 231, 350)
 2:09.00  purple     3.0   2.0  4.0  2.0  4.0   (291, 284, 231, 350)
 2:09.50  purple     3.0   2.0  4.0  2.0  4.0   (291, 284, 231, 350)
 2:10.00  purple     3.0   2.0  4.0  2.0  4.0   (291, 284, 231, 350)
 2:10.50  purple     3.0   2.0  4.0  2.0  4.0   (291, 284, 231, 350)
 2:11.00  purple     3.0   2.0  4.0  2.0  4.0   (291, 284, 231, 350)
 2:11.50  purple     3.0   2.0  4.0  2.0  4.0   (291, 284, 231, 350)
 2:12.00  purple     2.0   2.0  2.0  2.0  4.0   (525, 284, 230, 350)
 2:12.50  purple     2.0   2.0  2.0  2.0  4.0   (525, 284, 230, 350)
 2:13.00  purple     2.0   2.0  2.0  2.0  4.0   (525, 284, 230, 350)
 2:13.50  purple     2.0   2.0  2.0  2.0  4.0   (525, 284, 230, 350)
 2:14.00  purple     2.0   2.0  2.0  2.0  4.0   (525, 284, 230, 350)
 2:14.50  purple     2.0   2.0  2.0  2.0  4.0   (525, 284, 230, 350)
 2:15.00  purple     2.0   2.0  2.0  2.0  4.0   (525, 284, 230, 350)
 2:15.50  purple     2.0   2.0  2.0  2.0  4.0   (525, 284, 230, 350)
 2:16.00  purple     2.0   2.0  2.0  2.0  4.0   (525, 284, 230, 350)
 2:16.50  purple     2.0   2.0  2.0  2.0  4.0   (525, 284, 230, 350)
 2:17.00  purple     2.0   2.0  2.0  2.0  4.0   (525, 284, 230, 350)
 2:17.50  purple     2.0   2.0  2.0  2.0  4.0   (525, 284, 230, 350)
 2:18.00  purple     2.0   2.0  2.0  2.0  4.0   (525, 284, 230, 350)
 2:18.50  purple     2.0   2.0  2.0  2.0  4.0   (525, 284, 230, 350)
 2:19.00  purple     2.0   2.0  2.0  2.0  4.0   (525, 284, 230, 350)
 2:19.50  purple     3.0   4.0  2.0  2.0  4.0   (758, 284, 231, 350)
 2:29.00  purple     4.0   4.0  4.0  2.0  4.0   (992, 284, 230, 350)
 2:29.50  purple     4.0   4.0  4.0  2.0  4.0   (992, 284, 230, 350)
 2:30.00  purple     4.0   4.0  4.0  2.0  4.0   (992, 284, 230, 350)
 2:30.50  purple     4.0   4.0  4.0  2.0  4.0   (992, 284, 230, 350)
 2:31.00  purple     4.0   4.0  4.0  2.0  4.0   (992, 284, 230, 350)
 2:31.50  purple     4.0   4.0  4.0  2.0  4.0   (992, 284, 230, 350)
 2:32.00  purple     4.0   4.0  4.0  2.0  4.0   (992, 284, 230, 350)
 2:32.50  purple     4.0   4.0  4.0  2.0  4.0   (992, 284, 230, 350)
 2:33.00  purple     4.0   4.0  4.0  2.0  4.0   (992, 284, 230, 350)
 2:33.50  purple     4.0   4.0  4.0  2.0  4.0   (992, 284, 230, 350)
 2:34.00  purple     4.0   4.0  4.0  2.0  4.0   (992, 284, 230, 350)
 2:34.50  purple     4.0   4.0  4.0  2.0  4.0   (992, 284, 230, 350)
 2:35.00  purple     4.0   4.0  4.0  2.0  4.0   (992, 284, 230, 350)
 2:35.50  purple     4.0   4.0  4.0  2.0  4.0   (992, 284, 230, 350)
 2:36.00  purple     4.0   4.0  4.0  2.0  4.0   (992, 284, 230, 350)
 2:36.50  purple     4.0   4.0  4.0  2.0  4.0   (992, 284, 230, 350)
 2:37.00  purple     4.0   4.0  4.0  2.0  4.0   (992, 284, 230, 350)

# 254 ring samples in 21 runs; stroke histogram (rounded px): 2 px: 76, 3 px: 36, 4 px: 75, 11 px: 6, 12 px: 61
# runs (start, end, color, median stroke, min-max, samples)
 0:07.50 -  0:09.00  violet    4.0   4.0- 4.0    4
 0:10.50 -  0:10.50  purple    2.0   2.0- 2.0    1
 0:11.00 -  0:17.50  purple    3.0   3.0- 3.0   14
 0:19.50 -  0:28.50  blue      4.0   4.0- 4.0   19
 0:30.00 -  0:31.50  teal      4.0   4.0- 4.0    4
 0:38.50 -  0:41.50  teal      4.0   4.0- 4.0    7
 0:42.00 -  0:42.00  teal      3.0   3.0- 3.0    1
 0:42.50 -  0:42.50  teal      3.5   3.5- 3.5    1
 0:43.00 -  0:45.00  violet    4.0   4.0- 4.0    5
 1:09.00 -  1:19.50  gold     11.5  11.0-11.5   22
 1:11.00 -  1:19.50  violet    2.0   2.0- 2.0   18
 1:25.00 -  1:47.00  gold     11.5  11.5-11.5   45
 1:26.50 -  1:35.50  purple    2.0   2.0- 2.0   19
 1:36.00 -  1:43.00  purple    2.0   2.0- 2.0   15
 1:43.50 -  1:47.00  violet    3.0   3.0- 3.0    8
 1:53.00 -  1:56.50  purple    2.0   2.0- 2.0    8
 1:57.00 -  2:05.50  purple    4.0   4.0- 4.0   18
 2:06.00 -  2:11.50  purple    3.0   3.0- 3.0   12
 2:12.00 -  2:19.00  purple    2.0   2.0- 2.0   15
 2:19.50 -  2:19.50  purple    3.0   3.0- 3.0    1
 2:29.00 -  2:37.00  purple    4.0   4.0- 4.0   17
