Duration 230.033s; fps 30.000000
14.467
25.433
44.167
59.933
70.333
93.000
102.033
120.367
130.467
158.167
178.633
187.667
187.700
187.733
187.767
187.800
187.833
187.867
187.900
187.933
187.967
188.000
188.033
188.067
188.100
188.133
188.167
188.200
188.233
188.267
188.300
188.333
188.367
188.400
188.433
188.467
196.433
196.467
205.733
205.767
205.800
205.833
205.867
205.900
205.933
205.967
206.000
206.033
206.067
206.100
206.133
206.167
206.200
206.233
206.267
206.300
206.333
206.367
206.400
206.433
206.467
206.500
206.533
206.567
206.600
212.967
