# make-your-move.mp4  1280x720  duration=5:01.50  step=0.5s  thr=45.0
# target: fixed 4 px at 720p (6 px at 1080p), Edit Spec section 5 (2026-09-26); widths are SOLID pixels at thr, true width is about +0.5
# time      color    stroke   L    R    T    B    bbox(x,y,w,h)
 0:52.99  purple     6.0   6.0  6.0  6.0  6.0   (76, 81, 370, 613)
 0:53.49  purple     6.0   6.0  6.0  6.0  7.0   (80, 52, 386, 641)
 0:53.99  purple     6.0   6.0  6.0  6.0  6.0   (80, 50, 387, 642)
 0:54.49  purple     6.0   6.0  6.0  6.0  6.0   (80, 50, 387, 642)
 0:54.99  purple     6.0   6.0  6.0  6.0  6.0   (80, 50, 387, 642)
 0:55.49  purple     6.0   6.0  6.0  6.0  6.0   (80, 50, 387, 642)
 0:55.99  purple     6.0   6.0  6.0  6.0  6.0   (80, 50, 387, 642)
 0:56.49  purple     6.0   6.0  6.0  6.0  6.0   (80, 50, 387, 642)
 0:56.99  purple     6.0   6.0  6.0  6.0  6.0   (80, 50, 387, 642)
 0:57.49  purple     6.0   6.0  6.0  6.0  6.0   (80, 50, 387, 642)
 0:57.99  purple     6.0   6.0  6.0  6.0  6.0   (80, 50, 387, 642)
 0:58.49  purple     6.0   6.0  7.0  6.0  6.0   (80, 50, 387, 642)
 0:58.99  purple     6.0   6.0  7.0  6.0  6.0   (80, 50, 387, 642)
 0:59.49  purple     6.0   6.0  7.0  6.0  6.0   (80, 50, 387, 642)
 0:59.99  purple     6.0   6.0  7.0  6.0  6.0   (80, 50, 387, 642)
 1:00.49  purple     6.0   6.0  7.0  6.0  6.0   (80, 50, 387, 642)
 1:00.99  purple     6.0   6.0  7.0  6.0  6.0   (80, 50, 387, 642)
 1:01.49  purple     6.0   6.0  7.0  6.0  6.0   (80, 50, 387, 642)
 1:01.99  purple     6.0   6.0  7.0  6.0  6.0   (80, 50, 387, 642)
 1:02.49  purple     6.0   6.0  7.0  6.0  6.0   (80, 50, 387, 642)
 1:02.99  purple     6.0   6.0  7.0  6.0  6.0   (80, 50, 387, 642)
 1:03.49  purple     6.0   6.0  7.0  6.0  6.0   (80, 50, 387, 642)
 1:03.99  purple     6.0   6.0  7.0  6.0  6.0   (80, 50, 387, 642)
 1:04.49  purple     6.0   6.0  7.0  6.0  6.0   (80, 50, 387, 642)
 1:04.99  purple     6.0   6.0  7.0  6.0  6.0   (80, 50, 387, 642)
 1:05.49  purple     6.0   6.0  7.0  6.0  6.0   (80, 50, 387, 642)
 1:05.99  purple     6.0   6.0  7.0  6.0  6.0   (80, 50, 387, 642)
 1:06.49  purple     6.0   6.0  7.0  6.0  6.0   (80, 50, 387, 642)
 1:06.99  purple     6.0   6.0  7.0  6.0  6.0   (80, 50, 387, 642)
 1:07.49  purple     6.0   6.0  7.0  6.0  6.0   (80, 50, 387, 642)
 1:07.99  purple     6.0   6.0  7.0  6.0  6.0   (80, 50, 387, 642)
 1:08.49  purple     6.0   6.0  7.0  6.0  6.0   (80, 50, 387, 642)
 1:08.99  purple     6.0   6.0  7.0  6.0  6.0   (80, 50, 387, 642)
 1:09.49  purple     6.0   6.0  7.0  6.0  6.0   (80, 50, 387, 642)
 1:09.99  purple     6.0   6.0  7.0  6.0  6.0   (80, 50, 387, 642)
 1:10.49  purple     6.0   6.0  7.0  6.0  6.0   (80, 50, 387, 642)
 1:10.99  purple     6.0   6.0  7.0  6.0  6.0   (80, 50, 387, 642)
 1:11.49  purple     6.0   6.0  7.0  6.0  6.0   (80, 50, 387, 642)
 1:11.99  purple     6.0   6.0  7.0  6.0  6.0   (80, 50, 387, 642)
 1:12.49  purple     6.0   6.0  7.0  6.0  6.0   (80, 50, 387, 642)
 1:12.99  blue       6.0   6.0  6.0  6.0  6.0   (484, 50, 384, 642)
 1:13.49  blue       6.0   6.0  6.0  6.0  6.0   (458, 50, 384, 642)
 1:13.99  blue       6.0   6.0  6.0  6.0  6.0   (448, 50, 384, 642)
 1:14.49  blue       6.0   6.0  6.0  6.0  6.0   (448, 50, 384, 642)
 1:14.99  blue       6.0   6.0  6.0  6.0  6.0   (448, 50, 384, 642)
 1:15.49  blue       6.0   6.0  6.0  6.0  6.0   (448, 50, 384, 642)
 1:15.99  blue       6.0   6.0  6.0  6.0  6.0   (448, 50, 384, 642)
 1:16.49  blue       6.0   6.0  6.0  6.0  6.0   (448, 50, 384, 642)
 1:16.99  blue       6.0   6.0  6.0  6.0  6.0   (448, 50, 384, 642)
 1:17.49  blue       6.0   6.0  6.0  6.0  6.0   (448, 50, 384, 642)
 1:17.99  blue       6.0   6.0  6.0  6.0  6.0   (448, 50, 384, 642)
 1:18.49  blue       6.0   6.0  6.0  6.0  6.0   (448, 50, 384, 642)
 1:18.99  blue       6.0   6.0  6.0  6.0  6.0   (448, 50, 384, 642)
 1:19.49  blue       6.0   6.0  6.0  6.0  6.0   (448, 50, 384, 642)
 1:19.99  blue       6.0   6.0  6.0  6.0  6.0   (448, 50, 384, 642)
 1:20.49  blue       6.0   6.0  6.0  6.0  6.0   (448, 50, 384, 642)
 1:20.99  blue       6.0   6.0  6.0  6.0  6.0   (448, 50, 384, 642)
 1:21.49  blue       6.0   6.0  6.0  6.0  6.0   (448, 50, 384, 642)
 1:21.99  blue       6.0   6.0  6.0  6.0  6.0   (448, 50, 384, 642)
 1:22.49  blue       6.0   6.0  6.0  6.0  6.0   (448, 50, 384, 642)
 1:22.99  blue       6.0   6.0  6.0  6.0  6.0   (448, 50, 384, 642)
 1:23.49  blue       6.0   6.0  6.0  6.0  6.0   (448, 50, 384, 642)
 1:23.99  blue       6.0   6.0  6.0  6.0  6.0   (448, 50, 384, 642)
 1:24.49  blue       6.0   6.0  6.0  6.0  6.0   (448, 50, 384, 642)
 1:24.99  blue       6.0   6.0  6.0  6.0  6.0   (448, 50, 384, 642)
 1:25.49  blue       6.0   6.0  6.0  6.0  6.0   (448, 50, 384, 642)
 1:25.99  blue       6.0   6.0  6.0  6.0  6.0   (448, 50, 384, 642)
 1:26.49  blue       6.0   6.0  6.0  6.0  6.0   (448, 50, 384, 642)
 1:26.99  blue       6.0   6.0  6.0  6.0  6.0   (448, 50, 384, 642)
 1:27.49  blue       6.0   6.0  6.0  6.0  6.0   (448, 50, 384, 642)
 1:27.99  blue       6.0   6.0  6.0  6.0  6.0   (448, 50, 384, 642)
 1:28.49  blue       6.0   6.0  6.0  6.0  6.0   (448, 50, 384, 642)
 1:28.99  blue       6.0   6.0  6.0  6.0  6.0   (448, 50, 384, 642)
 1:29.49  blue       6.0   6.0  6.0  6.0  6.0   (448, 50, 384, 642)
 1:29.99  blue       6.0   6.0  6.0  6.0  6.0   (448, 50, 384, 642)
 1:30.49  teal       7.0   7.0  7.0  7.0  7.0   (847, 50, 386, 642)
 1:30.99  teal       7.0   7.0  7.0  7.0  7.0   (812, 50, 387, 642)
 1:31.49  teal       7.0   6.0  7.0  7.0  7.0   (812, 50, 387, 642)
 1:31.99  teal       7.0   7.0  7.0  7.0  7.0   (812, 50, 387, 642)
 1:32.49  teal       7.0   7.0  7.0  7.0  7.0   (812, 50, 387, 642)
 1:32.99  teal       7.0   7.0  7.0  7.0  7.0   (812, 50, 387, 642)
 1:33.49  teal       7.0   7.0  7.0  7.0  7.0   (812, 50, 387, 642)
 1:33.99  teal       7.0   7.0  7.0  7.0  7.0   (812, 50, 387, 642)
 1:34.49  teal       7.0   7.0  7.0  7.0  7.0   (812, 50, 387, 642)
 1:34.99  teal       7.0   7.0  7.0  7.0  7.0   (812, 50, 387, 642)
 1:35.49  teal       7.0   7.0  7.0  7.0  7.0   (812, 50, 387, 642)
 1:35.99  teal       7.0   7.0  7.0  7.0  7.0   (812, 50, 387, 642)
 1:36.49  teal       7.0   7.0  7.0  7.0  7.0   (812, 50, 387, 642)
 1:36.99  teal       7.0   7.0  7.0  7.0  7.0   (812, 50, 387, 642)
 1:37.49  teal       7.0   7.0  7.0  7.0  7.0   (812, 50, 387, 642)
 1:37.99  teal       7.0   7.0  7.0  7.0  7.0   (812, 50, 387, 642)
 1:38.49  teal       7.0   7.0  7.0  7.0  7.0   (812, 50, 387, 642)
 1:38.99  teal       7.0   7.0  7.0  7.0  7.0   (812, 50, 387, 642)
 1:39.49  teal       7.0   7.0  7.0  7.0  7.0   (812, 50, 387, 642)
 1:39.99  teal       7.0   7.0  7.0  7.0  7.0   (812, 50, 387, 642)
 1:40.49  teal       7.0   7.0  7.0  7.0  7.0   (812, 50, 387, 642)
 1:40.99  teal       7.0   7.0  7.0  7.0  7.0   (812, 50, 387, 642)
 1:41.49  teal       7.0   7.0  7.0  7.0  7.0   (812, 50, 387, 642)
 1:41.99  teal       7.0   7.0  7.0  7.0  7.0   (812, 50, 387, 642)
 1:42.49  teal       7.0   7.0  7.0  7.0  7.0   (812, 50, 387, 642)
 1:42.99  teal       7.0   7.0  7.0  7.0  7.0   (812, 50, 387, 642)
 1:43.49  teal       7.0   7.0  7.0  7.0  7.0   (812, 50, 387, 642)
 1:43.99  teal       7.0   7.0  7.0  7.0  7.0   (812, 50, 387, 642)
 1:44.49  teal       7.0   7.0  7.0  7.0  7.0   (812, 50, 387, 642)
 1:50.49  purple     6.5   6.0  6.0  7.0  7.0   (76, 85, 368, 612)
 1:50.99  purple     6.5   6.0  6.0  7.0  7.0   (76, 85, 368, 612)
 1:51.49  purple     6.5   6.0  6.0  7.0  7.0   (76, 85, 368, 612)
 1:51.99  purple     6.5   6.0  6.0  7.0  7.0   (76, 85, 368, 612)
 1:52.49  purple     6.5   6.0  6.0  7.0  7.0   (76, 85, 369, 612)
 1:52.99  purple     6.0   6.0  6.0  6.0  7.0   (79, 59, 383, 636)
 1:53.49  purple     6.0   6.0  6.0  6.0  7.0   (80, 53, 386, 642)
 1:53.99  purple     6.0   6.0  6.0  6.0  7.0   (80, 53, 386, 642)
 1:54.49  purple     6.0   6.0  6.0  6.0  7.0   (80, 53, 386, 642)
 1:54.99  purple     6.0   6.0  6.0  6.0  7.0   (80, 53, 386, 642)
 1:55.49  purple     6.0   6.0  6.0  6.0  7.0   (80, 53, 386, 642)
 1:55.99  purple     6.0   6.0  6.0  6.0  7.0   (80, 53, 386, 642)
 1:56.49  purple     6.0   6.0  6.0  6.0  7.0   (80, 53, 386, 642)
 1:56.99  purple     6.0   6.0  6.0  6.0  7.0   (80, 53, 386, 642)
 1:57.49  purple     6.0   6.0  6.0  6.0  7.0   (80, 53, 386, 642)
 1:57.99  purple     6.0   6.0  6.0  6.0  7.0   (80, 53, 386, 642)
 1:58.49  purple     6.0   6.0  6.0  6.0  7.0   (80, 53, 386, 642)
 1:58.99  purple     6.0   6.0  6.0  6.0  7.0   (80, 53, 386, 642)
 1:59.49  purple     6.0   6.0  6.0  6.0  7.0   (80, 53, 386, 642)
 1:59.99  purple     6.0   6.0  6.0  6.0  7.0   (80, 53, 386, 642)
 2:00.49  purple     6.0   6.0  6.0  6.0  7.0   (80, 53, 386, 642)
 2:00.99  purple     6.0   6.0  6.0  6.0  7.0   (80, 53, 386, 642)
 2:01.49  purple     6.0   6.0  6.0  6.0  7.0   (80, 53, 386, 642)
 2:01.99  purple     6.0   6.0  6.0  6.0  7.0   (80, 53, 386, 642)
 2:02.49  purple     6.0   6.0  6.0  6.0  7.0   (80, 53, 386, 642)
 2:02.99  purple     6.0   6.0  6.0  6.0  7.0   (80, 53, 386, 642)
 2:03.49  purple     6.0   6.0  6.0  6.0  7.0   (80, 53, 386, 642)
 2:03.99  purple     6.0   6.0  6.0  6.0  7.0   (80, 53, 386, 642)
 2:04.49  purple     6.0   6.0  6.0  6.0  7.0   (80, 53, 386, 642)
 2:04.99  purple     6.0   6.0  6.0  6.0  7.0   (80, 53, 386, 642)
 2:05.49  blue       6.0   6.0  6.0  6.0  6.0   (480, 54, 384, 640)
 2:05.99  blue       6.0   6.0  6.0  6.0  6.0   (448, 54, 384, 640)
 2:06.49  blue       6.0   6.0  6.0  6.0  6.0   (448, 54, 384, 640)
 2:06.99  blue       6.0   6.0  6.0  6.0  6.0   (448, 54, 384, 640)
 2:07.49  blue       6.0   6.0  6.0  6.0  6.0   (448, 54, 384, 640)
 2:07.99  blue       6.0   6.0  6.0  6.0  6.0   (448, 54, 384, 640)
 2:08.49  blue       6.0   6.0  6.0  6.0  6.0   (448, 54, 384, 640)
 2:08.99  blue       6.0   6.0  6.0  6.0  6.0   (448, 54, 384, 640)
 2:09.49  blue       6.0   6.0  6.0  6.0  6.0   (448, 54, 384, 640)
 2:09.99  blue       6.0   6.0  6.0  6.0  6.0   (448, 54, 384, 640)
 2:10.49  blue       6.0   6.0  6.0  6.0  6.0   (448, 54, 384, 640)
 2:10.99  blue       6.0   6.0  6.0  6.0  6.0   (448, 54, 384, 640)
 2:11.49  blue       6.0   6.0  6.0  6.0  6.0   (448, 54, 384, 640)
 2:11.99  blue       6.0   6.0  6.0  6.0  6.0   (448, 54, 384, 640)
 2:12.49  blue       6.0   6.0  6.0  6.0  6.0   (448, 54, 384, 640)
 2:12.99  blue       6.0   6.0  6.0  6.0  6.0   (448, 54, 384, 640)
 2:13.49  blue       6.0   6.0  6.0  6.0  6.0   (448, 54, 384, 640)
 2:13.99  blue       6.0   6.0  6.0  6.0  6.0   (448, 54, 384, 640)
 2:14.49  blue       6.0   6.0  6.0  6.0  6.0   (448, 54, 384, 640)
 2:14.99  blue       6.0   6.0  6.0  6.0  6.0   (448, 54, 384, 640)
 2:15.49  blue       6.0   6.0  6.0  6.0  6.0   (448, 54, 384, 640)
 2:15.99  blue       6.0   6.0  6.0  6.0  6.0   (448, 54, 384, 640)
 2:16.49  blue       6.0   6.0  6.0  6.0  6.0   (448, 54, 384, 640)
 2:16.99  blue       6.0   6.0  6.0  6.0  6.0   (448, 54, 384, 640)
 2:17.49  blue       6.0   6.0  6.0  6.0  6.0   (448, 54, 384, 640)
 2:17.99  blue       6.0   6.0  6.0  6.0  6.0   (448, 54, 384, 640)
 2:18.49  blue       6.0   6.0  6.0  6.0  6.0   (448, 54, 384, 640)
 2:18.99  blue       6.0   6.0  6.0  6.0  6.0   (448, 54, 384, 640)
 2:19.49  blue       6.0   6.0  6.0  6.0  6.0   (448, 54, 384, 640)
 2:19.99  blue       6.0   6.0  6.0  6.0  6.0   (448, 54, 384, 640)
 2:20.48  blue       6.0   6.0  6.0  6.0  6.0   (448, 54, 384, 640)
 2:20.98  teal       7.0   7.0  7.0  7.0  7.0   (814, 53, 387, 642)
 2:21.48  teal       7.0   7.0  7.0  7.0  7.0   (814, 53, 387, 642)
 2:21.98  teal       7.0   7.0  7.0  7.0  7.0   (814, 53, 387, 642)
 2:22.48  teal       7.0   7.0  7.0  7.0  7.0   (814, 53, 387, 642)
 2:22.98  teal       7.0   7.0  7.0  7.0  7.0   (814, 53, 387, 642)
 2:23.48  teal       7.0   7.0  7.0  7.0  7.0   (814, 53, 387, 642)
 2:23.98  teal       7.0   7.0  7.0  7.0  7.0   (814, 53, 387, 642)
 2:24.48  teal       7.0   7.0  7.0  7.0  7.0   (814, 53, 387, 642)
 2:24.98  teal       7.0   7.0  7.0  7.0  7.0   (814, 53, 387, 642)
 2:25.48  teal       7.0   7.0  7.0  7.0  7.0   (814, 53, 387, 642)
 2:25.98  teal       7.0   7.0  7.0  7.0  7.0   (814, 53, 387, 642)
 2:26.48  teal       7.0   7.0  7.0  7.0  7.0   (814, 53, 387, 642)
 2:26.98  teal       7.0   7.0  7.0  7.0  7.0   (814, 53, 387, 642)
 2:27.48  teal       7.0   7.0  7.0  7.0  7.0   (814, 53, 387, 642)
 2:27.98  teal       7.0   7.0  7.0  7.0  7.0   (814, 53, 387, 642)
 2:28.48  teal       7.0   7.0  7.0  7.0  7.0   (814, 53, 387, 642)
 2:28.98  teal       7.0   7.0  7.0  7.0  7.0   (814, 53, 387, 642)
 2:29.48  teal       7.0   7.0  7.0  7.0  7.0   (814, 53, 387, 642)
 2:29.98  teal       7.0   7.0  7.0  7.0  7.0   (814, 53, 387, 642)
 2:30.48  teal       7.0   7.0  7.0  7.0  7.0   (814, 53, 387, 642)
 2:30.98  teal       7.0   7.0  7.0  7.0  7.0   (814, 53, 387, 642)
 2:31.48  teal       7.0   7.0  7.0  7.0  7.0   (814, 53, 387, 642)
 2:31.98  teal       7.0   7.0  7.0  7.0  7.0   (814, 53, 387, 642)
 2:32.48  teal       7.0   7.0  7.0  7.0  7.0   (814, 53, 387, 642)
 2:32.98  teal       7.0   7.0  7.0  7.0  7.0   (814, 53, 387, 642)
 2:33.48  teal       7.0   7.0  7.0  7.0  7.0   (814, 53, 387, 642)
 2:33.98  teal       7.0   7.0  7.0  7.0  7.0   (814, 53, 387, 642)
 2:34.48  teal       7.0   7.0  7.0  7.0  7.0   (814, 53, 387, 642)
 2:34.98  teal       7.0   7.0  7.0  7.0  7.0   (814, 53, 387, 642)
 2:49.98  purple     6.5   6.0  7.0  7.0  6.0   (230, 48, 510, 409)
 2:50.48  purple     6.5   7.0  6.0  7.0  6.0   (238, 40, 805, 642)
 2:50.98  purple     6.5   7.0  6.0  7.0  6.0   (238, 40, 805, 642)
 2:51.48  purple     6.5   7.0  6.0  7.0  6.0   (238, 40, 805, 642)
 2:51.98  purple     6.5   7.0  6.0  7.0  6.0   (238, 40, 805, 642)
 2:52.48  purple     6.5   7.0  6.0  7.0  6.0   (238, 40, 805, 642)
 2:59.98  purple     6.5   7.0  6.0  7.0  6.0   (238, 40, 805, 642)
 3:00.48  purple     6.5   7.0  6.0  7.0  6.0   (238, 40, 805, 642)
 3:00.98  blue       6.0   6.0  6.0  7.0  6.0   (734, 40, 546, 642)
 3:01.48  blue       6.5   7.0  6.0  7.0  6.0   (238, 40, 804, 642)
 3:01.48  blue       4.0   9.0  2.0  4.0  4.0   (830, 94, 126, 182)
 3:01.98  blue       6.5   7.0  6.0  7.0  6.0   (238, 40, 804, 642)
 3:01.98  blue       4.0   9.0  2.0  4.0  4.0   (830, 94, 126, 182)
 3:02.48  blue       6.5   7.0  6.0  7.0  6.0   (238, 40, 804, 642)
 3:02.48  blue       4.0   9.0  2.0  4.0  4.0   (830, 94, 126, 182)
 3:02.98  blue       6.5   7.0  6.0  7.0  6.0   (238, 40, 804, 642)
 3:02.98  blue       4.0   9.0  2.0  4.0  4.0   (830, 94, 126, 182)
 3:03.48  blue       6.5   7.0  6.0  7.0  6.0   (238, 40, 804, 642)
 3:03.48  blue       4.0   9.0  2.0  4.0  4.0   (830, 94, 126, 182)
 3:03.98  blue       6.5   7.0  6.0  7.0  6.0   (238, 40, 804, 642)
 3:03.98  blue       4.0   9.0  2.0  4.0  4.0   (830, 94, 126, 182)
 3:04.48  blue       6.5   7.0  6.0  7.0  6.0   (238, 40, 804, 642)
 3:04.48  blue       4.0   9.0  2.0  4.0  4.0   (830, 94, 126, 182)
 3:04.98  blue       6.5   7.0  6.0  7.0  6.0   (238, 40, 804, 642)
 3:04.98  blue       4.0   9.0  2.0  4.0  4.0   (830, 94, 126, 182)
 3:05.48  blue       6.5   7.0  6.0  7.0  6.0   (238, 40, 804, 642)
 3:05.48  blue       4.0   9.0  2.0  4.0  4.0   (830, 94, 126, 182)
 3:05.98  blue       6.5   7.0  6.0  7.0  6.0   (238, 40, 804, 642)
 3:05.98  blue       4.0   9.0  2.0  4.0  4.0   (830, 94, 126, 182)
 3:06.48  blue       6.5   7.0  6.0  7.0  6.0   (238, 40, 804, 642)
 3:06.48  blue       4.0   9.0  2.0  4.0  4.0   (830, 94, 126, 182)
 3:06.98  blue       6.5   7.0  6.0  7.0  6.0   (238, 40, 804, 642)
 3:06.98  blue       4.0   9.0  2.0  4.0  4.0   (830, 94, 126, 182)
 3:07.48  blue       6.5   7.0  6.0  7.0  6.0   (238, 40, 804, 642)
 3:07.48  blue       4.0   9.0  2.0  4.0  4.0   (830, 94, 126, 182)
 3:07.98  blue       6.5   7.0  6.0  7.0  6.0   (238, 40, 804, 642)
 3:08.48  blue       6.5   7.0  6.0  7.0  6.0   (238, 40, 804, 642)
 3:08.98  blue       6.5   7.0  6.0  7.0  6.0   (238, 40, 804, 642)
 3:09.48  blue       6.5   7.0  6.0  7.0  6.0   (238, 40, 804, 642)
 3:09.98  blue       6.5   7.0  6.0  7.0  6.0   (238, 40, 804, 642)
 3:10.48  blue       6.5   7.0  6.0  7.0  6.0   (238, 40, 804, 642)
 3:10.98  blue       6.5   7.0  6.0  7.0  6.0   (238, 40, 804, 642)
 3:11.48  blue       6.5   7.0  6.0  7.0  6.0   (238, 40, 804, 642)
 3:11.98  blue       6.5   7.0  6.0  7.0  6.0   (238, 40, 804, 642)
 3:12.48  blue       6.5   7.0  6.0  7.0  6.0   (238, 40, 804, 642)
 3:12.98  blue       6.5   7.0  6.0  7.0  6.0   (238, 40, 804, 642)
 3:13.48  blue       6.5   7.0  6.0  7.0  6.0   (238, 40, 804, 642)
 3:13.98  blue       6.5   7.0  6.0  7.0  6.0   (238, 40, 804, 642)
 3:14.48  blue       6.5   7.0  6.0  7.0  6.0   (238, 40, 804, 642)
 3:14.98  teal       7.0   7.0  7.0  7.0  7.0   (0, 624, 314, 96)
 3:15.48  teal       7.0   7.0  7.0  7.0  7.0   (199, 71, 806, 642)
 3:15.48  amber     13.0  10.5 16.0  3.5 15.5   (1116, 231, 104, 143)
 3:15.98  teal       7.0   7.0  7.0  7.0  7.0   (238, 40, 805, 642)
 3:16.48  teal       7.0   7.0  7.0  7.0  7.0   (238, 40, 805, 642)
 3:16.98  teal       7.0   7.0  7.0  7.0  7.0   (238, 40, 805, 642)
 3:17.48  teal       7.0   7.0  7.0  7.0  7.0   (238, 40, 805, 642)
 3:27.48  teal       7.0   7.0  7.0  7.0  7.0   (238, 40, 805, 642)
 3:27.48  amber     11.5  10.0 16.0  3.5 13.0   (1155, 200, 104, 143)
 3:27.98  teal       7.0   7.0  7.0  7.0  7.0   (238, 40, 805, 642)
 3:27.98  amber     11.5  10.0 16.0  3.5 13.0   (1155, 200, 104, 143)
 3:28.48  amber      6.5   6.0  6.0  7.0  7.0   (968, 40, 312, 642)
 3:28.48  amber     12.5  10.0 16.0  3.5 15.0   (1054, 200, 104, 143)
 3:28.98  amber      7.0   7.0  7.0  7.0  7.0   (276, 40, 806, 642)
 3:28.98  amber     11.5  10.5 16.0  4.0 12.5   (363, 200, 105, 143)
 3:29.48  amber      7.0   7.0  6.0  7.0  7.0   (238, 40, 804, 642)
 3:29.48  amber     11.8  10.0 16.0  4.0 13.5   (325, 200, 104, 143)
 3:29.98  amber      7.0   7.0  6.0  7.0  7.0   (238, 40, 804, 642)
 3:29.98  amber     11.8  10.0 16.0  4.0 13.5   (325, 200, 104, 143)
 3:30.48  amber      7.0   7.0  6.0  7.0  7.0   (238, 40, 804, 642)
 3:30.48  amber     11.8  10.0 16.0  4.0 13.5   (325, 200, 104, 143)
 3:30.98  amber      7.0   7.0  6.0  7.0  7.0   (238, 40, 804, 642)
 3:30.98  amber     11.8  10.0 16.0  4.0 13.5   (325, 200, 104, 143)
 3:31.48  amber      7.0   7.0  6.0  7.0  7.0   (238, 40, 804, 642)
 3:31.48  amber     11.8  10.0 16.0  4.0 13.5   (325, 200, 104, 143)
 3:31.98  amber      7.0   7.0  6.0  7.0  7.0   (238, 40, 804, 642)
 3:31.98  amber     11.8  10.0 16.0  4.0 13.5   (325, 200, 104, 143)
 3:32.48  amber      7.0   7.0  6.0  7.0  7.0   (238, 40, 804, 642)
 3:32.48  amber     11.8  10.0 16.0  4.0 13.5   (325, 200, 104, 143)
 3:32.98  amber      7.0   7.0  6.0  7.0  7.0   (238, 40, 804, 642)
 3:32.98  amber     11.8  10.0 16.0  4.0 13.5   (325, 200, 104, 143)
 3:33.48  amber      7.0   7.0  6.0  7.0  7.0   (238, 40, 804, 642)
 3:33.48  amber     11.8  10.0 16.0  4.0 13.5   (325, 200, 104, 143)
 3:33.98  amber      7.0   7.0  6.0  7.0  7.0   (238, 40, 804, 642)
 3:33.98  amber     11.8  10.0 16.0  4.0 13.5   (325, 200, 104, 143)
 3:34.48  amber      7.0   7.0  6.0  7.0  7.0   (238, 40, 804, 642)
 3:34.48  amber     11.8  10.0 16.0  4.0 13.5   (325, 200, 104, 143)
 3:34.98  amber      7.0   7.0  6.0  7.0  7.0   (238, 40, 804, 642)
 3:34.98  amber     11.8  10.0 16.0  4.0 13.5   (325, 200, 104, 143)
 3:35.48  amber      7.0   7.0  6.0  7.0  7.0   (238, 40, 804, 642)
 3:35.48  amber     11.8  10.0 16.0  4.0 13.5   (325, 200, 104, 143)
 3:35.98  amber      6.5   7.0  6.0  7.0  6.0   (238, 40, 804, 642)
 3:35.98  amber     12.2  11.0 16.0  3.5 13.5   (325, 200, 104, 143)
 3:36.48  amber      6.5   7.0  6.0  7.0  6.0   (238, 40, 804, 642)
 3:36.48  amber     12.2  11.0 16.0  3.5 13.5   (325, 200, 104, 143)
 3:36.98  amber      6.5   7.0  6.0  7.0  6.0   (238, 40, 804, 642)
 3:36.98  amber     12.2  11.0 16.0  3.5 13.5   (325, 200, 104, 143)
 3:37.48  amber      6.5   7.0  6.0  7.0  6.0   (238, 40, 804, 642)
 3:37.48  amber     12.2  11.0 16.0  3.5 13.5   (325, 200, 104, 143)
 3:37.98  amber      6.5   7.0  6.0  7.0  6.0   (238, 40, 804, 642)
 3:37.98  amber     12.2  11.0 16.0  3.5 13.5   (325, 200, 104, 143)
 3:38.48  amber      6.5   7.0  6.0  7.0  6.0   (238, 40, 804, 642)
 3:38.48  amber     12.2  11.0 16.0  3.5 13.5   (325, 200, 104, 143)
 3:38.98  amber      6.5   7.0  6.0  7.0  6.0   (238, 40, 804, 642)
 3:38.98  amber     12.2  11.0 16.0  3.5 13.5   (325, 200, 104, 143)
 3:51.97  blue       8.2  17.5  9.5  7.0  6.0   (735, 170, 205, 72)
 3:52.47  blue       9.2  18.5 13.0  5.5  4.0   (772, 170, 169, 72)
 3:52.97  blue       9.8  13.0 14.0  6.5  3.0   (773, 168, 170, 74)
 3:53.47  blue      10.0  14.0 17.0  6.0  5.0   (774, 167, 172, 73)
 3:53.97  blue       7.2  14.0  8.0  6.5  5.0   (774, 166, 174, 74)
 3:54.97  purple     7.0   6.0  7.0  7.0  7.0   (229, 48, 511, 409)
 3:55.47  purple     6.5   7.0  6.0  7.0  6.0   (238, 40, 805, 642)
 3:55.97  purple     6.5   7.0  6.0  7.0  6.0   (238, 40, 805, 642)
 3:56.47  purple     6.5   7.0  6.0  7.0  6.0   (238, 40, 805, 642)
 3:56.97  purple     6.5   7.0  6.0  7.0  6.0   (238, 40, 805, 642)
 3:57.47  purple     6.5   7.0  6.0  7.0  6.0   (238, 40, 805, 642)
 3:57.97  purple     6.5   7.0  6.0  7.0  6.0   (238, 40, 805, 642)
 3:58.47  purple     6.5   7.0  6.0  7.0  6.0   (238, 40, 805, 642)
 3:58.97  purple     6.5   7.0  6.0  7.0  6.0   (238, 40, 805, 642)
 3:59.47  purple     6.5   7.0  6.0  7.0  6.0   (238, 40, 805, 642)
 3:59.97  gold      11.2  10.5  8.0 15.0 12.0   (597, 376, 100, 54)
 4:06.47  purple     7.0   7.0  7.0  7.0  6.0   (238, 40, 805, 642)
 4:06.97  purple     6.5   7.0  6.0  7.0  6.0   (238, 40, 805, 642)
 4:07.47  blue       6.0   6.0  6.0  7.0  6.0   (520, 40, 760, 642)
 4:07.47  blue      16.0  22.5 20.0 10.0 12.0   (774, 259, 292, 103)
 4:07.47  blue      15.5  22.0 18.0  7.0 13.0   (780, 318, 268, 89)
 4:07.97  blue      16.0  18.0 19.5  8.0 14.0   (492, 259, 292, 103)
 4:07.97  blue      14.0  28.0 16.0  4.0 12.0   (517, 319, 249, 88)
 4:07.97  blue       8.0   9.0  7.0 13.0  4.0   (498, 326, 128, 56)
 4:08.47  blue      16.0  18.0 19.5  8.0 14.0   (492, 259, 292, 103)
 4:08.47  blue      14.0  28.0 16.0  4.0 12.0   (517, 319, 249, 88)
 4:08.47  blue       8.0   9.0  7.0 13.0  4.0   (498, 326, 128, 56)
 4:08.97  blue      16.0  18.0 19.5  8.0 14.0   (492, 259, 292, 103)
 4:08.97  blue      14.0  28.0 16.0  4.0 12.0   (517, 319, 249, 88)
 4:08.97  blue       8.0   9.0  7.0 13.0  4.0   (498, 326, 128, 56)
 4:09.47  blue      16.0  18.0 19.5  8.0 14.0   (492, 259, 292, 103)
 4:09.47  blue      14.0  28.0 16.0  4.0 12.0   (517, 319, 249, 88)
 4:09.47  blue       8.0   9.0  7.0 13.0  4.0   (498, 326, 128, 56)
 4:09.97  blue      16.0  18.0 19.5  8.0 14.0   (492, 259, 292, 103)
 4:09.97  blue      14.0  28.0 16.0  4.0 12.0   (517, 319, 249, 88)
 4:09.97  blue       8.0   9.0  7.0 13.0  4.0   (498, 326, 128, 56)
 4:10.47  blue      16.0  18.0 19.5  8.0 14.0   (492, 259, 292, 103)
 4:10.47  blue      14.0  28.0 16.0  4.0 12.0   (517, 319, 249, 88)
 4:10.47  blue       8.0   9.0  7.0 13.0  4.0   (498, 326, 128, 56)
 4:10.97  blue      16.0  18.0 19.5  8.0 14.0   (492, 259, 292, 103)
 4:10.97  blue      14.0  28.0 16.0  4.0 12.0   (517, 319, 249, 88)
 4:10.97  blue       8.0   9.0  7.0 13.0  4.0   (498, 326, 128, 56)
 4:11.47  blue      16.0  18.0 19.5  8.0 14.0   (492, 259, 292, 103)
 4:11.47  blue      14.0  28.0 16.0  4.0 12.0   (517, 319, 249, 88)
 4:11.47  blue       8.0   9.0  7.0 13.0  4.0   (498, 326, 128, 56)
 4:11.97  blue      16.0  18.0 19.5  8.0 14.0   (492, 259, 292, 103)
 4:11.97  blue      14.0  28.0 16.0  4.0 12.0   (517, 319, 249, 88)
 4:11.97  blue       8.0   9.0  7.0 13.0  4.0   (498, 326, 128, 56)
 4:12.47  blue      16.0  18.0 19.5  8.0 14.0   (492, 259, 292, 103)
 4:12.47  blue      14.0  28.0 16.0  4.0 12.0   (517, 319, 249, 88)
 4:12.47  blue       8.0   9.0  7.0 13.0  4.0   (498, 326, 128, 56)
 4:12.97  blue      16.0  18.0 19.5  8.0 14.0   (492, 259, 292, 103)
 4:12.97  blue      14.0  28.0 16.0  4.0 12.0   (517, 319, 249, 88)
 4:12.97  blue       8.0   9.0  7.0 13.0  4.0   (498, 326, 128, 56)
 4:13.47  blue      16.0  18.0 19.5  8.0 14.0   (492, 259, 292, 103)
 4:13.47  blue      14.0  28.0 16.0  4.0 12.0   (517, 319, 249, 88)
 4:13.47  blue       8.0   9.0  7.0 13.0  4.0   (498, 326, 128, 56)
 4:13.97  blue      16.0  18.0 19.5  8.0 14.0   (492, 259, 292, 103)
 4:13.97  blue      14.0  28.0 16.0  4.0 12.0   (517, 319, 249, 88)
 4:13.97  blue       8.0   9.0  7.0 11.0  4.0   (499, 326, 127, 56)
 4:14.47  blue      13.2  16.5 18.5  8.0 10.0   (494, 258, 290, 104)
 4:14.47  blue      13.0  30.0 14.0  5.0 12.0   (500, 319, 268, 88)
 4:20.47  blue      11.2  14.5 20.5  8.0  8.0   (493, 258, 291, 104)
 4:20.47  blue      13.0  28.0 14.0  4.5 12.0   (500, 318, 267, 89)
 4:20.97  blue      11.2  14.5 20.5  8.0  8.0   (493, 258, 291, 104)
 4:20.97  blue      13.0  28.0 14.0  4.5 12.0   (500, 318, 267, 89)
 4:21.47  teal       7.0   7.0  7.0  7.0  7.0   (0, 350, 655, 370)
 4:21.47  blue       6.5  31.0  2.0  3.0 10.0   (960, 0, 245, 52)
 4:21.97  teal       7.0   7.0  7.0  7.0  7.0   (238, 40, 805, 642)
 4:22.47  teal       7.0   7.0  7.0  7.0  7.0   (238, 40, 805, 642)
 4:22.97  teal       7.0   7.0  7.0  7.0  7.0   (238, 40, 805, 642)
 4:23.47  teal       7.0   7.0  7.0  7.0  7.0   (238, 40, 805, 642)
 4:23.97  teal       7.0   7.0  7.0  7.0  7.0   (238, 40, 805, 642)
 4:24.47  teal       7.0   7.0  7.0  7.0  7.0   (238, 40, 805, 642)
 4:24.97  teal       7.0   7.0  7.0  7.0  7.0   (238, 40, 805, 642)
 4:25.47  teal       7.0   7.0  7.0  7.0  7.0   (238, 40, 805, 642)
 4:25.97  teal       7.0   7.0  7.0  7.0  7.0   (238, 40, 805, 642)
 4:26.47  teal       7.0   7.0  7.0  7.0  7.0   (238, 40, 805, 642)
 4:26.97  teal       7.0   7.0  7.0  7.0  7.0   (238, 40, 805, 642)
 4:27.47  teal       7.0   7.0  7.0  7.0  7.0   (238, 40, 805, 642)
 4:27.97  teal       7.0   7.0  7.0  7.0  7.0   (238, 40, 805, 642)
 4:28.47  teal       7.0   7.0  6.0  7.0  7.0   (238, 40, 805, 642)
 4:28.97  teal       7.0   7.0  7.0  7.0  7.0   (238, 40, 805, 642)
 4:29.47  teal       7.0   7.0  7.0  7.0  7.0   (238, 40, 805, 642)
 4:29.97  teal      16.0  13.0 20.0  3.0 19.0   (113, 111, 136, 59)
 4:29.97  amber      7.0   7.0  7.0  7.0  7.0   (786, 40, 494, 642)
 4:30.47  amber      7.0   7.0  6.0  7.0  7.0   (238, 40, 804, 642)
 4:30.97  amber      7.0   7.0  6.0  7.0  7.0   (238, 40, 804, 642)
 4:31.47  amber      7.0   7.0  6.0  7.0  7.0   (238, 40, 804, 642)
 4:31.97  amber      7.0   7.0  6.0  7.0  7.0   (238, 40, 804, 642)
 4:32.47  amber      7.0   7.0  6.0  7.0  7.0   (238, 40, 804, 642)
 4:32.97  amber      7.0   7.0  6.0  7.0  7.0   (238, 40, 804, 642)
 4:33.47  amber      7.0   7.0  6.0  7.0  7.0   (238, 40, 804, 642)
 4:33.97  amber      7.0   7.0  6.0  7.0  7.0   (238, 40, 804, 642)
 4:34.47  amber      7.0   7.0  6.0  7.0  7.0   (238, 40, 804, 642)
 4:34.97  amber      7.0   7.0  6.0  7.0  7.0   (238, 40, 804, 642)
 4:35.47  amber      7.0   7.0  6.0  7.0  7.0   (238, 40, 804, 642)
 4:35.97  amber      7.0   7.0  6.0  7.0  7.0   (238, 40, 804, 642)
 4:36.47  amber      7.0   7.0  6.0  7.0  7.0   (238, 40, 804, 642)
 4:36.97  amber      6.5   7.0  6.0  7.0  6.0   (238, 40, 804, 642)
 4:37.47  amber      6.5   7.0  6.0  7.0  6.0   (238, 40, 804, 642)
 4:37.97  amber      6.5   7.0  6.0  7.0  6.0   (238, 40, 804, 642)
 4:38.47  amber      6.5   7.0  6.0  7.0  6.0   (238, 40, 804, 642)
 4:38.97  amber      6.5   7.0  6.0  7.0  6.0   (238, 40, 804, 642)
 4:39.47  amber      6.5   7.0  6.0  7.0  6.0   (238, 40, 804, 642)

# 403 ring samples in 145 runs; stroke histogram (rounded px): 4 px: 13, 6 px: 198, 7 px: 114, 8 px: 14, 9 px: 1, 10 px: 2, 11 px: 3, 12 px: 24, 13 px: 5, 14 px: 13, 16 px: 16
# runs (start, end, color, median stroke, min-max, samples)
 0:52.99 -  1:12.49  purple    6.0   6.0- 6.0   40
 1:12.99 -  1:29.99  blue      6.0   6.0- 6.0   35
 1:30.49 -  1:44.49  teal      7.0   7.0- 7.0   29
 1:50.49 -  2:04.99  purple    6.0   6.0- 6.5   30
 2:05.49 -  2:20.48  blue      6.0   6.0- 6.0   31
 2:20.98 -  2:34.98  teal      7.0   7.0- 7.0   29
 2:49.98 -  2:49.98  purple    6.5   6.5- 6.5    1
 2:50.48 -  2:52.48  purple    6.5   6.5- 6.5    5
 2:59.98 -  3:00.48  purple    6.5   6.5- 6.5    2
 3:00.98 -  3:00.98  blue      6.0   6.0- 6.0    1
 3:01.48 -  3:01.48  blue      6.5   6.5- 6.5    1
 3:01.48 -  3:01.48  blue      4.0   4.0- 4.0    1
 3:01.98 -  3:01.98  blue      6.5   6.5- 6.5    1
 3:01.98 -  3:01.98  blue      4.0   4.0- 4.0    1
 3:02.48 -  3:02.48  blue      6.5   6.5- 6.5    1
 3:02.48 -  3:02.48  blue      4.0   4.0- 4.0    1
 3:02.98 -  3:02.98  blue      6.5   6.5- 6.5    1
 3:02.98 -  3:02.98  blue      4.0   4.0- 4.0    1
 3:03.48 -  3:03.48  blue      6.5   6.5- 6.5    1
 3:03.48 -  3:03.48  blue      4.0   4.0- 4.0    1
 3:03.98 -  3:03.98  blue      6.5   6.5- 6.5    1
 3:03.98 -  3:03.98  blue      4.0   4.0- 4.0    1
 3:04.48 -  3:04.48  blue      6.5   6.5- 6.5    1
 3:04.48 -  3:04.48  blue      4.0   4.0- 4.0    1
 3:04.98 -  3:04.98  blue      6.5   6.5- 6.5    1
 3:04.98 -  3:04.98  blue      4.0   4.0- 4.0    1
 3:05.48 -  3:05.48  blue      6.5   6.5- 6.5    1
 3:05.48 -  3:05.48  blue      4.0   4.0- 4.0    1
 3:05.98 -  3:05.98  blue      6.5   6.5- 6.5    1
 3:05.98 -  3:05.98  blue      4.0   4.0- 4.0    1
 3:06.48 -  3:06.48  blue      6.5   6.5- 6.5    1
 3:06.48 -  3:06.48  blue      4.0   4.0- 4.0    1
 3:06.98 -  3:06.98  blue      6.5   6.5- 6.5    1
 3:06.98 -  3:06.98  blue      4.0   4.0- 4.0    1
 3:07.48 -  3:07.48  blue      6.5   6.5- 6.5    1
 3:07.48 -  3:07.48  blue      4.0   4.0- 4.0    1
 3:07.98 -  3:14.48  blue      6.5   6.5- 6.5   14
 3:14.98 -  3:14.98  teal      7.0   7.0- 7.0    1
 3:15.48 -  3:17.48  teal      7.0   7.0- 7.0    5
 3:15.48 -  3:15.48  amber    13.0  13.0-13.0    1
 3:27.48 -  3:27.98  teal      7.0   7.0- 7.0    2
 3:27.48 -  3:27.98  amber    11.5  11.5-11.5    2
 3:28.48 -  3:28.48  amber     6.5   6.5- 6.5    1
 3:28.48 -  3:28.48  amber    12.5  12.5-12.5    1
 3:28.98 -  3:28.98  amber     7.0   7.0- 7.0    1
 3:28.98 -  3:28.98  amber    11.5  11.5-11.5    1
 3:29.48 -  3:29.48  amber     7.0   7.0- 7.0    1
 3:29.48 -  3:29.48  amber    11.8  11.8-11.8    1
 3:29.98 -  3:29.98  amber     7.0   7.0- 7.0    1
 3:29.98 -  3:29.98  amber    11.8  11.8-11.8    1
 3:30.48 -  3:30.48  amber     7.0   7.0- 7.0    1
 3:30.48 -  3:30.48  amber    11.8  11.8-11.8    1
 3:30.98 -  3:30.98  amber     7.0   7.0- 7.0    1
 3:30.98 -  3:30.98  amber    11.8  11.8-11.8    1
 3:31.48 -  3:31.48  amber     7.0   7.0- 7.0    1
 3:31.48 -  3:31.48  amber    11.8  11.8-11.8    1
 3:31.98 -  3:31.98  amber     7.0   7.0- 7.0    1
 3:31.98 -  3:31.98  amber    11.8  11.8-11.8    1
 3:32.48 -  3:32.48  amber     7.0   7.0- 7.0    1
 3:32.48 -  3:32.48  amber    11.8  11.8-11.8    1
 3:32.98 -  3:32.98  amber     7.0   7.0- 7.0    1
 3:32.98 -  3:32.98  amber    11.8  11.8-11.8    1
 3:33.48 -  3:33.48  amber     7.0   7.0- 7.0    1
 3:33.48 -  3:33.48  amber    11.8  11.8-11.8    1
 3:33.98 -  3:33.98  amber     7.0   7.0- 7.0    1
 3:33.98 -  3:33.98  amber    11.8  11.8-11.8    1
 3:34.48 -  3:34.48  amber     7.0   7.0- 7.0    1
 3:34.48 -  3:34.48  amber    11.8  11.8-11.8    1
 3:34.98 -  3:34.98  amber     7.0   7.0- 7.0    1
 3:34.98 -  3:34.98  amber    11.8  11.8-11.8    1
 3:35.48 -  3:35.48  amber     7.0   7.0- 7.0    1
 3:35.48 -  3:35.48  amber    11.8  11.8-11.8    1
 3:35.98 -  3:35.98  amber     6.5   6.5- 6.5    1
 3:35.98 -  3:35.98  amber    12.2  12.2-12.2    1
 3:36.48 -  3:36.48  amber     6.5   6.5- 6.5    1
 3:36.48 -  3:36.48  amber    12.2  12.2-12.2    1
 3:36.98 -  3:36.98  amber     6.5   6.5- 6.5    1
 3:36.98 -  3:36.98  amber    12.2  12.2-12.2    1
 3:37.48 -  3:37.48  amber     6.5   6.5- 6.5    1
 3:37.48 -  3:37.48  amber    12.2  12.2-12.2    1
 3:37.98 -  3:37.98  amber     6.5   6.5- 6.5    1
 3:37.98 -  3:37.98  amber    12.2  12.2-12.2    1
 3:38.48 -  3:38.48  amber     6.5   6.5- 6.5    1
 3:38.48 -  3:38.48  amber    12.2  12.2-12.2    1
 3:38.98 -  3:38.98  amber     6.5   6.5- 6.5    1
 3:38.98 -  3:38.98  amber    12.2  12.2-12.2    1
 3:51.97 -  3:53.97  blue      9.2   7.2-10.0    5
 3:54.97 -  3:54.97  purple    7.0   7.0- 7.0    1
 3:55.47 -  3:59.47  purple    6.5   6.5- 6.5    9
 3:59.97 -  3:59.97  gold     11.2  11.2-11.2    1
 4:06.47 -  4:06.97  purple    6.8   6.5- 7.0    2
 4:07.47 -  4:07.47  blue      6.0   6.0- 6.0    1
 4:07.47 -  4:07.47  blue     16.0  16.0-16.0    1
 4:07.47 -  4:07.47  blue     15.5  15.5-15.5    1
 4:07.97 -  4:07.97  blue     16.0  16.0-16.0    1
 4:07.97 -  4:07.97  blue     14.0  14.0-14.0    1
 4:07.97 -  4:07.97  blue      8.0   8.0- 8.0    1
 4:08.47 -  4:08.47  blue     16.0  16.0-16.0    1
 4:08.47 -  4:08.47  blue     14.0  14.0-14.0    1
 4:08.47 -  4:08.47  blue      8.0   8.0- 8.0    1
 4:08.97 -  4:08.97  blue     16.0  16.0-16.0    1
 4:08.97 -  4:08.97  blue     14.0  14.0-14.0    1
 4:08.97 -  4:08.97  blue      8.0   8.0- 8.0    1
 4:09.47 -  4:09.47  blue     16.0  16.0-16.0    1
 4:09.47 -  4:09.47  blue     14.0  14.0-14.0    1
 4:09.47 -  4:09.47  blue      8.0   8.0- 8.0    1
 4:09.97 -  4:09.97  blue     16.0  16.0-16.0    1
 4:09.97 -  4:09.97  blue     14.0  14.0-14.0    1
 4:09.97 -  4:09.97  blue      8.0   8.0- 8.0    1
 4:10.47 -  4:10.47  blue     16.0  16.0-16.0    1
 4:10.47 -  4:10.47  blue     14.0  14.0-14.0    1
 4:10.47 -  4:10.47  blue      8.0   8.0- 8.0    1
 4:10.97 -  4:10.97  blue     16.0  16.0-16.0    1
 4:10.97 -  4:10.97  blue     14.0  14.0-14.0    1
 4:10.97 -  4:10.97  blue      8.0   8.0- 8.0    1
 4:11.47 -  4:11.47  blue     16.0  16.0-16.0    1
 4:11.47 -  4:11.47  blue     14.0  14.0-14.0    1
 4:11.47 -  4:11.47  blue      8.0   8.0- 8.0    1
 4:11.97 -  4:11.97  blue     16.0  16.0-16.0    1
 4:11.97 -  4:11.97  blue     14.0  14.0-14.0    1
 4:11.97 -  4:11.97  blue      8.0   8.0- 8.0    1
 4:12.47 -  4:12.47  blue     16.0  16.0-16.0    1
 4:12.47 -  4:12.47  blue     14.0  14.0-14.0    1
 4:12.47 -  4:12.47  blue      8.0   8.0- 8.0    1
 4:12.97 -  4:12.97  blue     16.0  16.0-16.0    1
 4:12.97 -  4:12.97  blue     14.0  14.0-14.0    1
 4:12.97 -  4:12.97  blue      8.0   8.0- 8.0    1
 4:13.47 -  4:13.47  blue     16.0  16.0-16.0    1
 4:13.47 -  4:13.47  blue     14.0  14.0-14.0    1
 4:13.47 -  4:13.47  blue      8.0   8.0- 8.0    1
 4:13.97 -  4:13.97  blue     16.0  16.0-16.0    1
 4:13.97 -  4:13.97  blue     14.0  14.0-14.0    1
 4:13.97 -  4:13.97  blue      8.0   8.0- 8.0    1
 4:14.47 -  4:14.47  blue     13.2  13.2-13.2    1
 4:14.47 -  4:14.47  blue     13.0  13.0-13.0    1
 4:20.47 -  4:20.47  blue     11.2  11.2-11.2    1
 4:20.47 -  4:20.47  blue     13.0  13.0-13.0    1
 4:20.97 -  4:20.97  blue     11.2  11.2-11.2    1
 4:20.97 -  4:20.97  blue     13.0  13.0-13.0    1
 4:21.47 -  4:21.47  teal      7.0   7.0- 7.0    1
 4:21.47 -  4:21.47  blue      6.5   6.5- 6.5    1
 4:21.97 -  4:29.47  teal      7.0   7.0- 7.0   16
 4:29.97 -  4:29.97  teal     16.0  16.0-16.0    1
 4:29.97 -  4:29.97  amber     7.0   7.0- 7.0    1
 4:30.47 -  4:39.47  amber     7.0   6.5- 7.0   19
