0 0.359206
4.49977 5.151837
6.33136 7.264195
10.5677 11.186009
13.9717 14.628005
18.3724 19.150658
21.0921 21.845941
27.1001 27.991043
30.3591 30.974671
31.2877 31.845057
32.2256 32.708005
33.1484 33.609456
34.1523 34.951905
36.2853 36.840204
38.5314 39.229365
46.7394 47.372404
51.3117 51.988753
53.464 53.994308
54.5304 55.046599
59.4654 60.253583
62.1201 62.499887
63.6813 64.205896
68.8263 69.415057
70.0325 70.538299
72.8008 73.144853
75.6854 76.42873
77.3494 77.745034
79.8314 80.226871
83.264 83.795261
85.265 85.690907
87.0787 87.865714
90.8393 91.527868
92.7885 93.389093
98.4663 98.863651
101.642 102.352358
103.859 104.452177
105.879 106.222109
108.513 109.272018
110.457 110.820612
112.9 113.212381
114.543 115.218073
118.706 119.253741
121.43 122.045079
122.737 123.248821
125.423 125.832222
128.342 128.884331
131.045 131.691655
134.028 134.624263
137.889 138.576508
139.603 140.062404
143.762 144.421995
147.091 147.536485
148.991 149.451769
153.901 154.520862
156.763 157.262404
161.982 162.617982
165.812 166.264286
166.49 166.831655
169.9 170.539478
172.349 172.991293
177.643 178.218367
179.479 180.169864
181.866 182.664467
186.314 187.008413
189.678 190.346803
192.265 192.870658
193.972 194.296372
197.065 197.583673
200.878 201.298027
202.527 203.257528
204.229 204.642177
205.444 205.90263
211.442 211.889932
215.275 216.160454
217.65 218.402177
220.588 220.984649
223.409 223.932585
225.792 226.320068
229.312 230.046644
234.91 235.57195
237.697 238.426825
242.096 242.521837
246.001 246.86449
249.034 249.566961
250.94 251.47068
253.438 254.014082
256.107 256.550454
260.59 261.403197
262.912 263.276553
265.041 265.357256
271.763 272.240272
274.28 275.106712
276.06 276.620952
277.582 278.032517
279.391 279.85449
280.876 281.400975
283.86 284.381678
286.496 287.472245
290.233 290.865556
292.951 293.609751
296.369 299.816054
