# creative-thinking-v9.mp4  1280x720  duration=3:08.13  step=0.5s  thr=45.0
# target: fixed 4 px at 720p (6 px at 1080p), Edit Spec section 5 (2026-09-26); widths are SOLID pixels at thr, true width is about +0.5
# time      color    stroke   L    R    T    B    bbox(x,y,w,h)
 1:05.50  purple     4.5   4.0  4.0  5.0  5.0   (265, 79, 418, 334)
 1:06.00  purple     5.0   5.0  4.0  5.0  5.0   (238, 41, 801, 636)
 1:06.50  purple     5.0   5.0  4.0  5.0  5.0   (238, 40, 805, 641)
 1:07.00  purple     5.0   5.0  4.0  5.0  5.0   (238, 40, 805, 641)
 1:07.50  purple     5.0   5.0  4.0  5.0  5.0   (238, 40, 805, 641)
 1:08.00  purple     5.0   5.0  4.0  5.0  5.0   (238, 40, 805, 641)
 1:08.50  purple     5.0   5.0  4.0  5.0  5.0   (238, 40, 805, 641)
 1:09.00  purple     5.0   5.0  4.0  5.0  5.0   (238, 40, 805, 641)
 1:09.50  purple     5.0   5.0  5.0  5.0  5.0   (238, 40, 805, 641)
 1:10.00  purple     5.0   5.0  5.0  5.0  5.0   (238, 40, 805, 641)
 1:10.50  purple     5.0   5.0  5.0  5.0  5.0   (238, 40, 805, 641)
 1:11.00  purple     5.0   5.0  5.0  5.0  5.0   (238, 40, 805, 641)
 1:11.50  purple     5.0   5.0  5.0  5.0  5.0   (238, 40, 805, 641)
 1:12.00  purple     5.0   5.0  5.0  5.0  5.0   (238, 40, 805, 641)
 1:12.50  purple     5.0   5.0  5.0  5.0  5.0   (238, 40, 805, 641)
 1:13.00  purple     5.0   5.0  5.0  5.0  5.0   (238, 40, 805, 641)
 1:13.50  purple     5.0   5.0  5.0  5.0  5.0   (238, 40, 805, 641)
 1:14.00  purple     5.0   5.0  5.0  5.0  5.0   (238, 40, 805, 641)
 1:14.50  blue       4.0   4.0  4.0  5.0  4.0   (838, 40, 442, 640)
 1:15.00  blue       4.5   5.0  4.0  5.0  4.0   (238, 40, 804, 640)
 1:15.50  blue       4.5   5.0  4.0  5.0  4.0   (238, 40, 804, 640)
 1:16.00  blue       4.5   5.0  4.0  5.0  4.0   (238, 40, 804, 640)
 1:16.50  blue       4.5   5.0  4.0  5.0  4.0   (238, 40, 804, 640)
 1:17.00  blue       4.5   5.0  4.0  5.0  4.0   (238, 40, 804, 640)
 1:17.50  blue       4.5   5.0  4.0  5.0  4.0   (238, 40, 804, 640)
 1:18.00  blue       4.5   5.0  4.0  5.0  4.0   (238, 40, 805, 640)
 1:18.50  blue       4.5   5.0  4.0  5.0  4.0   (238, 40, 805, 640)
 1:19.00  blue       4.5   5.0  4.0  5.0  4.0   (238, 40, 805, 640)
 1:19.50  blue       4.5   5.0  4.0  5.0  4.0   (238, 40, 805, 640)
 1:20.00  blue       4.5   5.0  4.0  5.0  4.0   (238, 40, 805, 640)
 1:20.50  blue       4.5   5.0  4.0  5.0  4.0   (238, 40, 805, 640)
 1:21.00  blue       4.5   5.0  4.0  5.0  4.0   (238, 40, 805, 640)
 1:21.50  blue       4.5   5.0  4.0  5.0  4.0   (238, 40, 805, 640)
 1:22.00  blue       4.5   5.0  4.0  5.0  4.0   (238, 40, 805, 640)
 1:23.00  teal       5.0   5.0  5.0  5.0  5.0   (137, 121, 806, 599)
 1:23.00  gold       3.5   1.0  1.0  6.0  6.0   (1015, 328, 178, 111)
 1:23.50  teal       5.0   5.0  5.0  5.0  5.0   (238, 41, 805, 639)
 1:24.00  teal       5.0   5.0  5.0  5.0  5.0   (238, 41, 805, 639)
 1:24.50  teal       5.0   5.0  5.0  5.0  5.0   (238, 41, 805, 639)
 1:25.00  teal       5.0   5.0  5.0  5.0  5.0   (238, 41, 805, 639)
 1:29.00  teal       5.0   5.0  5.0  5.0  5.0   (238, 41, 805, 639)
 1:29.50  teal       5.0   5.0  5.0  5.0  5.0   (238, 41, 805, 639)
 1:30.00  amber      4.0   4.0  4.0  4.0  4.0   (838, 42, 442, 638)
 1:30.50  amber      4.0   5.0  4.0  4.0  4.0   (238, 42, 805, 638)
 1:30.50  gold       3.5   2.0 10.0  2.0  5.0   (608, 46, 120, 134)
 1:31.00  amber      4.0   5.0  4.0  4.0  4.0   (238, 42, 805, 638)
 1:31.00  gold       3.5   2.0 10.0  2.0  5.0   (608, 46, 120, 134)
 1:31.50  amber      4.0   5.0  4.0  4.0  4.0   (238, 42, 805, 638)
 1:31.50  gold       3.5   2.0 10.0  2.0  5.0   (608, 46, 120, 134)
 1:32.00  amber      4.0   5.0  4.0  4.0  4.0   (238, 42, 805, 638)
 1:32.00  gold       3.5   2.0 10.0  2.0  5.0   (608, 46, 120, 134)
 1:32.50  amber      4.0   5.0  4.0  4.0  4.0   (238, 42, 805, 638)
 1:32.50  gold       3.5   2.0 10.0  2.0  5.0   (608, 46, 120, 134)
 1:33.00  amber      4.0   5.0  4.0  4.0  4.0   (238, 42, 805, 638)
 1:33.00  gold       3.5   2.0 10.0  2.0  5.0   (608, 46, 120, 134)
 1:33.50  amber      4.0   5.0  4.0  4.0  4.0   (238, 42, 805, 638)
 1:33.50  gold       3.5   2.0 10.0  2.0  5.0   (608, 46, 120, 134)
 1:34.00  amber      4.0   5.0  4.0  4.0  4.0   (238, 42, 805, 638)
 1:34.00  gold       3.5   2.0 10.0  2.0  5.0   (608, 46, 120, 134)
 1:34.50  amber      4.0   5.0  4.0  4.0  4.0   (238, 42, 805, 638)
 1:34.50  gold       3.5   2.0 10.0  2.0  5.0   (608, 46, 120, 134)
 1:35.00  amber      4.0   5.0  4.0  4.0  4.0   (238, 42, 805, 638)
 1:35.00  gold       3.5   2.0 10.0  2.0  5.0   (608, 46, 120, 134)
 1:35.50  amber      4.0   5.0  4.0  4.0  4.0   (238, 42, 805, 638)
 1:35.50  gold       3.5   2.0 10.0  2.0  5.0   (608, 46, 120, 134)
 1:36.00  amber      4.0   5.0  4.0  4.0  4.0   (238, 42, 805, 638)
 1:36.00  gold       3.5   2.0 10.0  2.0  5.0   (608, 46, 120, 134)
 1:36.50  amber      4.0   5.0  4.0  4.0  4.0   (238, 42, 805, 638)
 1:36.50  gold       3.5   2.0 10.0  2.0  5.0   (608, 46, 120, 134)
 2:11.00  purple     4.5   5.0  4.0  5.0  4.0   (260, 71, 493, 393)
 2:11.50  purple     4.5   5.0  4.0  5.0  4.0   (238, 40, 805, 641)
 2:12.00  purple     4.5   5.0  4.0  5.0  4.0   (238, 40, 805, 641)
 2:12.50  purple     4.5   5.0  4.0  5.0  4.0   (238, 40, 805, 641)
 2:13.00  purple     4.5   5.0  4.0  5.0  4.0   (238, 40, 805, 641)
 2:13.50  purple     4.5   5.0  4.0  5.0  4.0   (238, 40, 805, 641)
 2:14.00  purple     5.0   5.0  5.0  5.0  5.0   (238, 40, 805, 641)
 2:14.50  purple     5.0   5.0  5.0  5.0  5.0   (238, 40, 805, 641)
 2:15.00  purple     5.0   5.0  5.0  5.0  5.0   (238, 40, 805, 641)
 2:15.50  purple     5.0   5.0  5.0  5.0  5.0   (238, 40, 805, 641)
 2:16.00  purple     5.0   5.0  5.0  5.0  5.0   (238, 40, 805, 641)
 2:16.50  purple     5.0   5.0  5.0  5.0  5.0   (238, 40, 805, 641)
 2:17.00  purple     5.0   5.0  5.0  5.0  5.0   (238, 40, 805, 641)
 2:17.50  purple     5.0   5.0  5.0  5.0  5.0   (238, 40, 805, 641)
 2:18.00  purple     5.0   5.0  5.0  5.0  5.0   (238, 40, 805, 641)
 2:18.50  purple     5.0   5.0  5.0  5.0  5.0   (238, 40, 805, 641)
 2:19.00  purple     5.0   5.0  5.0  5.0  5.0   (238, 40, 805, 641)
 2:19.50  purple     5.0   5.0  5.0  5.0  5.0   (238, 40, 805, 641)
 2:20.00  purple     5.0   5.0  5.0  5.0  5.0   (238, 40, 805, 641)
 2:20.50  purple     5.0   5.0  5.0  5.0  5.0   (238, 40, 805, 641)
 2:21.00  purple     5.0   5.0  5.0  5.0  5.0   (238, 40, 805, 641)
 2:21.50  purple     5.0   5.0  5.0  5.0  5.0   (238, 40, 805, 641)
 2:22.00  purple     5.0   5.0  5.0  5.0  5.0   (238, 40, 805, 641)
 2:22.50  purple     5.0   5.0  5.0  5.0  5.0   (238, 40, 805, 641)
 2:23.00  purple     5.0   5.0  5.0  5.0  5.0   (238, 40, 805, 641)
 2:23.50  purple     5.0   5.0  5.0  5.0  5.0   (238, 40, 805, 641)
 2:24.00  blue       5.0   5.0  5.0  5.0  4.0   (1002, 40, 278, 640)
 2:24.50  blue       5.0   5.0  5.0  5.0  4.0   (304, 40, 806, 640)
 2:25.00  blue       4.5   5.0  4.0  5.0  4.0   (238, 40, 805, 640)
 2:25.50  blue       4.5   5.0  4.0  5.0  4.0   (238, 40, 805, 640)
 2:32.00  blue       4.5   5.0  4.0  5.0  4.0   (238, 40, 805, 640)
 2:32.50  blue       4.5   5.0  4.0  5.0  4.0   (238, 40, 805, 640)
 2:33.00  blue       4.5   5.0  4.0  5.0  4.0   (238, 40, 805, 640)
 2:33.50  blue       4.5   5.0  4.0  5.0  4.0   (238, 40, 805, 640)
 2:34.00  teal       5.0   5.0  5.0  5.0  5.0   (0, 481, 494, 239)
 2:34.00  gold      11.5  30.0 19.0  4.0  2.0   (566, 568, 196, 152)
 2:34.50  teal       5.0   5.0  4.0  5.0  5.0   (238, 41, 805, 639)
 2:35.00  teal       5.0   5.0  5.0  5.0  5.0   (238, 41, 805, 639)
 2:35.50  teal       5.0   5.0  5.0  5.0  5.0   (238, 41, 805, 639)
 2:36.00  teal       5.0   5.0  5.0  5.0  5.0   (238, 41, 805, 639)
 2:36.50  teal       5.0   5.0  5.0  5.0  5.0   (238, 41, 805, 639)
 2:37.00  teal       5.0   5.0  5.0  5.0  5.0   (238, 41, 805, 639)
 2:37.50  teal       5.0   5.0  5.0  5.0  5.0   (238, 41, 805, 639)
 2:38.00  teal       5.0   5.0  5.0  5.0  5.0   (238, 41, 805, 639)
 2:38.50  teal       5.0   5.0  5.0  5.0  5.0   (238, 41, 805, 639)
 2:43.50  teal       5.0   5.0  5.0  5.0  5.0   (238, 41, 805, 639)
 2:44.00  teal       5.0   5.0  5.0  5.0  5.0   (238, 41, 805, 639)
 2:44.50  amber      4.5   5.0  5.0  4.0  4.0   (734, 42, 546, 638)
 2:45.00  amber      4.0   5.0  4.0  4.0  4.0   (238, 42, 804, 638)
 2:45.50  amber      4.0   5.0  4.0  4.0  4.0   (238, 42, 805, 638)
 2:46.00  amber      4.0   5.0  4.0  4.0  4.0   (238, 42, 805, 638)
 2:46.50  amber      4.0   5.0  4.0  4.0  4.0   (238, 42, 805, 638)
 2:47.00  amber      4.0   5.0  4.0  4.0  4.0   (238, 42, 805, 638)
 2:47.50  amber      4.0   5.0  4.0  4.0  4.0   (238, 42, 805, 638)
 2:48.00  amber      4.0   5.0  4.0  4.0  4.0   (238, 42, 805, 638)
 2:48.50  amber      4.0   5.0  4.0  4.0  4.0   (238, 42, 805, 638)
 2:49.00  amber      4.0   5.0  4.0  4.0  4.0   (238, 42, 805, 638)
 2:49.50  amber      4.0   5.0  4.0  4.0  4.0   (238, 42, 805, 638)
 2:50.00  amber      4.0   5.0  4.0  4.0  4.0   (238, 42, 805, 638)
 2:50.50  amber      4.0   5.0  4.0  4.0  4.0   (238, 42, 805, 638)
 2:51.00  amber      4.0   5.0  4.0  4.0  4.0   (238, 42, 805, 638)
 2:51.50  amber      4.5   5.0  4.0  4.0  5.0   (238, 42, 805, 638)
 2:52.00  amber      4.5   5.0  4.0  4.0  5.0   (238, 42, 805, 638)
 2:52.50  amber      4.5   5.0  4.0  4.0  5.0   (238, 42, 805, 638)
 2:53.00  amber      4.5   5.0  4.0  4.0  5.0   (238, 42, 805, 638)
 2:53.50  amber      4.5   5.0  4.0  4.0  5.0   (238, 42, 805, 638)
 2:54.00  amber      4.5   5.0  4.0  4.0  5.0   (238, 42, 805, 638)

# 136 ring samples in 23 runs; stroke histogram (rounded px): 4 px: 77, 5 px: 58, 12 px: 1
# runs (start, end, color, median stroke, min-max, samples)
 1:05.50 -  1:05.50  purple    4.5   4.5- 4.5    1
 1:06.00 -  1:14.00  purple    5.0   5.0- 5.0   17
 1:14.50 -  1:14.50  blue      4.0   4.0- 4.0    1
 1:15.00 -  1:22.00  blue      4.5   4.5- 4.5   15
 1:23.00 -  1:23.00  teal      5.0   5.0- 5.0    1
 1:23.00 -  1:23.00  gold      3.5   3.5- 3.5    1
 1:23.50 -  1:25.00  teal      5.0   5.0- 5.0    4
 1:29.00 -  1:29.50  teal      5.0   5.0- 5.0    2
 1:30.00 -  1:30.00  amber     4.0   4.0- 4.0    1
 1:30.50 -  1:36.50  amber     4.0   4.0- 4.0   13
 1:30.50 -  1:36.50  gold      3.5   3.5- 3.5   13
 2:11.00 -  2:11.00  purple    4.5   4.5- 4.5    1
 2:11.50 -  2:23.50  purple    5.0   4.5- 5.0   25
 2:24.00 -  2:24.00  blue      5.0   5.0- 5.0    1
 2:24.50 -  2:24.50  blue      5.0   5.0- 5.0    1
 2:25.00 -  2:25.50  blue      4.5   4.5- 4.5    2
 2:32.00 -  2:33.50  blue      4.5   4.5- 4.5    4
 2:34.00 -  2:34.00  teal      5.0   5.0- 5.0    1
 2:34.00 -  2:34.00  gold     11.5  11.5-11.5    1
 2:34.50 -  2:38.50  teal      5.0   5.0- 5.0    9
 2:43.50 -  2:44.00  teal      5.0   5.0- 5.0    2
 2:44.50 -  2:44.50  amber     4.5   4.5- 4.5    1
 2:45.00 -  2:54.00  amber     4.0   4.0- 4.5   19
