# where-ai-works-best.mp4  1280x720  duration=3:52.03  step=0.5s  thr=45.0
# target: fixed 4 px at 720p (6 px at 1080p), Edit Spec section 5 (2026-09-26); widths are SOLID pixels at thr, true width is about +0.5
# time      color    stroke   L    R    T    B    bbox(x,y,w,h)
 0:09.50  gold       2.5   3.0  3.0  2.0  2.0   (497, 206, 306, 308)
 0:10.00  gold       2.0   2.0  3.0  2.0  2.0   (477, 206, 327, 308)
 0:10.50  gold       2.0   2.0  3.0  2.0  2.0   (477, 206, 327, 308)
 0:13.00  gold       2.0   2.0  2.0  2.0  2.0   (476, 206, 328, 308)
 0:16.00  violet     4.0   4.0  4.0  4.0  4.0   (195, 134, 247, 256)
 0:16.50  violet     4.0   4.0  4.0  4.0  4.0   (195, 134, 247, 256)
 0:17.00  violet     4.0   4.0  4.0  4.0  4.0   (195, 134, 247, 256)
 0:17.50  violet     4.0   4.0  4.0  4.0  4.0   (195, 134, 247, 256)
 0:18.00  violet     4.0   4.0  4.0  4.0  4.0   (195, 134, 247, 256)
 0:18.50  violet     4.0   4.0  4.0  4.0  4.0   (195, 134, 247, 256)
 0:19.00  violet     4.0   4.0  4.0  4.0  4.0   (195, 134, 247, 256)
 0:19.50  violet     4.0   4.0  4.0  4.0  4.0   (195, 134, 247, 256)
 0:20.00  violet     4.0   4.0  4.0  4.0  4.0   (195, 134, 247, 256)
 0:20.50  violet     4.0   4.0  4.0  4.0  4.0   (854, 208, 232, 330)
 0:21.00  violet     4.0   4.0  4.0  4.0  4.0   (854, 208, 232, 330)
 0:21.50  violet     4.0   4.0  4.0  4.0  4.0   (854, 208, 232, 330)
 0:22.00  violet     4.0   4.0  4.0  4.0  4.0   (854, 208, 232, 330)
 0:22.50  violet     4.0   4.0  4.0  4.0  4.0   (854, 208, 232, 330)
 0:23.00  violet     4.0   4.0  4.0  4.0  4.0   (854, 208, 232, 330)
 0:23.50  violet     4.0   4.0  4.0  4.0  4.0   (854, 208, 232, 330)
 0:24.00  violet     4.0   4.0  4.0  4.0  4.0   (854, 208, 232, 330)
 0:24.50  violet     4.0   4.0  4.0  4.0  4.0   (854, 208, 232, 330)
 0:41.00  violet     4.0   4.0  4.0  4.0  4.0   (195, 98, 891, 502)
 0:41.50  violet     4.0   4.0  4.0  4.0  4.0   (195, 98, 891, 502)
 0:42.00  violet     4.0   4.0  4.0  4.0  4.0   (195, 98, 891, 502)
 0:42.50  violet     4.0   4.0  4.0  4.0  4.0   (195, 98, 891, 502)
 0:43.00  violet     4.0   4.0  4.0  4.0  4.0   (195, 98, 891, 502)
 0:43.50  violet     4.0   4.0  4.0  4.0  4.0   (195, 98, 891, 502)
 0:44.00  violet     4.0   4.0  4.0  4.0  4.0   (195, 98, 891, 502)
 0:44.50  violet     4.0   4.0  4.0  4.0  4.0   (195, 98, 891, 502)
 0:45.00  violet     4.0   4.0  4.0  4.0  4.0   (195, 98, 891, 502)
 0:45.50  violet     4.0   4.0  4.0  4.0  4.0   (195, 98, 891, 502)
 0:46.00  violet     4.0   4.0  4.0  4.0  4.0   (195, 616, 891, 58)
 0:46.50  violet     4.0   4.0  4.0  4.0  4.0   (195, 616, 891, 58)
 0:47.00  violet     4.0   4.0  4.0  4.0  4.0   (195, 616, 891, 58)
 0:47.50  violet     4.0   4.0  4.0  4.0  4.0   (195, 616, 891, 58)
 0:48.00  violet     4.0   4.0  4.0  4.0  4.0   (195, 616, 891, 58)
 0:48.50  violet     4.0   4.0  4.0  4.0  4.0   (195, 616, 891, 58)
 0:49.00  violet     4.0   4.0  4.0  4.0  4.0   (195, 616, 891, 58)
 1:00.00  blue       4.0   4.0  4.0  4.0  4.0   (164, 454, 404, 90)
 1:00.50  blue       4.0   4.0  4.0  4.0  4.0   (164, 454, 404, 90)
 1:01.00  blue       4.0   4.0  4.0  4.0  4.0   (164, 454, 404, 90)
 1:01.50  blue       4.0   4.0  4.0  4.0  4.0   (164, 454, 404, 90)
 1:02.00  blue       4.0   4.0  4.0  4.0  4.0   (164, 454, 404, 90)
 1:02.50  blue       4.0   4.0  4.0  4.0  4.0   (164, 454, 404, 90)
 1:03.00  blue       4.0   4.0  4.0  4.0  4.0   (164, 454, 404, 90)
 1:03.50  blue       4.0   4.0  4.0  4.0  4.0   (164, 454, 404, 90)
 1:04.00  blue       4.0   4.0  4.0  4.0  4.0   (164, 454, 404, 90)
 1:04.50  blue       4.0   4.0  4.0  4.0  4.0   (164, 454, 404, 90)
 1:05.00  blue       4.0   4.0  4.0  4.0  4.0   (164, 454, 404, 90)
 1:05.50  blue       4.0   4.0  4.0  4.0  4.0   (164, 454, 404, 90)
 1:06.00  blue       4.0   4.0  4.0  4.0  4.0   (592, 148, 544, 184)
 1:06.50  blue       4.0   4.0  4.0  4.0  4.0   (592, 148, 544, 184)
 1:07.00  blue       4.0   4.0  4.0  4.0  4.0   (592, 148, 544, 184)
 1:07.50  blue       4.0   4.0  4.0  4.0  4.0   (592, 148, 544, 184)
 1:08.00  blue       4.0   4.0  4.0  4.0  4.0   (592, 148, 544, 184)
 1:08.50  blue       4.0   4.0  4.0  4.0  4.0   (592, 148, 544, 184)
 1:09.00  blue       4.0   4.0  4.0  4.0  4.0   (592, 148, 544, 184)
 1:09.50  blue       4.0   4.0  4.0  4.0  4.0   (592, 148, 544, 184)
 1:10.00  blue       4.0   4.0  4.0  4.0  4.0   (592, 148, 544, 184)
 1:10.50  blue       4.0   4.0  4.0  4.0  4.0   (592, 148, 544, 184)
 1:11.00  blue       4.0   4.0  4.0  4.0  4.0   (592, 148, 544, 184)
 1:11.50  blue       4.0   4.0  4.0  4.0  4.0   (592, 148, 544, 184)
 1:24.00  violet     4.0   4.0  4.0  4.0  4.0   (123, 604, 1035, 66)
 1:24.50  violet     4.0   4.0  4.0  4.0  4.0   (123, 604, 1035, 66)
 1:25.00  violet     4.0   4.0  4.0  4.0  4.0   (123, 604, 1035, 66)
 1:25.50  violet     4.0   4.0  4.0  4.0  4.0   (123, 604, 1035, 66)
 1:26.00  violet     4.0   4.0  4.0  4.0  4.0   (123, 604, 1035, 66)
 1:26.50  violet     4.0   4.0  4.0  4.0  4.0   (123, 604, 1035, 66)
 1:27.00  gold      14.0  19.0  6.5 18.0 10.0   (356, 166, 185, 90)
 1:27.00  gold       5.5   6.0  4.0 12.0  5.0   (241, 198, 308, 92)
 1:27.50  gold      14.0  19.0  6.5 18.0 10.0   (356, 166, 185, 90)
 1:27.50  gold       5.5   6.0  4.0 12.0  5.0   (241, 198, 308, 92)
 1:28.00  gold      14.0  19.0  6.5 18.0 10.0   (356, 166, 185, 90)
 1:28.00  gold       5.5   6.0  4.0 12.0  5.0   (241, 198, 308, 92)
 1:28.50  gold      14.0  19.0  6.5 18.0 10.0   (356, 166, 185, 90)
 1:28.50  gold       5.5   6.0  4.0 12.0  5.0   (241, 198, 308, 92)
 1:29.00  gold      14.0  19.0  6.5 18.0 10.0   (356, 166, 185, 90)
 1:29.00  gold       5.5   6.0  4.0 12.0  5.0   (241, 198, 308, 92)
 1:29.50  gold      14.0  19.0  6.5 18.0 10.0   (356, 166, 185, 90)
 1:29.50  gold       5.5   6.0  4.0 12.0  5.0   (241, 198, 308, 92)
 1:30.00  amber      5.0   5.0  5.0  5.0  5.0   (201, 421, 374, 137)
 1:30.00  gold      14.0  19.0  6.5 18.0 10.0   (356, 166, 185, 90)
 1:30.00  gold       5.5   6.0  4.0 12.0  5.0   (241, 198, 308, 92)
 1:30.50  amber      5.0   5.0  5.0  5.0  5.0   (201, 421, 374, 137)
 1:30.50  gold      14.0  19.0  6.5 18.0 10.0   (356, 166, 185, 90)
 1:30.50  gold       5.5   6.0  4.0 12.0  5.0   (241, 198, 308, 92)
 1:31.00  amber      5.0   5.0  5.0  5.0  5.0   (201, 421, 374, 137)
 1:31.00  gold      14.0  19.0  6.5 18.0 10.0   (356, 166, 185, 90)
 1:31.00  gold       5.5   6.0  4.0 12.0  5.0   (241, 198, 308, 92)
 1:31.50  amber      5.0   5.0  5.0  5.0  5.0   (201, 421, 374, 137)
 1:31.50  gold      14.0  19.0  6.5 18.0 10.0   (356, 166, 185, 90)
 1:31.50  gold       5.5   6.0  4.0 12.0  5.0   (241, 198, 308, 92)
 1:32.00  amber      5.0   5.0  5.0  5.0  5.0   (201, 421, 374, 137)
 1:32.00  gold      14.0  19.0  6.5 18.0 10.0   (356, 166, 185, 90)
 1:32.00  gold       5.5   6.0  4.0 12.0  5.0   (241, 198, 308, 92)
 1:32.50  amber      5.0   5.0  5.0  5.0  5.0   (201, 421, 374, 137)
 1:32.50  gold      14.0  19.0  6.5 18.0 10.0   (356, 166, 185, 90)
 1:32.50  gold       5.5   6.0  4.0 12.0  5.0   (241, 198, 308, 92)
 1:33.00  amber      5.0   5.0  5.0  5.0  5.0   (201, 421, 374, 137)
 1:33.00  gold      14.0  19.0  6.5 18.0 10.0   (356, 166, 185, 90)
 1:33.00  gold       5.5   6.0  4.0 12.0  5.0   (241, 198, 308, 92)
 1:33.50  amber      5.0   5.0  5.0  5.0  5.0   (201, 421, 374, 137)
 1:33.50  gold      14.0  19.0  6.5 18.0 10.0   (356, 166, 185, 90)
 1:33.50  gold       5.5   6.0  4.0 12.0  5.0   (241, 198, 308, 92)
 1:34.00  amber      5.0   5.0  5.0  5.0  5.0   (201, 421, 374, 137)
 1:34.00  gold      14.0  19.0  6.5 18.0 10.0   (356, 166, 185, 90)
 1:34.00  gold       5.5   6.0  4.0 12.0  5.0   (241, 198, 308, 92)
 1:34.50  amber      5.0   5.0  5.0  5.0  5.0   (201, 421, 374, 137)
 1:34.50  gold      14.0  19.0  6.5 18.0 10.0   (356, 166, 185, 90)
 1:34.50  gold       5.5   6.0  4.0 12.0  5.0   (241, 198, 308, 92)
 1:35.00  amber      5.0   5.0  5.0  5.0  5.0   (201, 421, 374, 137)
 1:35.00  gold      13.5  19.0  6.5 18.0  9.0   (356, 166, 186, 90)
 1:35.00  gold       7.5  10.0  4.0 12.0  5.0   (241, 198, 308, 92)
 1:35.50  amber      4.0   4.0  4.0  4.0  4.0   (596, 138, 503, 172)
 1:35.50  gold      13.5  19.0  6.5 18.0  9.0   (356, 166, 186, 90)
 1:35.50  gold       7.5  10.0  4.0 12.0  5.0   (241, 198, 308, 92)
 1:36.00  amber      4.0   4.0  4.0  4.0  4.0   (596, 138, 503, 172)
 1:36.00  gold      13.5  19.0  6.5 18.0  9.0   (356, 166, 186, 90)
 1:36.00  gold       7.5  10.0  4.0 12.0  5.0   (241, 198, 308, 92)
 1:36.50  amber      4.0   4.0  4.0  4.0  4.0   (596, 138, 503, 172)
 1:36.50  gold      13.5  19.0  6.5 18.0  9.0   (356, 166, 186, 90)
 1:36.50  gold       7.5  10.0  4.0 12.0  5.0   (241, 198, 308, 92)
 1:37.00  amber      4.0   4.0  4.0  4.0  4.0   (596, 138, 503, 172)
 1:37.00  gold      13.5  19.0  6.5 18.0  9.0   (356, 166, 186, 90)
 1:37.00  gold       7.5  10.0  4.0 12.0  5.0   (241, 198, 308, 92)
 1:37.50  amber      4.0   4.0  4.0  4.0  4.0   (596, 138, 503, 172)
 1:37.50  gold      13.5  19.0  6.5 18.0  9.0   (356, 166, 186, 90)
 1:37.50  gold       7.5  10.0  4.0 12.0  5.0   (241, 198, 308, 92)
 1:38.00  amber      4.0   4.0  4.0  4.0  4.0   (596, 138, 503, 172)
 1:38.00  gold      13.5  19.0  6.5 18.0  9.0   (356, 166, 186, 90)
 1:38.00  gold       7.5  10.0  4.0 12.0  5.0   (241, 198, 308, 92)
 1:38.50  amber      4.0   4.0  4.0  4.0  4.0   (596, 138, 503, 172)
 1:38.50  gold      13.5  19.0  6.5 18.0  9.0   (356, 166, 186, 90)
 1:38.50  gold       7.5  10.0  4.0 12.0  5.0   (241, 198, 308, 92)
 1:39.00  amber      4.0   4.0  4.0  4.0  4.0   (596, 138, 503, 172)
 1:39.00  gold      13.5  19.0  6.5 18.0  9.0   (356, 166, 186, 90)
 1:39.00  gold       7.5  10.0  4.0 12.0  5.0   (241, 198, 308, 92)
 1:39.50  amber      4.0   4.0  4.0  4.0  4.0   (596, 138, 503, 172)
 1:39.50  gold      13.5  19.0  6.5 18.0  9.0   (356, 166, 186, 90)
 1:39.50  gold       7.5  10.0  4.0 12.0  5.0   (241, 198, 308, 92)
 1:40.00  amber      4.0   4.0  4.0  4.0  4.0   (596, 138, 503, 172)
 1:40.00  gold      13.5  19.0  6.5 18.0  9.0   (356, 166, 186, 90)
 1:40.00  gold       7.5  10.0  4.0 12.0  5.0   (241, 198, 308, 92)
 1:40.50  amber      4.0   4.0  4.0  4.0  4.0   (596, 138, 503, 172)
 1:40.50  gold      13.5  19.0  6.5 18.0  9.0   (356, 166, 186, 90)
 1:40.50  gold       7.5  10.0  4.0 12.0  5.0   (241, 198, 308, 92)
 1:41.00  amber      4.0   4.0  4.0  4.0  4.0   (596, 138, 503, 172)
 1:41.00  gold      13.5  19.0  6.5 18.0  9.0   (356, 166, 186, 90)
 1:41.00  gold       7.5  10.0  4.0 12.0  5.0   (241, 198, 308, 92)
 1:41.50  amber      4.0   4.0  4.0  4.0  4.0   (596, 138, 503, 172)
 1:41.50  gold      13.5  19.0  6.5 18.0  9.0   (356, 166, 186, 90)
 1:41.50  gold       7.5  10.0  4.0 12.0  5.0   (241, 198, 308, 92)
 1:42.00  amber      4.0   4.0  4.0  4.0  4.0   (596, 138, 503, 172)
 1:42.00  gold      13.5  19.0  6.5 18.0  9.0   (356, 166, 186, 90)
 1:42.00  gold       7.5  10.0  4.0 12.0  5.0   (241, 198, 308, 92)
 1:42.50  amber      4.0   4.0  4.0  4.0  4.0   (596, 138, 503, 172)
 1:42.50  gold      13.5  19.0  6.5 18.0  9.0   (356, 166, 186, 90)
 1:42.50  gold       7.5  10.0  4.0 12.0  5.0   (241, 198, 308, 92)
 1:43.00  amber      4.0   4.0  4.0  4.0  4.0   (596, 138, 503, 172)
 1:43.00  gold      13.5  19.0  6.5 18.0  9.0   (356, 166, 186, 90)
 1:43.00  gold       7.5  10.0  4.0 12.0  5.0   (241, 198, 308, 92)
 1:43.50  amber      4.0   4.0  4.0  4.0  4.0   (596, 138, 503, 172)
 1:43.50  gold      13.5  19.0  6.5 18.0  9.0   (356, 166, 186, 90)
 1:43.50  gold       5.0   3.0  6.0 12.0  4.0   (241, 196, 307, 95)
 1:44.00  amber      4.0   4.0  4.0  4.0  4.0   (596, 138, 503, 172)
 1:44.00  gold      13.5  19.0  6.5 18.0  9.0   (356, 166, 186, 90)
 1:44.00  gold       5.0   3.0  6.0 12.0  4.0   (241, 196, 307, 95)
 1:44.50  amber      4.0   4.0  4.0  4.0  4.0   (596, 138, 503, 172)
 1:44.50  gold      13.5  19.0  6.5 18.0  9.0   (356, 166, 186, 90)
 1:44.50  gold       5.0   3.0  6.0 12.0  4.0   (241, 196, 307, 95)
 1:55.00  violet     4.0   4.0  4.0  4.0  4.0   (164, 610, 953, 62)
 1:55.00  gold      14.0  19.0  6.5 18.0 10.0   (356, 166, 185, 90)
 1:55.00  gold       5.5   6.0  4.0 12.0  5.0   (241, 198, 308, 92)
 1:55.50  violet     4.0   4.0  4.0  4.0  4.0   (164, 610, 953, 62)
 1:55.50  gold      14.0  19.0  6.5 18.0 10.0   (356, 166, 185, 90)
 1:55.50  gold       5.5   6.0  4.0 12.0  5.0   (241, 198, 308, 92)
 1:56.00  violet     4.0   4.0  4.0  4.0  4.0   (164, 610, 953, 62)
 1:56.00  gold      14.0  19.0  6.5 18.0 10.0   (356, 166, 185, 90)
 1:56.00  gold       5.5   6.0  4.0 12.0  5.0   (241, 198, 308, 92)
 1:56.50  violet     4.0   4.0  4.0  4.0  4.0   (164, 610, 953, 62)
 1:56.50  gold      14.0  19.0  6.5 18.0 10.0   (356, 166, 185, 90)
 1:56.50  gold       5.5   6.0  4.0 12.0  5.0   (241, 198, 308, 92)
 1:57.00  violet     4.0   4.0  4.0  4.0  4.0   (164, 610, 953, 62)
 1:57.00  gold      14.0  19.0  6.5 18.0 10.0   (356, 166, 185, 90)
 1:57.00  gold       5.5   6.0  4.0 12.0  5.0   (241, 198, 308, 92)
 1:57.50  violet     4.0   4.0  4.0  4.0  4.0   (164, 610, 953, 62)
 1:57.50  gold      14.0  19.0  6.5 18.0 10.0   (356, 166, 185, 90)
 1:57.50  gold       5.5   6.0  4.0 12.0  5.0   (241, 198, 308, 92)
 1:58.00  violet     4.0   4.0  4.0  4.0  4.0   (164, 610, 953, 62)
 1:58.00  gold      14.0  19.0  6.5 18.0 10.0   (356, 166, 185, 90)
 1:58.00  gold       5.5   6.0  4.0 12.0  5.0   (241, 198, 308, 92)
 2:02.50  purple     4.0   4.0  4.0  4.0  4.0   (201, 422, 374, 136)
 2:03.00  purple     4.0   4.0  4.0  4.0  4.0   (201, 422, 374, 136)
 2:03.50  purple     4.0   4.0  4.0  4.0  4.0   (201, 422, 374, 136)
 2:04.00  purple     4.0   4.0  4.0  4.0  4.0   (201, 422, 374, 136)
 2:04.50  purple     4.0   4.0  4.0  4.0  4.0   (201, 422, 374, 136)
 2:05.00  purple     4.0   4.0  4.0  4.0  4.0   (201, 422, 374, 136)
 2:05.50  purple     4.0   4.0  4.0  4.0  4.0   (201, 422, 374, 136)
 2:06.00  purple     4.0   4.0  4.0  4.0  4.0   (201, 422, 374, 136)
 2:06.50  purple     4.0   4.0  4.0  4.0  4.0   (201, 422, 374, 136)
 2:07.00  purple     4.0   4.0  4.0  4.0  4.0   (201, 422, 374, 136)
 2:07.50  purple     4.0   4.0  4.0  4.0  4.0   (201, 422, 374, 136)
 2:08.00  purple     4.0   4.0  4.0  4.0  4.0   (201, 422, 374, 136)
 2:08.50  purple     4.0   4.0  4.0  4.0  4.0   (201, 422, 374, 136)
 2:09.00  purple     4.0   4.0  4.0  4.0  4.0   (201, 422, 374, 136)
 2:09.50  purple     4.0   4.0  4.0  4.0  4.0   (596, 138, 503, 146)
 2:10.00  purple     4.0   4.0  4.0  4.0  4.0   (596, 138, 503, 146)
 2:10.50  purple     4.0   4.0  4.0  4.0  4.0   (596, 138, 503, 146)
 2:11.00  purple     4.0   4.0  4.0  4.0  4.0   (596, 138, 503, 146)
 2:11.50  purple     4.0   4.0  4.0  4.0  4.0   (596, 138, 503, 146)
 2:12.00  purple     4.0   4.0  4.0  4.0  4.0   (596, 138, 503, 146)
 2:12.50  purple     4.0   4.0  4.0  4.0  4.0   (596, 138, 503, 146)
 2:13.00  purple     4.0   4.0  4.0  4.0  4.0   (596, 138, 503, 146)
 2:13.50  purple     4.0   4.0  4.0  4.0  4.0   (596, 138, 503, 146)
 2:14.00  purple     4.0   4.0  4.0  4.0  4.0   (596, 138, 503, 146)
 2:14.50  purple     4.0   4.0  4.0  4.0  4.0   (596, 138, 503, 146)
 2:15.00  purple     4.0   4.0  4.0  4.0  4.0   (596, 138, 503, 146)
 2:15.50  purple     4.0   4.0  4.0  4.0  4.0   (596, 138, 503, 146)
 2:16.00  purple     4.0   4.0  4.0  4.0  4.0   (596, 138, 503, 146)
 2:29.00  violet     4.0   4.0  4.0  4.0  4.0   (164, 610, 953, 62)
 2:29.50  violet     4.0   4.0  4.0  4.0  4.0   (164, 610, 953, 62)
 2:30.00  violet     4.0   4.0  4.0  4.0  4.0   (164, 610, 953, 62)
 2:30.50  violet     4.0   4.0  4.0  4.0  4.0   (164, 610, 953, 62)
 2:31.00  violet     4.0   4.0  4.0  4.0  4.0   (164, 610, 953, 62)
 2:31.50  violet     4.0   4.0  4.0  4.0  4.0   (164, 610, 953, 62)
 2:36.00  teal       5.0   5.0  5.0  5.0  4.0   (217, 406, 361, 157)
 2:36.50  teal       5.0   5.0  5.0  5.0  5.0   (217, 406, 361, 157)
 2:37.00  teal       5.0   5.0  5.0  5.0  5.0   (217, 406, 361, 157)
 2:37.50  teal       5.0   5.0  5.0  5.0  5.0   (217, 406, 361, 157)
 2:38.00  teal       5.0   5.0  5.0  5.0  4.0   (217, 406, 361, 157)
 2:38.50  teal       5.0   5.0  5.0  5.0  5.0   (217, 406, 361, 157)
 2:39.00  teal       5.0   5.0  5.0  5.0  5.0   (217, 406, 361, 157)
 2:39.50  teal       5.0   5.0  5.0  5.0  5.0   (217, 406, 361, 157)
 2:40.00  teal       5.0   5.0  5.0  5.0  4.0   (217, 406, 361, 157)
 2:40.50  teal       5.0   5.0  5.0  5.0  5.0   (217, 406, 361, 157)
 2:41.00  teal       5.0   5.0  5.0  5.0  5.0   (217, 406, 361, 157)
 2:41.50  teal       5.0   5.0  5.0  5.0  5.0   (217, 406, 361, 157)
 2:42.00  teal       5.0   5.0  5.0  5.0  5.0   (217, 406, 361, 157)
 2:42.50  teal       5.0   5.0  5.0  5.0  5.0   (597, 133, 485, 163)
 2:43.00  teal       5.0   5.0  5.0  5.0  5.0   (597, 133, 485, 163)
 2:43.50  teal       5.0   5.0  5.0  5.0  5.0   (597, 133, 485, 163)
 2:44.00  teal       5.0   5.0  5.0  5.0  5.0   (597, 133, 485, 163)
 2:44.50  teal       5.0   5.0  5.0  5.0  5.0   (597, 133, 485, 163)
 2:45.00  teal       5.0   5.0  5.0  5.0  5.0   (597, 133, 485, 163)
 2:45.50  teal       5.0   5.0  5.0  5.0  5.0   (597, 133, 485, 163)
 2:46.00  teal       5.0   5.0  5.0  5.0  5.0   (597, 133, 485, 163)
 2:46.50  teal       5.0   5.0  5.0  5.0  5.0   (597, 133, 485, 163)
 2:47.00  teal       5.0   5.0  5.0  5.0  5.0   (597, 133, 485, 163)
 2:47.50  teal       5.0   5.0  5.0  5.0  5.0   (597, 133, 485, 163)
 2:48.00  teal       5.0   5.0  5.0  5.0  5.0   (597, 133, 485, 163)
 2:48.50  teal       5.0   5.0  5.0  5.0  5.0   (597, 133, 485, 163)
 2:49.00  teal       5.0   5.0  5.0  5.0  5.0   (597, 133, 485, 163)
 2:49.50  teal       5.0   5.0  5.0  5.0  5.0   (597, 133, 485, 163)
 2:50.00  teal       5.0   5.0  5.0  5.0  5.0   (597, 133, 485, 163)
 2:50.50  teal       5.0   5.0  5.0  5.0  5.0   (597, 133, 485, 163)
 3:02.00  teal       5.0   5.0  5.0  5.0  5.0   (597, 133, 485, 163)
 3:02.50  teal       5.0   5.0  5.0  5.0  5.0   (597, 133, 485, 163)
 3:03.00  teal       5.0   5.0  5.0  5.0  5.0   (597, 133, 485, 163)
 3:03.50  teal       5.0   5.0  5.0  5.0  5.0   (597, 133, 485, 163)
 3:04.00  teal       5.0   5.0  5.0  5.0  5.0   (597, 133, 485, 163)
 3:04.50  teal       5.0   5.0  5.0  5.0  5.0   (597, 133, 485, 163)
 3:05.00  teal       5.0   5.0  5.0  5.0  5.0   (597, 133, 485, 163)
 3:05.50  violet     4.0   4.0  4.0  4.0  4.0   (181, 612, 919, 62)
 3:06.00  violet     4.0   4.0  4.0  4.0  4.0   (181, 612, 919, 62)
 3:06.50  violet     4.0   4.0  4.0  4.0  4.0   (181, 612, 919, 62)
 3:07.00  violet     4.0   4.0  4.0  4.0  4.0   (181, 612, 919, 62)
 3:07.50  violet     4.0   4.0  4.0  4.0  4.0   (181, 612, 919, 62)
 3:08.00  violet     4.0   4.0  4.0  4.0  4.0   (181, 612, 919, 62)

# 269 ring samples in 105 runs; stroke histogram (rounded px): 2 px: 4, 4 px: 131, 5 px: 51, 6 px: 23, 8 px: 17, 14 px: 43
# runs (start, end, color, median stroke, min-max, samples)
 0:09.50 -  0:10.50  gold      2.0   2.0- 2.5    3
 0:13.00 -  0:13.00  gold      2.0   2.0- 2.0    1
 0:16.00 -  0:20.00  violet    4.0   4.0- 4.0    9
 0:20.50 -  0:24.50  violet    4.0   4.0- 4.0    9
 0:41.00 -  0:45.50  violet    4.0   4.0- 4.0   10
 0:46.00 -  0:49.00  violet    4.0   4.0- 4.0    7
 1:00.00 -  1:05.50  blue      4.0   4.0- 4.0   12
 1:06.00 -  1:11.50  blue      4.0   4.0- 4.0   12
 1:24.00 -  1:26.50  violet    4.0   4.0- 4.0    6
 1:27.00 -  1:27.00  gold     14.0  14.0-14.0    1
 1:27.00 -  1:27.00  gold      5.5   5.5- 5.5    1
 1:27.50 -  1:27.50  gold     14.0  14.0-14.0    1
 1:27.50 -  1:27.50  gold      5.5   5.5- 5.5    1
 1:28.00 -  1:28.00  gold     14.0  14.0-14.0    1
 1:28.00 -  1:28.00  gold      5.5   5.5- 5.5    1
 1:28.50 -  1:28.50  gold     14.0  14.0-14.0    1
 1:28.50 -  1:28.50  gold      5.5   5.5- 5.5    1
 1:29.00 -  1:29.00  gold     14.0  14.0-14.0    1
 1:29.00 -  1:29.00  gold      5.5   5.5- 5.5    1
 1:29.50 -  1:29.50  gold     14.0  14.0-14.0    1
 1:29.50 -  1:29.50  gold      5.5   5.5- 5.5    1
 1:30.00 -  1:35.00  amber     5.0   5.0- 5.0   11
 1:30.00 -  1:30.00  gold     14.0  14.0-14.0    1
 1:30.00 -  1:30.00  gold      5.5   5.5- 5.5    1
 1:30.50 -  1:30.50  gold     14.0  14.0-14.0    1
 1:30.50 -  1:30.50  gold      5.5   5.5- 5.5    1
 1:31.00 -  1:31.00  gold     14.0  14.0-14.0    1
 1:31.00 -  1:31.00  gold      5.5   5.5- 5.5    1
 1:31.50 -  1:31.50  gold     14.0  14.0-14.0    1
 1:31.50 -  1:31.50  gold      5.5   5.5- 5.5    1
 1:32.00 -  1:32.00  gold     14.0  14.0-14.0    1
 1:32.00 -  1:32.00  gold      5.5   5.5- 5.5    1
 1:32.50 -  1:32.50  gold     14.0  14.0-14.0    1
 1:32.50 -  1:32.50  gold      5.5   5.5- 5.5    1
 1:33.00 -  1:33.00  gold     14.0  14.0-14.0    1
 1:33.00 -  1:33.00  gold      5.5   5.5- 5.5    1
 1:33.50 -  1:33.50  gold     14.0  14.0-14.0    1
 1:33.50 -  1:33.50  gold      5.5   5.5- 5.5    1
 1:34.00 -  1:34.00  gold     14.0  14.0-14.0    1
 1:34.00 -  1:34.00  gold      5.5   5.5- 5.5    1
 1:34.50 -  1:34.50  gold     14.0  14.0-14.0    1
 1:34.50 -  1:34.50  gold      5.5   5.5- 5.5    1
 1:35.00 -  1:35.00  gold     13.5  13.5-13.5    1
 1:35.00 -  1:35.00  gold      7.5   7.5- 7.5    1
 1:35.50 -  1:44.50  amber     4.0   4.0- 4.0   19
 1:35.50 -  1:35.50  gold     13.5  13.5-13.5    1
 1:35.50 -  1:35.50  gold      7.5   7.5- 7.5    1
 1:36.00 -  1:36.00  gold     13.5  13.5-13.5    1
 1:36.00 -  1:36.00  gold      7.5   7.5- 7.5    1
 1:36.50 -  1:36.50  gold     13.5  13.5-13.5    1
 1:36.50 -  1:36.50  gold      7.5   7.5- 7.5    1
 1:37.00 -  1:37.00  gold     13.5  13.5-13.5    1
 1:37.00 -  1:37.00  gold      7.5   7.5- 7.5    1
 1:37.50 -  1:37.50  gold     13.5  13.5-13.5    1
 1:37.50 -  1:37.50  gold      7.5   7.5- 7.5    1
 1:38.00 -  1:38.00  gold     13.5  13.5-13.5    1
 1:38.00 -  1:38.00  gold      7.5   7.5- 7.5    1
 1:38.50 -  1:38.50  gold     13.5  13.5-13.5    1
 1:38.50 -  1:38.50  gold      7.5   7.5- 7.5    1
 1:39.00 -  1:39.00  gold     13.5  13.5-13.5    1
 1:39.00 -  1:39.00  gold      7.5   7.5- 7.5    1
 1:39.50 -  1:39.50  gold     13.5  13.5-13.5    1
 1:39.50 -  1:39.50  gold      7.5   7.5- 7.5    1
 1:40.00 -  1:40.00  gold     13.5  13.5-13.5    1
 1:40.00 -  1:40.00  gold      7.5   7.5- 7.5    1
 1:40.50 -  1:40.50  gold     13.5  13.5-13.5    1
 1:40.50 -  1:40.50  gold      7.5   7.5- 7.5    1
 1:41.00 -  1:41.00  gold     13.5  13.5-13.5    1
 1:41.00 -  1:41.00  gold      7.5   7.5- 7.5    1
 1:41.50 -  1:41.50  gold     13.5  13.5-13.5    1
 1:41.50 -  1:41.50  gold      7.5   7.5- 7.5    1
 1:42.00 -  1:42.00  gold     13.5  13.5-13.5    1
 1:42.00 -  1:42.00  gold      7.5   7.5- 7.5    1
 1:42.50 -  1:42.50  gold     13.5  13.5-13.5    1
 1:42.50 -  1:42.50  gold      7.5   7.5- 7.5    1
 1:43.00 -  1:43.00  gold     13.5  13.5-13.5    1
 1:43.00 -  1:43.00  gold      7.5   7.5- 7.5    1
 1:43.50 -  1:43.50  gold     13.5  13.5-13.5    1
 1:43.50 -  1:43.50  gold      5.0   5.0- 5.0    1
 1:44.00 -  1:44.00  gold     13.5  13.5-13.5    1
 1:44.00 -  1:44.00  gold      5.0   5.0- 5.0    1
 1:44.50 -  1:44.50  gold     13.5  13.5-13.5    1
 1:44.50 -  1:44.50  gold      5.0   5.0- 5.0    1
 1:55.00 -  1:58.00  violet    4.0   4.0- 4.0    7
 1:55.00 -  1:55.00  gold     14.0  14.0-14.0    1
 1:55.00 -  1:55.00  gold      5.5   5.5- 5.5    1
 1:55.50 -  1:55.50  gold     14.0  14.0-14.0    1
 1:55.50 -  1:55.50  gold      5.5   5.5- 5.5    1
 1:56.00 -  1:56.00  gold     14.0  14.0-14.0    1
 1:56.00 -  1:56.00  gold      5.5   5.5- 5.5    1
 1:56.50 -  1:56.50  gold     14.0  14.0-14.0    1
 1:56.50 -  1:56.50  gold      5.5   5.5- 5.5    1
 1:57.00 -  1:57.00  gold     14.0  14.0-14.0    1
 1:57.00 -  1:57.00  gold      5.5   5.5- 5.5    1
 1:57.50 -  1:57.50  gold     14.0  14.0-14.0    1
 1:57.50 -  1:57.50  gold      5.5   5.5- 5.5    1
 1:58.00 -  1:58.00  gold     14.0  14.0-14.0    1
 1:58.00 -  1:58.00  gold      5.5   5.5- 5.5    1
 2:02.50 -  2:09.00  purple    4.0   4.0- 4.0   14
 2:09.50 -  2:16.00  purple    4.0   4.0- 4.0   14
 2:29.00 -  2:31.50  violet    4.0   4.0- 4.0    6
 2:36.00 -  2:42.00  teal      5.0   5.0- 5.0   13
 2:42.50 -  2:50.50  teal      5.0   5.0- 5.0   17
 3:02.00 -  3:05.00  teal      5.0   5.0- 5.0    7
 3:05.50 -  3:08.00  violet    4.0   4.0- 4.0    6
