    0.00     0.46 0.78  AI
    0.46     0.84 0.99  will
    0.84     1.06 1.00  take
    1.06     1.26 0.99  on
    1.26     1.62 0.99  almost
    1.62     2.02 0.99  anything
    2.02     2.38 0.99  you
    2.38     2.58 0.99  ask
    2.58     2.72 0.96  it
    2.72     2.84 0.99  to
    2.84     3.02 1.00  do,
    3.64     3.94 0.98  writing,
    4.38     4.76 1.00  planning,
    5.24     5.54 1.00  coding,
    6.08     6.48 0.99  researching,
    6.88     7.18 0.97  even
    7.18     7.48 1.00  drawing.
    8.36     8.50 0.99  But
    8.50     8.64 0.98  just
    8.64     8.92 1.00  because
    8.92     9.26 0.99  AI
    9.26     9.60 1.00  can
    9.60     9.96 0.96  try
    9.96    10.14 1.00  a
   10.14    10.48 1.00  task
   10.48    11.16 0.86  doesn't
   11.16    11.36 1.00  mean
   11.36    11.64 0.99  it
   11.64    11.74 0.98  is
   11.74    11.92 0.99  built
   11.92    12.16 1.00  for
   12.16    12.30 1.00  it.
   12.96    13.12 0.99  We
   13.12    13.28 1.00  saw
   13.28    13.42 1.00  this
   13.42    13.64 0.50  first
   13.64    13.90 0.81  hand
   13.90    14.08 0.98  when
   14.08    14.22 1.00  we
   14.22    14.38 1.00  built
   14.38    14.52 1.00  this
   14.52    14.78 1.00  course.
   15.56    15.90 0.98  AI
   15.90    16.38 0.91  coded
   16.38    16.72 1.00  every
   16.72    17.16 1.00  page
   17.16    17.32 0.77  and
   17.32    17.68 1.00  interaction
   17.68    17.94 0.97  you're
   17.94    18.16 1.00  using
   18.16    18.38 1.00  right
   18.38    18.66 1.00  now,
   18.98    19.20 1.00  and
   19.20    19.36 1.00  we
   19.36    19.48 0.89  gave
   19.48    19.66 1.00  it
   19.66    19.78 0.97  an
   19.78    19.98 0.86  A
   19.98    20.20 0.20  plus
   20.20    20.44 1.00  for
   20.44    20.58 1.00  that
   20.58    20.76 1.00  work.
   21.38    21.66 1.00  But
   21.66    21.80 0.99  when
   21.80    21.90 1.00  it
   21.90    22.02 1.00  wrote
   22.02    22.22 1.00  the
   22.22    22.50 1.00  first
   22.50    22.72 0.92  drafts
   22.72    23.00 1.00  of
   23.00    23.08 1.00  the
   23.08    23.36 0.98  lessons,
   23.92    23.94 1.00  it
   23.94    24.26 1.00  earned
   24.26    24.54 0.99  a
   24.54    24.76 0.99  C
   24.76    25.06 0.88  minus.
   25.86    26.22 1.00  That
   26.22    26.44 1.00  gap
   26.44    26.64 1.00  in
   26.64    27.02 0.99  quality
   27.02    27.40 1.00  taught
   27.40    27.58 1.00  us
   27.58    27.84 1.00  something
   27.84    28.22 1.00  important.
   28.88    29.44 0.06  AI
   29.44    29.82 0.93  could
   29.82    30.00 1.00  easily
   30.00    30.44 1.00  test
   30.44    30.74 0.98  whether
   30.74    31.00 1.00  a
   31.00    31.24 1.00  button
   31.24    31.54 0.99  worked
   31.54    31.88 0.96  or
   31.88    32.04 0.97  a
   32.04    32.28 1.00  page
   32.28    32.58 0.99  loaded
   32.58    32.90 1.00  correctly.
   33.74    33.90 0.99  But
   33.90    34.18 0.96  a
   34.18    34.46 0.99  lesson
   34.46    34.72 1.00  needs
   34.72    35.02 1.00  more.
   35.88    36.00 0.99  It
   36.00    36.32 1.00  requires
   36.32    36.62 1.00  the
   36.62    36.80 0.99  right
   36.80    37.28 1.00  ideas,
   37.66    38.00 0.94  presented
   38.00    38.32 1.00  in
   38.32    38.40 1.00  the
   38.40    38.58 1.00  correct
   38.58    38.92 1.00  order,
   39.42    39.58 1.00  and
   39.58    39.90 0.99  explained
   39.90    40.26 0.98  in
   40.26    40.34 1.00  a
   40.34    40.50 1.00  way
   40.50    40.62 1.00  that
   40.62    40.80 0.98  makes
   40.80    41.06 1.00  sense
   41.06    41.34 1.00  to
   41.34    41.44 1.00  a
   41.44    41.74 1.00  student.
   42.68    42.80 0.97  The
   42.80    43.00 0.99  AI
   43.00    43.34 1.00  gave
   43.34    43.52 1.00  us
   43.52    43.68 0.97  drafts,
   44.14    44.20 1.00  but
   44.20    44.40 0.99  they
   44.40    44.60 0.99  lacked
   44.60    44.94 0.99  flow.
   45.70    45.84 1.00  We
   45.84    45.96 1.00  had
   45.96    46.06 0.99  to
   46.06    46.26 1.00  step
   46.26    46.46 0.99  in
   46.46    46.64 0.98  and
   46.64    46.88 0.99  decide
   46.88    47.24 1.00  what
   47.24    47.44 1.00  needed
   47.44    47.68 1.00  to
   47.68    47.88 1.00  change.
   48.64    48.88 0.99  Same
   48.88    49.14 0.99  AI,
   49.62    49.92 1.00  different
   49.92    50.16 1.00  jobs,
   50.58    50.92 1.00  different
   50.92    51.22 1.00  results.
   52.06    52.48 0.99  Ultimately,
   52.86    53.14 0.99  AI
   53.14    53.58 1.00  provides
   53.58    53.90 1.00  the
   53.90    54.12 0.97  raw
   54.12    54.56 1.00  output,
   54.98    55.18 1.00  but
   55.18    55.42 1.00  you
   55.42    55.66 1.00  decide
   55.66    55.98 1.00  what
   55.98    56.12 1.00  to
   56.12    56.32 1.00  use.
   57.10    57.40 0.60  Here
   57.40    57.58 1.00  are
   57.58    57.86 0.89  four
   57.86    58.32 0.99  strengths
   58.32    58.62 0.92  where
   58.62    58.86 0.97  AI
   58.86    59.64 1.00  excels.
   60.36    60.68 0.96  First,
   61.06    61.48 0.99  reshaping
   61.48    61.66 1.00  your
   61.66    61.94 0.99  material.
   62.70    63.00 0.95  AI
   63.00    63.40 0.98  learned
   63.40    63.72 1.00  patterns
   63.72    64.02 1.00  for
   64.02    64.24 1.00  putting
   64.24    64.46 1.00  the
   64.46    64.68 1.00  same
   64.68    65.02 1.00  ideas
   65.02    65.38 0.99  into
   65.38    65.66 1.00  different
   65.66    65.94 1.00  forms.
   66.62    66.92 1.00  Give
   66.92    67.06 1.00  the
   67.06    67.24 0.89  tool
   67.24    67.56 1.00  something
   67.56    67.76 1.00  you
   67.76    67.98 1.00  have
   67.98    68.42 0.79  and
   68.42    68.60 1.00  ask
   68.60    68.86 1.00  for
   68.86    68.98 1.00  it
   68.98    69.14 1.00  back
   69.14    69.44 1.00  in
   69.44    69.54 1.00  a
   69.54    69.72 1.00  different
   69.72    70.16 1.00  format,
   70.54    70.76 1.00  keeping
   70.76    71.04 1.00  your
   71.04    71.28 1.00  original
   71.28    71.70 1.00  meaning
   71.70    72.36 1.00  entirely
   72.36    72.84 1.00  intact
   72.84    73.44 0.91  while
   73.44    73.76 1.00  changing
   73.76    74.10 1.00  how
   74.10    74.26 0.98  it's
   74.26    74.60 0.99  presented.
   75.56    75.72 0.99  For
   75.72    75.90 1.00  example,
   76.10    76.38 1.00  take
   76.38    76.56 0.87  messy
   76.56    76.92 1.00  notes
   76.92    77.24 0.98  and
   77.24    77.40 1.00  have
   77.40    77.64 0.99  AI
   77.64    78.06 0.99  organize
   78.06    78.42 1.00  them
   78.42    78.66 1.00  into
   78.66    78.78 1.00  a
   78.78    79.00 0.98  clean
   79.00    79.38 0.97  study
   79.38    79.68 1.00  guide.
   80.34    80.64 1.00  Turn
   80.64    80.82 1.00  a
   80.82    81.20 0.80  scattered
   81.20    81.44 0.95  voice
   81.44    81.68 1.00  memo
   81.68    82.02 1.00  into
   82.02    82.36 1.00  a
   82.36    82.52 0.99  strict
   82.52    82.76 0.76  to
   82.76    82.84 0.91 -do
   82.84    83.04 1.00  list,
   83.60    83.92 0.15  translate
   83.92    84.14 0.99  a
   84.14    84.44 1.00  message,
   84.94    85.06 1.00  or
   85.06    85.42 0.97  rewrite
   85.42    85.94 1.00  technical
   85.94    86.28 1.00  instructions
   86.28    86.82 0.99  into
   86.82    87.10 1.00  plain
   87.10    87.44 0.99  English.
   88.32    88.44 0.98  The
   88.44    88.64 0.98  ideas
   88.64    89.00 0.99  belong
   89.00    89.28 1.00  to
   89.28    89.46 1.00  you.
   90.02    90.24 0.94  Your
   90.24    90.52 1.00  material,
   90.98    91.26 1.00  just
   91.26    91.56 1.00  in
   91.56    91.64 1.00  a
   91.64    91.80 1.00  more
   91.80    92.00 1.00  useful
   92.00    92.38 1.00  form.
   93.42    93.54 0.99  The
   93.54    93.76 1.00  second
   93.76    94.06 0.98  strength
   94.06    94.36 0.99  is
   94.36    94.82 0.99  exploring
   94.82    95.28 1.00  possibilities.
   96.50    96.80 1.00  Because
   96.80    97.06 0.97  AI
   97.06    97.54 0.86  studied
   97.54    97.84 1.00  patterns
   97.84    98.20 0.80  from
   98.20    98.44 1.00  millions
   98.44    98.80 1.00  of
   98.80    99.14 1.00  examples,
   99.64    99.76 0.99  it
   99.76    99.88 1.00  can
   99.88   100.16 1.00  combine
  100.16   100.48 1.00  them
  100.48   100.62 1.00  to
  100.62   100.78 1.00  give
  100.78   100.90 1.00  you
  100.90   101.12 0.99  choices.
  102.12   102.26 0.86  When
  102.26   102.52 1.00  stuck,
  102.92   103.12 1.00  ask
  103.12   103.38 0.99  AI
  103.38   103.68 1.00  to
  103.68   103.92 1.00  generate
  103.92   104.30 1.00  different
  104.30   104.74 1.00  approaches.
  105.70   105.84 1.00  You
  105.84   106.10 0.98  react
  106.10   106.30 1.00  to
  106.30   106.60 1.00  suggestions
  106.60   107.26 0.69  and
  107.26   107.44 1.00  decide
  107.44   107.74 1.00  which
  107.74   108.06 1.00  specific
  108.06   108.56 1.00  ideas
  108.56   108.82 1.00  are
  108.82   109.00 1.00  worth
  109.00   109.26 1.00  taking
  109.26   109.54 1.00  further.
  110.30   110.56 0.35  You
  110.56   110.68 0.95  can
  110.68   110.84 0.99  ask
  110.84   111.00 0.93  it
  111.00   111.16 1.00  to
  111.16   111.46 0.92  brainstorm
  111.46   112.04 0.98  angles
  112.04   112.30 1.00  for
  112.30   112.38 0.99  an
  112.38   112.62 1.00  essay,
  113.06   113.38 0.97  suggest
  113.38   113.66 1.00  names
  113.66   113.96 1.00  for
  113.96   114.06 1.00  a
  114.06   114.16 1.00  new
  114.16   114.46 0.99  club,
  114.92   115.12 1.00  try
  115.12   115.32 0.99  out
  115.32   115.54 1.00  different
  115.54   115.98 0.99  opening
  115.98   116.24 0.99  hooks
  116.24   116.50 1.00  for
  116.50   116.60 1.00  a
  116.60   116.84 0.99  story,
  117.34   117.58 1.00  or
  117.58   117.82 1.00  come
  117.82   117.94 1.00  up
  117.94   118.06 1.00  with
  118.06   118.30 1.00  ideas
  118.30   118.56 1.00  for
  118.56   118.64 0.99  a
  118.64   118.90 0.98  fundraiser.
  119.90   119.92 0.99  The
  119.92   120.08 1.00  tool
  120.08   120.56 1.00  generates
  120.56   120.82 1.00  the
  120.82   121.10 1.00  volume
  121.10   121.30 1.00  of
  121.30   121.58 1.00  ideas,
  122.00   122.18 1.00  but
  122.18   122.42 1.00  you
  122.42   122.70 1.00  hold
  122.70   122.86 1.00  the
  122.86   123.06 1.00  compass.
  124.02   124.04 0.99  More
  124.04   124.36 0.99  possibilities.
  125.64   125.66 0.94  More
  125.66   125.96 1.00  possibilities.
  127.40   127.42 0.99  You
  127.42   127.60 0.99  choose
  127.60   127.84 0.99  the
  127.84   128.08 1.00  direction.
  129.74   129.94 0.99  The
  129.94   130.22 0.99  third
  130.22   130.54 0.99  strength
  130.54   130.84 1.00  is
  130.84   131.14 1.00  finding
  131.14   131.64 0.99  what
  131.64   131.96 1.00  matters.
  132.70   132.88 0.97  AI
  132.88   133.22 1.00  can
  133.22   133.64 1.00  rapidly
  133.64   134.06 1.00  work
  134.06   134.28 1.00  through
  134.28   134.62 1.00  massive
  134.62   135.00 0.99  amounts
  135.00   135.18 1.00  of
  135.18   135.38 0.99  text,
  135.84   136.10 1.00  connect
  136.10   136.36 0.99  related
  136.36   136.88 1.00  ideas,
  137.22   137.24 1.00  and
  137.24   137.52 0.98  extract
  137.52   138.08 1.00  specific
  138.08   138.60 1.00  details.
  139.33   139.60 0.21  Give
  139.60   139.74 0.99  it
  139.74   139.86 0.99  a
  139.86   140.04 0.99  long
  140.04   140.46 1.00  document
  140.46   140.78 0.97  and
  140.78   141.02 1.00  tell
  141.02   141.16 1.00  it
  141.16   141.28 1.00  what
  141.28   141.42 1.00  you
  141.42   141.56 1.00  need.
  142.14   142.18 0.99  It
  142.18   142.46 0.99  summarizes
  142.46   142.90 0.93  main
  142.90   143.26 1.00  ideas
  143.26   143.66 0.92  or
  143.66   143.88 0.38  hunts
  143.88   144.12 0.94  down
  144.12   144.38 1.00  details,
  144.86   145.02 1.00  giving
  145.02   145.18 1.00  you
  145.18   145.28 1.00  a
  145.28   145.50 1.00  clear
  145.50   145.82 0.99  place
  145.82   146.00 1.00  to
  146.00   146.24 1.00  focus.
  147.08   147.34 0.99  You
  147.34   147.46 1.00  can
  147.46   147.64 0.96  pull
  147.64   147.82 0.98  main
  147.82   148.20 1.00  ideas
  148.20   148.54 1.00  from
  148.54   148.64 0.92  a
  148.64   148.80 0.87  dense
  148.80   149.24 0.98  textbook
  149.24   149.56 1.00  chapter,
  149.94   150.20 1.00  find
  150.20   150.54 0.99  exactly
  150.54   151.10 1.00  what
  151.10   151.16 1.00  a
  151.16   151.48 0.98  scholarship
  151.48   152.00 1.00  application
  152.00   152.50 1.00  requires,
  153.20   153.44 1.00  compare
  153.44   153.86 1.00  arguments
  153.86   154.14 0.99  in
  154.14   154.32 0.98  two
  154.32   154.60 1.00  different
  154.60   155.00 1.00  articles,
  155.46   155.70 1.00  or
  155.70   156.04 0.99  quickly
  156.04   156.50 1.00  summarize
  156.50   156.86 1.00  a
  156.86   157.06 1.00  lengthy
  157.06   157.48 0.99  student
  157.48   157.86 0.99  handbook.
  158.36   158.52 0.99  It
  158.52   158.72 1.00  cuts
  158.72   159.00 1.00  through
  159.00   159.14 1.00  the
  159.14   159.38 1.00  noise
  159.38   159.78 0.79  so
  159.78   159.90 0.97  your
  159.90   160.16 1.00  reading
  160.16   160.48 1.00  is
  160.48   160.78 1.00  targeted.
  161.36   161.90 0.99  A
  161.90   162.04 1.00  lot
  162.04   162.20 1.00  to
  162.20   162.36 1.00  read,
  162.90   162.94 0.94  a
  162.94   163.16 0.96  clear
  163.16   163.46 0.86  place
  163.46   163.66 1.00  to
  163.66   163.88 1.00  focus.
  164.88   164.94 0.98  The
  164.94   165.24 1.00  final
  165.24   165.54 0.99  strength
  165.54   165.80 1.00  is
  165.80   166.08 1.00  helping
  166.08   166.32 1.00  you
  166.32   166.56 0.99  problem
  166.56   166.90 0.83  solve.
  167.50   167.76 0.60  In
  167.76   167.98 0.97  training,
  168.24   168.36 0.98  AI
  168.36   168.72 1.00  saw
  168.72   168.94 1.00  many
  168.94   169.44 1.00  examples
  169.44   169.70 1.00  of
  169.70   169.88 1.00  people
  169.88   170.20 1.00  connecting
  170.20   170.86 1.00  ideas
  170.86   171.12 0.99  and
  171.12   171.36 1.00  finding
  171.36   171.84 1.00  solutions.
  172.74   173.02 0.99  Tell
  173.02   173.24 1.00  AI
  173.24   173.60 1.00  what
  173.60   173.78 0.98  you're
  173.78   174.04 1.00  trying
  174.04   174.16 1.00  to
  174.16   174.56 1.00  accomplish,
  175.04   175.20 1.00  what
  175.20   175.34 1.00  you
  175.34   175.54 1.00  know
  175.54   175.88 0.44  and
  175.88   176.22 1.00  what's
  176.22   176.30 1.00  in
  176.30   176.40 1.00  your
  176.40   176.62 1.00  way.
  177.28   177.36 1.00  It
  177.36   177.60 1.00  breaks
  177.60   177.82 1.00  the
  177.82   178.08 1.00  problem
  178.08   178.38 0.99  into
  178.38   178.74 1.00  manageable
  178.74   179.22 1.00  steps
  179.22   179.54 0.96  and
  179.54   179.84 0.87  compares
  179.84   180.24 1.00  possible
  180.24   180.86 1.00  approaches.
  181.82   182.02 1.00  Use
  182.02   182.22 1.00  this
  182.22   182.44 1.00  to
  182.44   182.74 0.96  plan
  182.74   182.88 1.00  a
  182.88   183.04 1.00  trip
  183.04   183.20 1.00  on
  183.20   183.26 1.00  a
  183.26   183.54 1.00  budget,
  184.12   184.28 0.93  work
  184.28   184.46 1.00  out
  184.46   184.66 0.99  why
  184.66   184.80 0.99  your
  184.80   185.12 1.00  code
  185.12   185.44 1.00  isn't
  185.44   185.68 1.00  running,
  186.22   186.54 0.99  compare
  186.54   186.94 0.99  colleges
  186.94   187.30 1.00  based
  187.30   187.52 1.00  on
  187.52   187.78 1.00  metrics
  187.78   188.06 1.00  that
  188.06   188.22 1.00  matter
  188.22   188.48 1.00  to
  188.48   188.58 1.00  you,
  189.02   189.18 1.00  or
  189.18   189.60 1.00  figure
  189.60   189.86 1.00  out
  189.86   189.98 0.99  an
  189.98   190.48 1.00  unexpected
  190.48   191.00 1.00  experiment
  191.00   191.38 0.98  result.
  192.14   192.66 0.99  AI
  192.66   193.18 1.00  organizes
  193.18   193.38 1.00  the
  193.38   193.62 1.00  logic
  193.62   193.96 0.73  but
  193.96   194.34 1.00  doesn't
  194.34   194.48 1.00  make
  194.48   194.62 1.00  the
  194.62   194.84 1.00  final
  194.84   195.20 1.00  choice.
  195.74   196.02 0.42  Work
  196.02   196.20 0.98  through
  196.20   196.30 0.99  the
  196.30   196.50 1.00  pieces,
  197.10   197.28 0.99  make
  197.28   197.44 1.00  your
  197.44   197.56 1.00  own
  197.56   197.78 1.00  call.
  199.04   199.20 0.97  All
  199.20   199.42 0.98  four
  199.42   199.56 1.00  of
  199.56   199.66 0.98  these
  199.66   199.92 0.93  strengths
  199.92   200.30 0.99  exist
  200.30   200.68 1.00  because
  200.68   200.84 1.00  of
  200.84   201.08 1.00  one
  201.08   201.52 1.00  underlying
  201.52   202.06 1.00  factor,
  202.76   202.94 0.58  vast
  202.94   203.44 1.00  exposure.
  204.26   204.68 0.99  Training
  204.68   204.92 0.99  gave
  204.92   205.08 1.00  the
  205.08   205.30 0.99  AI
  205.30   205.76 1.00  exposure
  205.76   206.06 1.00  to
  206.06   206.30 1.00  more
  206.30   206.60 1.00  examples
  206.60   206.98 0.97  than
  206.98   207.20 1.00  any
  207.20   207.52 1.00  human
  207.52   207.74 0.98  could
  207.74   207.94 1.00  read
  207.94   208.18 1.00  in
  208.18   208.26 1.00  a
  208.26   208.48 1.00  lifetime.
  209.30   209.32 0.99  It
  209.32   209.54 0.97  ingested
  209.54   210.04 0.99  code,
  210.40   210.54 0.99  essays,
  211.04   211.38 0.99  explanations,
  211.94   212.18 0.82  emails,
  212.52   212.80 1.00  arguments
  212.80   213.14 0.37  and
  213.14   213.54 0.99  conversations,
  214.14   214.56 1.00  making
  214.56   214.76 1.00  it
  214.76   215.04 1.00  highly
  215.04   215.48 0.91  fluent
  215.48   215.74 0.99  in
  215.74   216.06 1.00  common
  216.06   216.44 1.00  human
  216.44   216.80 0.97  formats.
  217.82   218.14 0.99  Seeing
  218.14   218.42 1.00  millions
  218.42   218.82 1.00  of
  218.82   219.18 1.00  examples
  219.18   219.56 0.99  helps
  219.56   219.82 1.00  the
  219.82   219.96 1.00  tool
  219.96   220.18 1.00  get
  220.18   220.26 1.00  a
  220.26   220.48 0.99  fast
  220.48   220.80 1.00  start
  220.80   221.02 1.00  when
  221.02   221.12 1.00  you
  221.12   221.32 1.00  ask
  221.32   221.48 0.98  it
  221.48   221.58 1.00  for
  221.58   221.88 1.00  something,
  221.88   222.48 0.26  but
  222.48   222.82 0.95  that
  222.82   223.06 0.94  speed
  223.06   223.40 0.97  does
  223.40   223.64 1.00  not
  223.64   223.90 0.99  mean
  223.90   224.10 0.99  it
  224.10   224.48 1.00  actually
  224.48   225.00 0.98  understands
  225.00   225.40 0.98  your
  225.40   225.84 1.00  specific
  225.84   226.28 1.00  context.
  227.16   227.34 0.99  Your
  227.34   227.64 0.98  knowledge
  227.64   227.88 1.00  is
  227.88   227.98 1.00  the
  227.98   228.22 1.00  only
  228.22   228.42 0.99  real
  228.42   228.72 0.99  safeguard,
  229.42   229.86 0.99  but
  229.86   229.96 1.00  it
  229.96   230.22 1.00  doesn't
  230.22   230.40 1.00  guarantee
  230.40   230.80 0.95  the
  230.80   231.06 1.00  answer
  231.06   231.24 1.00  is
  231.24   231.52 0.98  right
  231.52   231.92 0.89  or
  231.92   232.16 1.00  that
  232.16   232.26 0.99  it
  232.26   232.44 1.00  fits
  232.44   232.62 1.00  what
  232.62   232.76 1.00  you
  232.76   232.92 1.00  need.
  233.60   233.92 0.95  AI
  233.92   234.18 1.00  does
  234.18   234.48 0.80  some
  234.48   234.66 1.00  things
  234.66   234.92 1.00  better
  234.92   235.14 1.00  than
  235.14   235.36 1.00  others.
  236.08   236.10 0.58  Can
  236.10   236.30 0.61  try
  236.30   236.78 0.86  is
  236.78   236.98 1.00  not
  236.98   237.50 0.96  built
  237.50   237.76 0.96  for.
