# your-home-base-v6.mp4  1280x720  duration=3:53.20  step=0.5s  thr=45.0
# target: fixed 4 px at 720p (6 px at 1080p), Edit Spec section 5 (2026-09-26); widths are SOLID pixels at thr, true width is about +0.5
# time      color    stroke   L    R    T    B    bbox(x,y,w,h)
 1:16.50  green      4.0   4.0  4.0  4.0  4.0   (188, 72, 316, 606)
 1:17.00  green      4.0   4.0  4.0  4.0  4.0   (212, 10, 356, 680)
 1:17.50  green      4.0   4.0  4.0  4.0  4.0   (212, 10, 356, 680)
 1:18.00  green      4.0   4.0  4.0  4.0  4.0   (212, 10, 356, 680)
 1:18.50  green      4.0   4.0  4.0  4.0  4.0   (212, 10, 356, 680)
 1:19.00  green      4.0   4.0  4.0  4.0  4.0   (212, 10, 356, 680)
 1:19.50  green      4.0   4.0  4.0  4.0  4.0   (212, 10, 356, 680)
 1:20.00  green      4.0   4.0  4.0  4.0  4.0   (222, 324, 334, 222)
 1:20.50  green      4.0   4.0  4.0  4.0  4.0   (222, 324, 334, 222)
 1:21.00  green      4.0   4.0  4.0  4.0  4.0   (222, 324, 334, 222)
 1:21.50  green      4.0   4.0  4.0  4.0  4.0   (222, 324, 334, 222)
 1:22.00  green      4.0   4.0  4.0  4.0  4.0   (222, 324, 334, 222)
 1:22.50  green      4.0   4.0  4.0  4.0  4.0   (222, 324, 334, 222)
 1:23.00  green      4.0   4.0  4.0  4.0  4.0   (222, 324, 334, 222)
 1:23.50  green      4.0   4.0  4.0  4.0  4.0   (222, 324, 334, 222)
 1:24.50  green      4.0   4.0  4.0  4.0  4.0   (44, 76, 362, 484)
 1:25.00  green      4.0   4.0  4.0  4.0  4.0   (48, 72, 368, 490)
 1:25.50  green      4.0   4.0  4.0  4.0  4.0   (54, 68, 374, 496)
 1:26.00  green      4.0   4.0  4.0  4.0  4.0   (62, 62, 380, 506)
 1:26.50  green      4.0   4.0  4.0  4.0  4.0   (70, 58, 386, 514)
 1:27.00  green      4.0   4.0  4.0  4.0  4.0   (76, 52, 392, 524)
 1:27.50  green      4.0   4.0  4.0  4.0  4.0   (80, 48, 398, 530)
 1:28.00  green      4.0   4.0  4.0  4.0  4.0   (222, 324, 334, 222)
 1:28.50  green      4.0   4.0  4.0  4.0  4.0   (222, 324, 334, 222)
 1:29.00  green      4.0   4.0  4.0  4.0  4.0   (222, 560, 334, 118)
 1:29.50  green      4.0   4.0  4.0  4.0  4.0   (222, 560, 334, 118)
 1:30.00  green      4.0   4.0  4.0  4.0  4.0   (222, 560, 334, 118)
 1:30.50  green      4.0   4.0  4.0  4.0  4.0   (222, 560, 334, 118)
 1:31.00  green      4.0   4.0  4.0  4.0  4.0   (222, 560, 334, 118)
 1:31.50  green      4.0   4.0  4.0  4.0  4.0   (222, 560, 334, 118)
 1:32.00  green      4.0   4.0  4.0  4.0  4.0   (222, 560, 334, 118)
 1:32.50  green      4.0   4.0  4.0  4.0  4.0   (222, 560, 334, 118)
 1:33.00  green      4.0   4.0  4.0  4.0  4.0   (222, 560, 334, 118)
 1:33.50  green      4.0   4.0  4.0  4.0  4.0   (222, 560, 334, 118)
 1:34.00  green      4.0   4.0  4.0  4.0  4.0   (222, 560, 334, 118)
 1:34.50  green      4.0   4.0  4.0  4.0  4.0   (222, 560, 334, 118)
 1:35.00  green      4.0   4.0  4.0  4.0  4.0   (222, 560, 334, 118)
 1:35.50  purple     4.0   4.0  4.0  4.0  4.0   (582, 10, 354, 680)
 1:36.00  purple     4.0   4.0  4.0  4.0  4.0   (484, 10, 354, 680)
 1:36.50  purple     4.0   4.0  4.0  4.0  4.0   (462, 10, 356, 680)
 1:37.00  purple     4.0   4.0  4.0  4.0  4.0   (462, 10, 356, 680)
 1:37.50  purple     4.0   4.0  4.0  4.0  4.0   (462, 10, 356, 680)
 1:38.00  purple     4.0   4.0  4.0  4.0  4.0   (474, 324, 332, 222)
 1:38.50  purple     4.0   4.0  4.0  4.0  4.0   (474, 324, 332, 222)
 1:39.00  purple     4.0   4.0  4.0  4.0  4.0   (474, 324, 332, 222)
 1:39.50  purple     4.0   4.0  4.0  4.0  4.0   (474, 324, 332, 222)
 1:40.50  purple     4.0   4.0  4.0  4.0  4.0   (452, 76, 372, 494)
 1:41.00  purple     4.0   4.0  4.0  4.0  4.0   (450, 72, 376, 500)
 1:41.50  purple     4.0   4.0  4.0  4.0  4.0   (446, 66, 384, 510)
 1:42.00  purple     4.0   4.0  4.0  4.0  4.0   (442, 60, 392, 520)
 1:42.50  purple     4.0   4.0  4.0  4.0  4.0   (438, 56, 400, 530)
 1:43.00  purple     4.0   4.0  4.0  4.0  4.0   (436, 50, 404, 538)
 1:43.50  purple     4.0   4.0  4.0  4.0  4.0   (434, 48, 408, 542)
 1:44.00  purple     4.0   4.0  4.0  4.0  4.0   (474, 324, 332, 222)
 1:44.50  purple     4.0   4.0  4.0  4.0  4.0   (474, 324, 332, 222)
 1:45.00  purple     4.0   4.0  4.0  4.0  4.0   (474, 324, 332, 222)
 1:45.50  purple     4.0   4.0  4.0  4.0  4.0   (474, 324, 332, 222)
 1:46.00  purple     4.0   4.0  4.0  4.0  4.0   (474, 324, 332, 222)
 1:46.50  purple     4.0   4.0  4.0  4.0  4.0   (474, 324, 332, 222)
 1:47.00  purple     4.0   4.0  4.0  4.0  4.0   (474, 324, 332, 222)
 1:47.50  purple     4.0   4.0  4.0  4.0  4.0   (474, 324, 332, 222)
 1:48.00  purple     4.0   4.0  4.0  4.0  4.0   (474, 324, 332, 222)
 1:48.50  purple     4.0   4.0  4.0  4.0  4.0   (474, 560, 332, 118)
 1:49.00  purple     4.0   4.0  4.0  4.0  4.0   (474, 560, 332, 118)
 1:49.50  purple     4.0   4.0  4.0  4.0  4.0   (474, 560, 332, 118)
 1:50.00  purple     4.0   4.0  4.0  4.0  4.0   (474, 560, 332, 118)
 1:50.50  purple     4.0   4.0  4.0  4.0  4.0   (474, 560, 332, 118)
 1:51.00  purple     4.0   4.0  4.0  4.0  4.0   (474, 560, 332, 118)
 1:51.50  purple     4.0   4.0  4.0  4.0  4.0   (474, 560, 332, 118)
 1:52.00  purple     4.0   4.0  4.0  4.0  4.0   (474, 560, 332, 118)
 1:52.50  blue       4.0   4.0  4.0  4.0  4.0   (808, 10, 356, 680)
 1:53.00  blue       4.0   4.0  4.0  4.0  4.0   (714, 10, 356, 680)
 1:53.50  blue       4.0   4.0  4.0  4.0  4.0   (712, 10, 356, 680)
 1:54.00  blue       4.0   4.0  4.0  4.0  4.0   (712, 10, 356, 680)
 1:54.50  blue       4.0   4.0  4.0  4.0  4.0   (712, 10, 356, 680)
 1:55.00  blue       4.0   4.0  4.0  4.0  4.0   (724, 324, 334, 222)
 1:55.50  blue       4.0   4.0  4.0  4.0  4.0   (724, 324, 334, 222)
 1:56.00  blue       4.0   4.0  4.0  4.0  4.0   (724, 324, 334, 222)
 1:56.50  blue       4.0   4.0  4.0  4.0  4.0   (724, 324, 334, 222)
 1:57.00  blue       4.0   4.0  4.0  4.0  4.0   (724, 324, 334, 222)
 1:57.50  blue       4.0   4.0  4.0  4.0  4.0   (724, 324, 334, 222)
 1:58.50  blue       4.0   4.0  4.0  4.0  4.0   (862, 78, 378, 492)
 1:59.00  blue       4.0   4.0  4.0  4.0  4.0   (856, 76, 380, 496)
 1:59.50  blue       4.0   4.0  4.0  4.0  4.0   (846, 72, 386, 502)
 2:00.00  blue       4.0   4.0  4.0  4.0  4.0   (836, 68, 392, 508)
 2:00.50  blue       4.0   4.0  4.0  4.0  4.0   (824, 64, 398, 516)
 2:01.00  blue       4.0   4.0  4.0  4.0  4.0   (812, 60, 404, 524)
 2:01.50  blue       4.0   4.0  4.0  4.0  4.0   (802, 56, 408, 530)
 2:02.00  blue       4.0   4.0  4.0  4.0  4.0   (794, 52, 412, 536)
 2:02.50  blue       4.0   4.0  4.0  4.0  4.0   (788, 50, 416, 540)
 2:03.00  blue       4.0   4.0  4.0  4.0  4.0   (724, 324, 334, 222)
 2:03.50  blue       4.0   4.0  4.0  4.0  4.0   (724, 560, 334, 118)
 2:04.00  blue       4.0   4.0  4.0  4.0  4.0   (724, 560, 334, 118)
 2:04.50  blue       4.0   4.0  4.0  4.0  4.0   (724, 560, 334, 118)
 2:05.00  blue       4.0   4.0  4.0  4.0  4.0   (724, 560, 334, 118)
 2:05.50  blue       4.0   4.0  4.0  4.0  4.0   (724, 560, 334, 118)
 2:06.00  blue       4.0   4.0  4.0  4.0  4.0   (724, 560, 334, 118)
 2:06.50  blue       4.0   4.0  4.0  4.0  4.0   (724, 560, 334, 118)
 2:07.00  blue       4.0   4.0  4.0  4.0  4.0   (724, 560, 334, 118)
 2:07.50  blue       4.0   4.0  4.0  4.0  4.0   (724, 560, 334, 118)
 2:08.00  blue       4.0   4.0  4.0  4.0  4.0   (724, 560, 334, 118)
 2:08.50  blue       4.0   4.0  4.0  4.0  4.0   (724, 560, 334, 118)
 2:09.00  blue       4.0   4.0  4.0  4.0  4.0   (724, 560, 334, 118)
 2:09.50  blue       4.0   4.0  4.0  4.0  4.0   (724, 560, 334, 118)
 3:17.00  green      4.0   4.0  4.0  4.0  4.0   (132, 108, 328, 562)
 3:17.50  green      4.0   4.0  4.0  4.0  4.0   (132, 108, 328, 562)
 3:18.00  green      4.0   4.0  4.0  4.0  4.0   (132, 108, 328, 562)
 3:18.50  green      4.0   4.0  4.0  4.0  4.0   (132, 108, 328, 562)
 3:19.00  green      4.0   4.0  4.0  4.0  4.0   (132, 108, 328, 562)
 3:19.50  green      4.0   4.0  4.0  4.0  4.0   (132, 108, 328, 562)
 3:20.00  green      4.0   4.0  4.0  4.0  4.0   (132, 108, 328, 562)
 3:20.50  green      4.0   4.0  4.0  4.0  4.0   (132, 108, 328, 562)
 3:21.00  green      4.0   4.0  4.0  4.0  4.0   (132, 108, 328, 562)
 3:21.50  green      4.0   4.0  4.0  4.0  4.0   (132, 108, 328, 562)
 3:22.00  green      4.0   4.0  4.0  4.0  4.0   (132, 108, 328, 562)
 3:22.50  green      4.0   4.0  4.0  4.0  4.0   (132, 108, 328, 562)
 3:23.00  green      4.0   4.0  4.0  4.0  4.0   (132, 108, 328, 562)
 3:23.50  green      4.0   4.0  4.0  4.0  4.0   (132, 108, 328, 562)
 3:24.00  green      4.0   4.0  4.0  4.0  4.0   (132, 108, 328, 562)
 3:24.50  green      4.0   4.0  4.0  4.0  4.0   (132, 108, 328, 562)
 3:25.00  green      4.0   4.0  4.0  4.0  4.0   (132, 108, 328, 562)
 3:25.50  green      4.0   4.0  4.0  4.0  4.0   (132, 108, 328, 562)
 3:26.00  green      4.0   4.0  4.0  4.0  4.0   (132, 108, 328, 562)
 3:26.50  green      4.0   4.0  4.0  4.0  4.0   (132, 108, 328, 562)
 3:27.00  purple     4.0   4.0  4.0  4.0  4.0   (476, 108, 328, 562)
 3:27.50  purple     4.0   4.0  4.0  4.0  4.0   (476, 108, 328, 562)
 3:28.00  purple     4.0   4.0  4.0  4.0  4.0   (476, 108, 328, 562)
 3:28.50  purple     4.0   4.0  4.0  4.0  4.0   (476, 108, 328, 562)
 3:29.00  purple     4.0   4.0  4.0  4.0  4.0   (476, 108, 328, 562)
 3:34.00  purple     4.0   4.0  4.0  4.0  4.0   (476, 108, 328, 562)
 3:34.50  blue       4.0   4.0  4.0  4.0  4.0   (820, 108, 330, 562)
 3:35.00  blue       4.0   4.0  4.0  4.0  4.0   (820, 108, 330, 562)
 3:35.50  blue       4.0   4.0  4.0  4.0  4.0   (820, 108, 330, 562)
 3:36.00  blue       4.0   4.0  4.0  4.0  4.0   (820, 108, 330, 562)
 3:36.50  blue       4.0   4.0  4.0  4.0  4.0   (820, 108, 330, 562)
 3:37.00  blue       4.0   4.0  4.0  4.0  4.0   (820, 108, 330, 562)
 3:37.50  blue       4.0   4.0  4.0  4.0  4.0   (820, 108, 330, 562)
 3:38.00  blue       4.0   4.0  4.0  4.0  4.0   (820, 108, 330, 562)
 3:38.50  blue       4.0   4.0  4.0  4.0  4.0   (820, 108, 330, 562)
 3:39.00  blue       4.0   4.0  4.0  4.0  4.0   (820, 108, 330, 562)
 3:39.50  blue       4.0   4.0  4.0  4.0  4.0   (820, 108, 330, 562)
 3:40.00  blue       4.0   4.0  4.0  4.0  4.0   (820, 108, 330, 562)
 3:40.50  blue       4.0   4.0  4.0  4.0  4.0   (820, 108, 330, 562)
 3:41.00  blue       4.0   4.0  4.0  4.0  4.0   (820, 108, 330, 562)
 3:41.50  blue       4.0   4.0  4.0  4.0  4.0   (820, 108, 330, 562)
 3:42.00  blue       4.0   4.0  4.0  4.0  4.0   (820, 108, 330, 562)

# 146 ring samples in 25 runs; stroke histogram (rounded px): 4 px: 146
# runs (start, end, color, median stroke, min-max, samples)
 1:16.50 -  1:16.50  green     4.0   4.0- 4.0    1
 1:17.00 -  1:19.50  green     4.0   4.0- 4.0    6
 1:20.00 -  1:23.50  green     4.0   4.0- 4.0    8
 1:24.50 -  1:26.50  green     4.0   4.0- 4.0    5
 1:27.00 -  1:27.50  green     4.0   4.0- 4.0    2
 1:28.00 -  1:28.50  green     4.0   4.0- 4.0    2
 1:29.00 -  1:35.00  green     4.0   4.0- 4.0   13
 1:35.50 -  1:35.50  purple    4.0   4.0- 4.0    1
 1:36.00 -  1:37.50  purple    4.0   4.0- 4.0    4
 1:38.00 -  1:39.50  purple    4.0   4.0- 4.0    4
 1:40.50 -  1:42.50  purple    4.0   4.0- 4.0    5
 1:43.00 -  1:43.50  purple    4.0   4.0- 4.0    2
 1:44.00 -  1:48.00  purple    4.0   4.0- 4.0    9
 1:48.50 -  1:52.00  purple    4.0   4.0- 4.0    8
 1:52.50 -  1:52.50  blue      4.0   4.0- 4.0    1
 1:53.00 -  1:54.50  blue      4.0   4.0- 4.0    4
 1:55.00 -  1:57.50  blue      4.0   4.0- 4.0    6
 1:58.50 -  2:00.50  blue      4.0   4.0- 4.0    5
 2:01.00 -  2:02.50  blue      4.0   4.0- 4.0    4
 2:03.00 -  2:03.00  blue      4.0   4.0- 4.0    1
 2:03.50 -  2:09.50  blue      4.0   4.0- 4.0   13
 3:17.00 -  3:26.50  green     4.0   4.0- 4.0   20
 3:27.00 -  3:29.00  purple    4.0   4.0- 4.0    5
 3:34.00 -  3:34.00  purple    4.0   4.0- 4.0    1
 3:34.50 -  3:42.00  blue      4.0   4.0- 4.0   16
