# what-is-ai.mp4  1280x720  duration=2:51.87  step=0.5s  thr=45.0
# target: fixed 4 px at 720p (6 px at 1080p), Edit Spec section 5 (2026-09-26); widths are SOLID pixels at thr, true width is about +0.5
# time      color    stroke   L    R    T    B    bbox(x,y,w,h)
 0:22.50  violet     4.0   4.0  4.0  4.0  4.0   (160, 636, 960, 62)
 0:23.00  violet     4.0   4.0  4.0  4.0  4.0   (160, 636, 960, 62)
 0:23.50  violet     4.0   4.0  4.0  4.0  4.0   (160, 636, 960, 62)
 0:24.00  violet     4.0   4.0  4.0  4.0  4.0   (160, 636, 960, 62)
 0:24.50  violet     4.0   4.0  4.0  4.0  4.0   (160, 636, 960, 62)
 0:25.00  violet     4.0   4.0  4.0  4.0  4.0   (160, 636, 960, 62)
 0:25.50  violet     4.0   4.0  4.0  4.0  4.0   (160, 636, 960, 62)
 0:26.00  violet     4.0   4.0  4.0  4.0  4.0   (160, 636, 960, 62)
 0:28.50  gold       2.0   1.0  2.0  2.0  2.0   (81, 102, 525, 218)
 0:29.50  gold       2.0   1.0  2.0  2.0  2.0   (81, 102, 525, 218)
 0:31.00  gold       2.0   1.0  2.0  2.0  2.0   (81, 102, 525, 218)
 0:31.00  gold       2.0   2.0  2.0  2.0  2.0   (81, 364, 524, 218)
 0:31.50  gold       2.0   2.0  2.0  2.0  2.0   (81, 364, 524, 218)
 0:32.00  gold       2.0   1.0  2.0  2.0  2.0   (81, 102, 525, 218)
 0:32.00  gold       2.0   2.0  2.0  2.0  2.0   (81, 364, 524, 218)
 0:32.50  gold       2.0   1.0  2.0  2.0  2.0   (81, 102, 525, 218)
 0:32.50  gold       2.0   2.0  2.0  2.0  2.0   (81, 364, 524, 218)
 0:33.00  gold       2.0   2.0  2.0  2.0  2.0   (81, 102, 525, 218)
 0:33.00  gold       2.0   2.0  2.0  2.0  2.0   (81, 364, 524, 218)
 0:33.50  gold       2.0   2.0  2.0  2.0  2.0   (81, 364, 524, 218)
 1:05.50  blue       4.0   4.0  4.0  4.0  4.0   (232, 126, 690, 80)
 1:06.00  blue       4.0   4.0  4.0  4.0  4.0   (220, 40, 842, 96)
 1:06.50  blue       4.0   4.0  4.0  4.0  4.0   (220, 40, 842, 96)
 1:07.00  blue       4.0   4.0  4.0  4.0  4.0   (220, 40, 842, 96)
 1:07.50  blue       4.0   4.0  4.0  4.0  4.0   (220, 116, 842, 132)
 1:08.00  blue       4.0   4.0  4.0  4.0  4.0   (220, 116, 842, 132)
 1:08.50  blue       4.0   4.0  4.0  4.0  4.0   (220, 116, 842, 132)
 1:09.00  blue       4.0   4.0  4.0  4.0  4.0   (220, 116, 842, 132)
 1:09.50  blue       4.0   4.0  4.0  4.0  4.0   (220, 116, 842, 132)
 1:10.00  blue       4.0   4.0  4.0  4.0  4.0   (220, 116, 842, 132)
 1:10.50  blue       4.0   4.0  4.0  4.0  4.0   (220, 116, 842, 132)
 1:11.00  blue       4.0   4.0  4.0  4.0  4.0   (220, 116, 842, 132)
 1:11.50  blue       4.0   4.0  4.0  4.0  4.0   (220, 116, 842, 132)
 1:12.00  blue       4.0   4.0  4.0  4.0  4.0   (220, 116, 842, 132)
 1:12.50  blue       4.0   4.0  4.0  4.0  4.0   (220, 262, 842, 232)
 1:13.00  blue       4.0   4.0  4.0  4.0  4.0   (220, 262, 842, 232)
 1:17.00  blue       4.0   4.0  4.0  4.0  4.0   (220, 262, 842, 232)
 1:17.50  blue       4.0   4.0  4.0  4.0  4.0   (220, 262, 842, 232)
 1:18.00  blue       4.0   4.0  4.0  4.0  4.0   (220, 508, 842, 172)
 1:18.50  blue       4.0   4.0  4.0  4.0  4.0   (220, 508, 842, 172)
 1:19.00  blue       4.0   4.0  4.0  4.0  4.0   (220, 508, 842, 172)
 1:19.50  blue       4.0   4.0  4.0  4.0  4.0   (220, 508, 842, 172)
 1:20.00  blue       4.0   4.0  4.0  4.0  4.0   (220, 508, 842, 172)
 1:20.50  blue       4.0   4.0  4.0  4.0  4.0   (220, 508, 842, 172)
 1:21.00  blue       4.0   4.0  4.0  4.0  4.0   (220, 508, 842, 172)
 1:21.50  blue       4.0   4.0  4.0  4.0  4.0   (220, 508, 842, 172)
 1:22.00  blue       4.0   4.0  4.0  4.0  4.0   (220, 508, 842, 172)
 1:22.50  blue       4.0   4.0  4.0  4.0  4.0   (220, 508, 842, 172)
 1:23.00  blue       4.0   4.0  4.0  4.0  4.0   (220, 508, 842, 172)
 1:23.50  blue       4.0   4.0  4.0  4.0  4.0   (220, 508, 842, 172)
 1:24.00  blue       4.0   4.0  4.0  4.0  4.0   (220, 508, 842, 172)
 1:24.50  purple     4.0   4.0  4.0  4.0  4.0   (1026, 40, 254, 96)
 1:25.00  purple     4.0   4.0  4.0  4.0  4.0   (262, 40, 842, 96)
 1:25.50  purple     4.0   4.0  4.0  4.0  4.0   (220, 40, 842, 96)
 1:26.00  purple     4.0   4.0  4.0  4.0  4.0   (220, 40, 842, 96)
 1:26.50  purple     4.0   4.0  4.0  4.0  4.0   (220, 40, 842, 96)
 1:27.00  purple     4.0   4.0  4.0  4.0  4.0   (220, 116, 842, 132)
 1:27.50  purple     4.0   4.0  4.0  4.0  4.0   (220, 116, 842, 132)
 1:28.00  purple     4.0   4.0  4.0  4.0  4.0   (220, 116, 842, 132)
 1:28.50  purple     4.0   4.0  4.0  4.0  4.0   (220, 116, 842, 132)
 1:29.00  purple     4.0   4.0  4.0  4.0  4.0   (220, 116, 842, 132)
 1:29.50  purple     4.0   4.0  4.0  4.0  4.0   (220, 116, 842, 132)
 1:30.00  purple     4.0   4.0  4.0  4.0  4.0   (220, 116, 842, 132)
 1:30.50  purple     4.0   4.0  4.0  4.0  4.0   (220, 116, 842, 132)
 1:31.00  purple     4.0   4.0  4.0  4.0  4.0   (220, 116, 842, 132)
 1:31.50  purple     4.0   4.0  4.0  4.0  4.0   (220, 262, 842, 232)
 1:32.00  purple     4.0   4.0  4.0  4.0  4.0   (220, 262, 842, 232)
 1:32.50  purple     4.0   4.0  4.0  4.0  4.0   (220, 262, 842, 232)
 1:33.00  purple     4.0   4.0  4.0  4.0  4.0   (220, 262, 842, 232)
 1:33.50  purple     4.0   4.0  4.0  4.0  4.0   (220, 262, 842, 232)
 1:34.00  purple     4.0   4.0  4.0  4.0  4.0   (220, 262, 842, 232)
 1:34.50  purple     4.0   4.0  4.0  4.0  4.0   (220, 262, 842, 232)
 1:44.50  purple     4.0   4.0  4.0  4.0  4.0   (220, 262, 842, 232)
 1:45.00  purple     4.0   4.0  4.0  4.0  4.0   (220, 262, 842, 232)
 1:45.50  purple     4.0   4.0  4.0  4.0  4.0   (220, 262, 842, 232)
 1:46.00  purple     4.0   4.0  4.0  4.0  4.0   (220, 508, 842, 172)
 1:46.50  purple     4.0   4.0  4.0  4.0  4.0   (220, 508, 842, 172)
 1:47.00  purple     4.0   4.0  4.0  4.0  4.0   (220, 508, 842, 172)
 1:47.50  purple     4.0   4.0  4.0  4.0  4.0   (220, 508, 842, 172)
 1:48.00  purple     4.0   4.0  4.0  4.0  4.0   (220, 508, 842, 172)
 1:48.50  purple     4.0   4.0  4.0  4.0  4.0   (220, 508, 842, 172)
 1:49.00  purple     4.0   4.0  4.0  4.0  4.0   (220, 508, 842, 172)
 1:49.50  purple     4.0   4.0  4.0  4.0  4.0   (220, 508, 842, 172)
 1:50.00  purple     4.0   4.0  4.0  4.0  4.0   (220, 508, 842, 172)
 1:50.50  purple     4.0   4.0  4.0  4.0  4.0   (220, 508, 842, 172)
 1:51.00  purple     4.0   4.0  4.0  4.0  4.0   (220, 508, 842, 172)
 1:52.00  violet     4.0   4.0  4.0  4.0  4.0   (248, 624, 786, 54)
 1:52.50  violet     4.0   4.0  4.0  4.0  4.0   (248, 624, 786, 54)
 1:53.00  violet     4.0   4.0  4.0  4.0  4.0   (248, 624, 786, 54)
 1:53.50  violet     4.0   4.0  4.0  4.0  4.0   (248, 624, 786, 54)
 1:54.00  violet     4.0   4.0  4.0  4.0  4.0   (248, 624, 786, 54)
 1:54.50  violet     4.0   4.0  4.0  4.0  4.0   (248, 624, 786, 54)
 1:55.00  violet     4.0   4.0  4.0  4.0  4.0   (248, 624, 786, 54)
 1:55.50  violet     4.0   4.0  4.0  4.0  4.0   (248, 624, 786, 54)
 1:56.00  violet     4.0   4.0  4.0  4.0  4.0   (248, 624, 786, 54)
 1:56.50  violet     4.0   4.0  4.0  4.0  4.0   (248, 624, 786, 54)
 1:57.00  violet     4.0   4.0  4.0  4.0  4.0   (248, 624, 786, 54)
 1:57.50  violet     4.0   4.0  4.0  4.0  4.0   (248, 624, 786, 54)
 2:02.50  violet     4.0   4.0  4.0  4.0  4.0   (312, 78, 658, 60)
 2:03.00  violet     4.0   4.0  4.0  4.0  4.0   (312, 78, 658, 60)
 2:03.50  violet     4.0   4.0  4.0  4.0  4.0   (312, 78, 658, 60)
 2:04.00  violet     4.0   4.0  4.0  4.0  4.0   (312, 78, 658, 60)
 2:04.50  blue       4.0   4.0  4.0  4.0  4.0   (316, 330, 314, 78)
 2:05.00  blue       4.0   4.0  4.0  4.0  4.0   (300, 176, 524, 130)
 2:05.50  blue       4.0   4.0  4.0  4.0  4.0   (284, 40, 712, 174)
 2:06.00  blue       4.0   4.0  4.0  4.0  4.0   (284, 40, 712, 174)
 2:06.50  blue       4.0   4.0  4.0  4.0  4.0   (284, 218, 712, 148)
 2:07.00  blue       4.0   4.0  4.0  4.0  4.0   (284, 218, 712, 148)
 2:07.50  blue       4.0   4.0  4.0  4.0  4.0   (284, 218, 712, 148)
 2:10.50  blue       4.0   4.0  4.0  4.0  4.0   (284, 378, 712, 218)
 2:11.00  blue       4.0   4.0  4.0  4.0  4.0   (284, 378, 712, 218)
 2:11.50  blue       4.0   4.0  4.0  4.0  4.0   (284, 378, 712, 218)
 2:12.00  blue       4.0   4.0  4.0  4.0  4.0   (284, 378, 712, 218)
 2:12.50  blue       4.0   4.0  4.0  4.0  4.0   (284, 378, 712, 218)
 2:13.00  blue       4.0   4.0  4.0  4.0  4.0   (284, 378, 712, 218)
 2:13.50  blue       4.0   4.0  4.0  4.0  4.0   (284, 378, 712, 218)
 2:14.00  blue       4.0   4.0  4.0  4.0  4.0   (284, 378, 712, 218)
 2:14.50  blue       4.0   4.0  4.0  4.0  4.0   (284, 606, 712, 74)
 2:15.00  blue       4.0   4.0  4.0  4.0  4.0   (284, 606, 712, 74)
 2:15.50  blue       4.0   4.0  4.0  4.0  4.0   (284, 606, 712, 74)
 2:16.00  blue       4.0   4.0  4.0  4.0  4.0   (284, 606, 712, 74)
 2:16.50  blue       4.0   4.0  4.0  4.0  4.0   (284, 606, 712, 74)
 2:17.00  purple     4.0   4.0  4.0  4.0  4.0   (748, 40, 532, 174)
 2:17.50  purple     4.0   4.0  4.0  4.0  4.0   (284, 40, 712, 174)
 2:18.00  purple     4.0   4.0  4.0  4.0  4.0   (284, 40, 712, 174)
 2:18.50  purple     4.0   4.0  4.0  4.0  4.0   (284, 40, 712, 174)
 2:19.00  purple     4.0   4.0  4.0  4.0  4.0   (284, 40, 712, 174)
 2:19.50  purple     4.0   4.0  4.0  4.0  4.0   (284, 218, 713, 148)
 2:20.00  purple     4.0   4.0  4.0  4.0  4.0   (284, 218, 713, 148)
 2:20.50  purple     4.0   4.0  4.0  4.0  4.0   (284, 218, 713, 148)
 2:21.00  purple     4.0   4.0  4.0  4.0  4.0   (284, 218, 713, 148)
 2:21.50  purple     4.0   4.0  4.0  4.0  4.0   (284, 218, 713, 148)
 2:22.00  purple     4.0   4.0  4.0  4.0  4.0   (284, 218, 713, 148)
 2:22.50  purple     4.0   4.0  4.0  4.0  4.0   (284, 218, 713, 148)
 2:23.00  purple     4.0   4.0  4.0  4.0  4.0   (284, 218, 713, 148)
 2:23.50  purple     4.0   4.0  4.0  4.0  4.0   (284, 218, 713, 148)
 2:24.00  purple     4.0   4.0  4.0  4.0  4.0   (284, 218, 713, 148)
 2:24.50  purple     4.0   4.0  4.0  4.0  4.0   (284, 378, 712, 218)
 2:25.00  purple     4.0   4.0  4.0  4.0  4.0   (284, 378, 712, 218)
 2:32.50  purple     4.0   4.0  4.0  4.0  4.0   (284, 606, 712, 74)
 2:33.00  purple     4.0   4.0  4.0  4.0  4.0   (284, 606, 712, 74)
 2:33.50  purple     4.0   4.0  4.0  4.0  4.0   (284, 606, 712, 74)
 2:34.00  purple     4.0   4.0  4.0  4.0  4.0   (284, 606, 712, 74)
 2:34.50  purple     4.0   4.0  4.0  4.0  4.0   (284, 606, 712, 74)
 2:35.00  purple     4.0   4.0  4.0  4.0  4.0   (284, 606, 712, 74)
 2:35.50  purple     4.0   4.0  4.0  4.0  4.0   (284, 606, 712, 74)
 2:36.50  violet     4.0   4.0  4.0  4.0  4.0   (144, 658, 836, 56)

# 147 ring samples in 38 runs; stroke histogram (rounded px): 2 px: 12, 4 px: 135
# runs (start, end, color, median stroke, min-max, samples)
 0:22.50 -  0:26.00  violet    4.0   4.0- 4.0    8
 0:28.50 -  0:28.50  gold      2.0   2.0- 2.0    1
 0:29.50 -  0:29.50  gold      2.0   2.0- 2.0    1
 0:31.00 -  0:31.00  gold      2.0   2.0- 2.0    1
 0:31.00 -  0:31.50  gold      2.0   2.0- 2.0    2
 0:32.00 -  0:32.00  gold      2.0   2.0- 2.0    1
 0:32.00 -  0:32.00  gold      2.0   2.0- 2.0    1
 0:32.50 -  0:32.50  gold      2.0   2.0- 2.0    1
 0:32.50 -  0:32.50  gold      2.0   2.0- 2.0    1
 0:33.00 -  0:33.00  gold      2.0   2.0- 2.0    1
 0:33.00 -  0:33.50  gold      2.0   2.0- 2.0    2
 1:05.50 -  1:05.50  blue      4.0   4.0- 4.0    1
 1:06.00 -  1:07.00  blue      4.0   4.0- 4.0    3
 1:07.50 -  1:12.00  blue      4.0   4.0- 4.0   10
 1:12.50 -  1:13.00  blue      4.0   4.0- 4.0    2
 1:17.00 -  1:17.50  blue      4.0   4.0- 4.0    2
 1:18.00 -  1:24.00  blue      4.0   4.0- 4.0   13
 1:24.50 -  1:24.50  purple    4.0   4.0- 4.0    1
 1:25.00 -  1:25.00  purple    4.0   4.0- 4.0    1
 1:25.50 -  1:26.50  purple    4.0   4.0- 4.0    3
 1:27.00 -  1:31.00  purple    4.0   4.0- 4.0    9
 1:31.50 -  1:34.50  purple    4.0   4.0- 4.0    7
 1:44.50 -  1:45.50  purple    4.0   4.0- 4.0    3
 1:46.00 -  1:51.00  purple    4.0   4.0- 4.0   11
 1:52.00 -  1:57.50  violet    4.0   4.0- 4.0   12
 2:02.50 -  2:04.00  violet    4.0   4.0- 4.0    4
 2:04.50 -  2:04.50  blue      4.0   4.0- 4.0    1
 2:05.00 -  2:05.00  blue      4.0   4.0- 4.0    1
 2:05.50 -  2:06.00  blue      4.0   4.0- 4.0    2
 2:06.50 -  2:07.50  blue      4.0   4.0- 4.0    3
 2:10.50 -  2:14.00  blue      4.0   4.0- 4.0    8
 2:14.50 -  2:16.50  blue      4.0   4.0- 4.0    5
 2:17.00 -  2:17.00  purple    4.0   4.0- 4.0    1
 2:17.50 -  2:19.00  purple    4.0   4.0- 4.0    4
 2:19.50 -  2:24.00  purple    4.0   4.0- 4.0   10
 2:24.50 -  2:25.00  purple    4.0   4.0- 4.0    2
 2:32.50 -  2:35.50  purple    4.0   4.0- 4.0    7
 2:36.50 -  2:36.50  violet    4.0   4.0- 4.0    1
