# art-of-prompting-v8.mp4  1280x720  duration=3:51.20  step=0.5s  thr=45.0
# target: fixed 4 px at 720p (6 px at 1080p), Edit Spec section 5 (2026-09-26); widths are SOLID pixels at thr, true width is about +0.5
# time      color    stroke   L    R    T    B    bbox(x,y,w,h)
 0:07.50  gold       2.0   2.0  2.0  1.0  2.0   (891, 144, 254, 307)
 0:08.00  gold       2.0   2.0  2.0  1.0  2.0   (891, 143, 254, 308)
 0:08.50  gold       2.0   2.0  2.0  2.0  2.0   (891, 143, 254, 308)
 0:09.00  gold       2.0   2.0  2.0  2.0  2.0   (891, 143, 254, 308)
 0:09.50  gold       2.0   2.0  2.0  2.0  2.0   (891, 143, 254, 308)
 0:10.00  gold       2.0   2.0  2.0  2.0  2.0   (890, 143, 255, 308)
 0:10.50  gold       2.0   2.0  2.0  2.0  2.0   (891, 143, 254, 308)
 0:11.00  gold       2.0   2.0  2.0  2.0  2.0   (891, 143, 254, 308)
 0:11.50  gold       2.0   2.0  2.0  2.0  2.0   (891, 143, 254, 308)
 0:12.00  gold       2.0   2.0  2.0  2.0  2.0   (891, 143, 254, 308)
 0:12.50  gold       2.0   2.0  2.0  2.0  2.0   (891, 143, 254, 308)
 0:13.00  gold       2.0   2.0  2.0  2.0  2.0   (891, 143, 254, 308)
 0:13.50  gold       2.0   2.0  2.0  2.0  2.0   (891, 143, 254, 308)
 0:29.00  violet     4.0   4.0  4.0  4.0  4.0   (28, 516, 1226, 80)
 0:29.50  violet     4.0   4.0  4.0  4.0  4.0   (28, 516, 1226, 80)
 0:30.00  violet     4.0   4.0  4.0  4.0  4.0   (28, 516, 1226, 80)
 0:30.50  violet     4.0   4.0  4.0  4.0  4.0   (28, 516, 1226, 80)
 0:31.00  violet     4.0   4.0  4.0  4.0  4.0   (28, 516, 1226, 80)
 0:31.50  purple     4.0   4.0  4.0  4.0  4.0   (28, 206, 302, 288)
 0:32.00  purple     4.0   4.0  4.0  4.0  4.0   (28, 206, 302, 288)
 0:32.50  purple     4.0   4.0  4.0  4.0  4.0   (28, 206, 302, 288)
 0:33.00  purple     4.0   4.0  4.0  4.0  4.0   (28, 206, 302, 288)
 0:33.50  purple     4.0   4.0  4.0  4.0  4.0   (28, 206, 302, 288)
 0:34.00  purple     4.0   4.0  4.0  4.0  4.0   (28, 206, 302, 288)
 0:34.50  purple     4.0   4.0  4.0  4.0  4.0   (28, 206, 302, 288)
 0:35.00  purple     4.0   4.0  4.0  4.0  4.0   (28, 206, 302, 288)
 0:35.50  purple     4.0   4.0  4.0  4.0  4.0   (28, 206, 302, 288)
 0:36.00  blue       4.0   4.0  4.0  4.0  4.0   (336, 206, 302, 288)
 0:36.50  blue       4.0   4.0  4.0  4.0  4.0   (336, 206, 302, 288)
 0:37.00  blue       4.0   4.0  4.0  4.0  4.0   (336, 206, 302, 288)
 0:37.50  blue       4.0   4.0  4.0  4.0  4.0   (336, 206, 302, 288)
 0:38.00  blue       4.0   4.0  4.0  4.0  4.0   (336, 206, 302, 288)
 0:38.50  blue       4.0   4.0  4.0  4.0  4.0   (336, 206, 302, 288)
 0:39.00  blue       4.0   4.0  4.0  4.0  4.0   (336, 206, 302, 288)
 0:39.50  blue       4.0   4.0  4.0  4.0  4.0   (336, 206, 302, 288)
 0:40.00  blue       4.0   4.0  4.0  4.0  4.0   (336, 206, 302, 288)
 0:40.50  teal       4.5   5.0  4.0  4.0  5.0   (644, 206, 302, 288)
 0:41.00  teal       5.0   5.0  5.0  5.0  5.0   (644, 206, 302, 288)
 0:41.50  teal       5.0   5.0  5.0  5.0  5.0   (644, 206, 302, 288)
 0:42.00  teal       5.0   5.0  5.0  5.0  5.0   (644, 206, 302, 288)
 0:42.50  teal       5.0   5.0  5.0  5.0  5.0   (644, 206, 302, 288)
 0:43.00  teal       5.0   5.0  5.0  5.0  5.0   (644, 206, 302, 288)
 0:43.50  teal       5.0   5.0  5.0  5.0  5.0   (644, 206, 302, 288)
 0:44.00  teal       5.0   5.0  5.0  5.0  5.0   (644, 206, 302, 288)
 0:44.50  teal       5.0   5.0  5.0  5.0  5.0   (644, 206, 302, 288)
 0:45.00  amber      4.0   4.0  4.0  4.0  4.0   (952, 206, 302, 288)
 0:45.50  amber      4.0   4.0  4.0  4.0  4.0   (952, 206, 302, 288)
 0:46.00  amber      4.0   4.0  4.0  4.0  4.0   (952, 206, 302, 288)
 0:46.50  amber      4.0   4.0  4.0  4.0  4.0   (952, 206, 302, 288)
 0:47.00  amber      4.0   4.0  4.0  4.0  4.0   (952, 206, 302, 288)
 0:47.50  amber      4.0   4.0  4.0  4.0  4.0   (952, 206, 302, 288)
 0:48.00  amber      4.0   4.0  4.0  4.0  4.0   (952, 206, 302, 288)
 0:48.50  amber      4.0   4.0  4.0  4.0  4.0   (952, 206, 302, 288)
 0:49.00  amber      4.0   4.0  4.0  4.0  4.0   (952, 206, 302, 288)
 0:52.00  gold       2.5   3.5  3.0  2.0  2.0   (220, 278, 192, 236)
 0:52.00  gold       2.5   3.0  3.0  2.0  2.0   (436, 278, 192, 236)
 0:52.50  gold       2.0   3.0  2.0  2.0  2.0   (652, 278, 192, 236)
 0:52.50  gold       2.5   3.0  3.0  2.0  2.0   (868, 278, 192, 236)
 1:02.50  purple     4.0   4.0  4.0  4.0  4.0   (270, 204, 361, 468)
 1:03.00  purple     4.0   4.0  4.0  4.0  4.0   (124, 8, 502, 652)
 1:03.50  purple     4.0   4.0  4.0  4.0  5.0   (122, 6, 504, 653)
 1:04.00  purple     4.0   4.0  4.0  4.0  5.0   (122, 6, 504, 653)
 1:04.50  purple     4.0   4.0  4.0  4.0  5.0   (122, 6, 504, 653)
 1:05.00  purple     4.0   4.0  4.0  4.0  5.0   (122, 6, 504, 653)
 1:05.50  purple     4.0   4.0  4.0  4.0  5.0   (122, 6, 504, 653)
 1:06.00  purple     4.0   4.0  4.0  4.0  4.0   (122, 170, 504, 156)
 1:06.50  purple     4.0   4.0  4.0  4.0  4.0   (122, 170, 504, 156)
 1:07.00  purple     4.0   4.0  4.0  4.0  4.0   (122, 170, 504, 156)
 1:07.50  purple     4.0   4.0  4.0  4.0  4.0   (122, 170, 504, 156)
 1:08.00  purple     4.0   4.0  4.0  4.0  4.0   (122, 170, 504, 156)
 1:08.50  purple     4.0   4.0  4.0  4.0  4.0   (122, 170, 504, 156)
 1:09.00  purple     4.0   4.0  4.0  4.0  4.0   (122, 170, 504, 156)
 1:09.50  purple     4.0   4.0  4.0  4.0  4.0   (122, 170, 504, 156)
 1:10.00  purple     4.0   4.0  4.0  4.0  4.0   (122, 170, 504, 156)
 1:10.50  purple     4.0   4.0  4.0  4.0  4.0   (122, 170, 504, 156)
 1:11.00  purple     4.0   4.0  4.0  4.0  4.0   (122, 170, 504, 156)
 1:11.50  purple     4.0   4.0  4.0  4.0  4.0   (122, 170, 504, 156)
 1:12.00  purple     4.0   4.0  4.0  4.0  4.0   (122, 324, 504, 118)
 1:12.50  purple     4.0   4.0  4.0  4.0  4.0   (122, 324, 504, 118)
 1:13.00  purple     4.0   4.0  4.0  4.0  4.0   (122, 324, 504, 118)
 1:13.50  purple     4.0   4.0  4.0  4.0  4.0   (122, 324, 504, 118)
 1:14.00  purple     4.0   4.0  4.0  4.0  4.0   (122, 324, 504, 118)
 1:14.50  purple     4.0   4.0  4.0  4.0  4.0   (122, 324, 504, 118)
 1:15.00  purple     4.0   4.0  4.0  4.0  4.0   (122, 324, 504, 118)
 1:15.50  purple     4.0   4.0  4.0  4.0  4.0   (122, 324, 504, 118)
 1:19.50  gold       2.0   2.0  2.0  2.0  1.0   (144, 370, 308, 186)
 1:20.00  gold       2.0   2.0  2.0  2.0  1.0   (144, 370, 308, 186)
 1:20.50  gold       2.0   2.0  2.0  2.0  1.0   (144, 370, 308, 186)
 1:21.00  gold       2.0   2.0  2.0  2.0  1.0   (486, 370, 308, 186)
 1:21.50  gold       2.0   1.0  2.0  2.0  2.0   (314, 164, 584, 51)
 1:21.50  gold       2.0   2.0  2.0  2.0  1.0   (486, 370, 308, 186)
 1:22.00  gold       2.0   1.0  2.0  2.0  2.0   (314, 164, 584, 51)
 1:22.50  gold       2.0   1.0  2.0  2.0  2.0   (314, 164, 586, 51)
 1:23.00  gold       2.0   2.0  2.0  2.0  2.0   (314, 164, 586, 72)
 1:23.00  gold       2.0   2.0  2.0  2.0  1.0   (486, 370, 308, 186)
 1:23.50  gold       2.0   2.0  2.0  2.0  2.0   (314, 164, 586, 72)
 1:23.50  gold       2.0   2.0  2.0  2.0  1.0   (486, 370, 308, 186)
 1:23.50  gold       2.0   2.0  2.0  2.0  1.0   (828, 370, 308, 186)
 1:26.00  gold       2.0   2.0  2.0  1.0  2.0   (520, 498, 240, 146)
 1:26.00  gold       2.0   2.0  2.0  2.0  2.0   (862, 498, 240, 146)
 1:27.00  blue       4.0   4.0  4.0  4.0  4.0   (650, 242, 332, 432)
 1:27.50  blue       4.0   4.0  4.0  4.0  4.0   (650, 242, 332, 432)
 1:28.00  blue       4.0   4.0  4.0  4.0  4.0   (650, 242, 332, 432)
 1:28.50  blue       4.0   4.0  4.0  4.0  4.0   (652, 168, 384, 502)
 1:29.00  blue       4.0   4.0  4.0  4.0  4.0   (656, 6, 502, 652)
 1:29.50  blue       4.0   4.0  4.0  4.0  4.0   (656, 170, 502, 156)
 1:30.00  blue       4.0   4.0  4.0  4.0  4.0   (656, 170, 502, 156)
 1:30.50  blue       4.0   4.0  4.0  4.0  4.0   (656, 170, 502, 156)
 1:31.00  blue       4.0   4.0  4.0  4.0  4.0   (656, 170, 502, 156)
 1:31.50  blue       4.0   4.0  4.0  4.0  4.0   (656, 170, 502, 156)
 1:32.00  blue       4.0   4.0  4.0  4.0  4.0   (656, 170, 502, 156)
 1:32.50  blue       4.0   4.0  4.0  4.0  4.0   (656, 170, 502, 156)
 1:33.00  blue       4.0   4.0  4.0  4.0  4.0   (656, 170, 502, 156)
 1:33.50  blue       4.0   4.0  4.0  4.0  4.0   (656, 170, 502, 156)
 1:34.00  blue       4.0   4.0  4.0  4.0  4.0   (656, 170, 502, 156)
 1:34.50  blue       4.0   4.0  4.0  4.0  4.0   (656, 170, 502, 156)
 1:35.00  blue       4.0   4.0  4.0  4.0  4.0   (656, 170, 502, 156)
 1:35.50  blue       4.0   4.0  4.0  4.0  4.0   (656, 170, 502, 156)
 1:36.00  blue       4.0   4.0  4.0  4.0  4.0   (656, 170, 502, 156)
 1:36.50  blue       4.0   4.0  4.0  4.0  4.0   (656, 170, 502, 156)
 1:37.00  blue       4.0   4.0  4.0  4.0  4.0   (656, 170, 502, 156)
 1:37.50  blue       4.0   4.0  4.0  4.0  4.0   (656, 170, 502, 156)
 1:38.00  blue       4.0   4.0  4.0  4.0  4.0   (656, 170, 502, 156)
 1:38.50  blue       4.0   4.0  4.0  4.0  4.0   (656, 170, 502, 156)
 1:39.00  blue       4.0   4.0  4.0  4.0  4.0   (656, 170, 502, 156)
 1:39.50  blue       4.0   4.0  4.0  4.0  4.0   (656, 170, 502, 156)
 1:40.00  blue       4.0   4.0  4.0  4.0  4.0   (656, 324, 502, 118)
 1:40.50  blue       4.0   4.0  4.0  4.0  4.0   (656, 324, 502, 118)
 1:41.00  blue       4.0   4.0  4.0  4.0  4.0   (656, 324, 502, 118)
 1:41.50  blue       4.0   4.0  4.0  4.0  4.0   (656, 324, 502, 118)
 1:42.00  blue       4.0   4.0  4.0  4.0  4.0   (656, 324, 502, 118)
 1:42.50  blue       4.0   4.0  4.0  4.0  4.0   (656, 324, 502, 118)
 1:43.00  blue       4.0   4.0  4.0  4.0  4.0   (656, 324, 502, 118)
 1:43.50  blue       4.0   4.0  4.0  4.0  4.0   (656, 324, 502, 118)
 1:44.00  blue       4.0   4.0  4.0  4.0  4.0   (656, 324, 502, 118)
 1:46.50  gold       2.0   2.0  2.0  2.0  2.0   (180, 251, 443, 236)
 1:47.00  gold       2.0   2.0  2.0  2.0  2.0   (180, 251, 443, 236)
 1:47.50  gold       2.0   2.0  2.0  2.0  2.0   (180, 251, 443, 236)
 1:48.00  gold       2.0   2.0  2.0  2.0  2.0   (180, 251, 443, 236)
 1:48.50  gold       2.0   2.0  2.0  2.0  2.0   (180, 251, 443, 236)
 2:23.00  gold       3.0   4.0  4.0  2.0  2.0   (152, 224, 310, 344)
 2:23.00  gold       2.0   2.0  2.0  2.0  2.0   (486, 224, 308, 344)
 2:23.00  gold       3.0   4.0  4.0  2.0  2.0   (818, 224, 310, 344)
 2:33.00  gold       2.0   2.0  2.0  2.0  2.0   (153, 128, 974, 186)
 2:33.50  gold       2.0   2.0  2.0  2.0  2.0   (153, 128, 974, 186)
 2:34.00  gold       2.0   2.0  2.0  2.0  2.0   (146, 120, 988, 200)
 2:34.00  gold       2.0   2.0  2.0  2.0  2.0   (153, 128, 974, 186)
 2:34.50  gold       2.0   2.0  2.0  2.0  2.0   (146, 120, 988, 200)
 2:34.50  gold       2.0   2.0  2.0  2.0  2.0   (153, 128, 974, 186)
 2:35.00  gold       2.0   1.0  2.0  2.0  2.0   (153, 128, 974, 186)
 2:35.50  gold       2.0   2.0  2.0  2.0  2.0   (153, 128, 974, 186)
 2:36.00  gold       2.0   2.0  1.0  2.0  2.0   (153, 128, 974, 186)
 2:36.50  gold       2.0   2.0  2.0  2.0  2.0   (153, 128, 974, 186)
 2:37.00  gold       2.0   2.0  2.0  2.0  2.0   (153, 128, 974, 186)
 2:37.50  gold       2.0   2.0  2.0  2.0  2.0   (153, 128, 974, 186)
 2:37.50  gold       2.0   2.0  1.0  2.0  2.0   (154, 372, 303, 272)
 2:38.00  gold       2.0   2.0  2.0  2.0  2.0   (153, 128, 974, 186)
 2:38.00  gold       2.0   2.0  2.0  2.0  2.0   (154, 372, 303, 272)
 2:38.50  gold       2.0   2.0  2.0  2.0  2.0   (153, 128, 974, 186)
 2:38.50  gold       2.0   2.0  2.0  2.0  2.0   (154, 372, 303, 272)
 2:39.00  gold       2.0   2.0  2.0  2.0  2.0   (153, 128, 974, 186)
 2:39.00  gold       2.0   2.0  1.0  2.0  2.0   (154, 372, 303, 272)
 2:39.50  gold       2.0   2.0  2.0  2.0  2.0   (153, 128, 974, 186)
 2:39.50  gold       2.0   2.0  1.0  2.0  2.0   (154, 372, 303, 272)
 2:40.00  gold       2.0   2.0  2.0  2.0  2.0   (153, 128, 974, 186)
 2:40.00  gold       2.0   2.0  1.0  2.0  2.0   (154, 372, 303, 272)
 2:40.50  gold       2.0   2.0  2.0  2.0  2.0   (153, 128, 974, 186)
 2:40.50  gold       2.0   2.0  1.0  2.0  2.0   (154, 372, 303, 272)
 2:41.00  gold       2.0   2.0  2.0  2.0  2.0   (153, 128, 974, 186)
 2:41.00  gold       2.0   2.0  2.0  2.0  2.0   (154, 372, 303, 272)
 2:41.50  gold       2.0   2.0  2.0  2.0  2.0   (153, 128, 974, 186)
 2:41.50  gold       2.0   2.0  2.0  2.0  2.0   (154, 372, 303, 272)
 2:42.00  gold       2.0   2.0  2.0  2.0  2.0   (153, 128, 974, 186)
 2:42.00  gold       2.0   2.0  2.0  2.0  2.0   (154, 372, 303, 272)
 2:42.00  gold       2.0   2.0  2.0  2.0  2.0   (823, 372, 303, 272)
 2:42.50  gold       3.0   2.0  2.0  4.0  4.0   (108, 52, 1064, 616)
 2:42.50  gold       2.0   2.0  2.0  2.0  2.0   (153, 128, 974, 186)
 2:42.50  gold       2.0   2.0  2.0  2.0  2.0   (154, 372, 303, 272)
 2:42.50  gold       2.0   2.0  2.0  2.0  2.0   (823, 372, 303, 272)
 2:44.00  amber      4.5   5.0  4.0  5.0  4.0   (648, 227, 310, 449)
 2:44.50  amber      4.5   5.0  4.0  5.0  4.0   (648, 227, 310, 449)
 2:45.00  amber      4.0   5.0  4.0  4.0  4.0   (648, 226, 310, 450)
 2:45.50  amber      4.0   4.0  4.0  5.0  4.0   (652, 70, 410, 594)
 2:46.00  amber      4.0   4.0  4.0  4.0  4.0   (653, 6, 452, 654)
 2:46.50  amber      4.0   4.0  4.0  4.0  4.0   (653, 163, 452, 137)
 2:47.00  amber      4.0   4.0  4.0  4.0  4.0   (653, 163, 452, 137)
 2:47.50  amber      4.0   4.0  4.0  4.0  4.0   (653, 163, 452, 137)
 2:48.00  amber      4.0   4.0  4.0  4.0  4.0   (653, 163, 452, 137)
 2:48.50  amber      4.0   4.0  4.0  4.0  4.0   (653, 163, 452, 137)
 2:49.00  amber      4.0   4.0  4.0  4.0  4.0   (653, 163, 452, 137)
 2:49.50  amber      4.0   4.0  4.0  4.0  4.0   (653, 163, 452, 137)
 2:50.00  amber      4.0   4.0  4.0  4.0  4.0   (653, 163, 452, 137)
 2:50.50  amber      4.0   4.0  4.0  4.0  4.0   (653, 163, 452, 137)
 2:51.00  amber      4.0   4.0  4.0  4.0  4.0   (653, 163, 452, 137)
 2:51.50  amber      5.0   4.0  5.0  5.0  5.0   (653, 163, 452, 138)
 2:52.00  amber      5.0   4.0  5.0  5.0  5.0   (653, 163, 452, 138)
 2:52.50  amber      5.0   4.0  5.0  5.0  5.0   (653, 163, 452, 138)
 2:53.00  amber      5.0   4.0  5.0  5.0  5.0   (653, 163, 452, 138)
 2:53.50  amber      5.0   4.0  5.0  5.0  5.0   (653, 163, 452, 138)
 2:54.00  amber      5.0   4.0  5.0  5.0  5.0   (653, 163, 452, 138)
 3:09.50  gold       2.0   2.0  2.0  2.0  2.0   (162, 252, 326, 54)
 3:10.00  gold       2.0   2.0  2.0  2.0  2.0   (634, 224, 498, 362)
 3:10.00  gold       2.0   2.0  2.0  2.0  2.0   (162, 252, 326, 54)
 3:10.50  gold       2.0   2.0  2.0  2.0  2.0   (634, 224, 498, 362)
 3:10.50  gold       2.0   2.0  2.0  2.0  2.0   (162, 252, 326, 54)
 3:11.00  gold       2.0   2.0  2.0  2.0  2.0   (634, 224, 498, 362)
 3:11.00  gold       2.0   2.0  2.0  2.0  2.0   (162, 252, 326, 54)
 3:11.50  gold       2.0   2.0  2.0  2.0  2.0   (634, 224, 498, 362)
 3:11.50  gold       2.0   2.0  2.0  2.0  2.0   (162, 252, 326, 54)
 3:12.00  gold       2.0   2.0  2.0  2.0  2.0   (634, 224, 498, 362)
 3:12.00  gold       2.0   2.0  2.0  2.0  2.0   (162, 252, 326, 54)
 3:12.50  gold       2.0   2.0  2.0  2.0  2.0   (634, 224, 498, 362)
 3:12.50  gold       2.0   2.0  2.0  2.0  2.0   (162, 252, 326, 54)
 3:13.00  gold       2.0   2.0  2.0  2.0  2.0   (634, 224, 498, 362)
 3:13.00  gold       2.0   2.0  2.0  2.0  2.0   (162, 252, 326, 54)
 3:13.50  gold       2.0   2.0  2.0  2.0  2.0   (634, 224, 498, 362)
 3:13.50  gold       2.0   2.0  2.0  2.0  2.0   (162, 252, 326, 54)
 3:14.00  gold       2.0   2.0  2.0  2.0  2.0   (634, 224, 498, 362)
 3:14.00  gold       2.0   2.0  2.0  2.0  2.0   (162, 252, 326, 54)
 3:14.50  gold       2.0   2.0  2.0  2.0  2.0   (634, 224, 498, 362)
 3:14.50  gold       2.0   2.0  2.0  2.0  2.0   (162, 252, 326, 54)
 3:15.00  gold       2.0   2.0  2.0  2.0  2.0   (634, 224, 498, 362)
 3:15.00  gold       2.0   2.0  2.0  2.0  2.0   (162, 252, 326, 54)
 3:16.50  gold       2.0   2.0  2.0  2.0  1.0   (256, 215, 768, 109)
 3:17.00  gold       2.0   2.0  2.0  2.0  1.0   (256, 215, 768, 110)
 3:18.00  gold       2.0   2.0  2.0  2.0  1.0   (256, 215, 768, 110)
 3:18.50  gold       2.0   2.0  2.0  2.0  2.0   (256, 214, 768, 110)
 3:30.50  gold       3.5   4.0  4.0  2.0  3.0   (152, 250, 486, 192)
 3:31.00  gold       3.0   4.0  4.0  2.0  2.0   (152, 250, 486, 190)
 3:31.50  gold       3.0   4.0  4.0  2.0  2.0   (152, 250, 486, 190)
 3:32.00  gold       3.5   4.0  4.0  2.0  3.0   (152, 250, 484, 190)
 3:32.50  gold       3.5   4.0  4.0  3.0  3.0   (152, 304, 292, 136)
 3:34.00  gold       3.5   4.0  4.0  3.0  3.0   (494, 314, 292, 126)
 3:34.50  gold       3.5   4.0  4.0  3.0  2.0   (494, 314, 292, 126)
 3:35.00  gold       3.5   4.0  4.0  3.0  2.0   (494, 314, 292, 126)
 3:35.50  gold       3.5   4.0  4.0  3.0  2.0   (494, 314, 292, 126)

# 236 ring samples in 91 runs; stroke histogram (rounded px): 2 px: 100, 3 px: 5, 4 px: 117, 5 px: 14
# runs (start, end, color, median stroke, min-max, samples)
 0:07.50 -  0:13.50  gold      2.0   2.0- 2.0   13
 0:29.00 -  0:31.00  violet    4.0   4.0- 4.0    5
 0:31.50 -  0:35.50  purple    4.0   4.0- 4.0    9
 0:36.00 -  0:40.00  blue      4.0   4.0- 4.0    9
 0:40.50 -  0:44.50  teal      5.0   4.5- 5.0    9
 0:45.00 -  0:49.00  amber     4.0   4.0- 4.0    9
 0:52.00 -  0:52.00  gold      2.5   2.5- 2.5    1
 0:52.00 -  0:52.00  gold      2.5   2.5- 2.5    1
 0:52.50 -  0:52.50  gold      2.0   2.0- 2.0    1
 0:52.50 -  0:52.50  gold      2.5   2.5- 2.5    1
 1:02.50 -  1:02.50  purple    4.0   4.0- 4.0    1
 1:03.00 -  1:05.50  purple    4.0   4.0- 4.0    6
 1:06.00 -  1:11.50  purple    4.0   4.0- 4.0   12
 1:12.00 -  1:15.50  purple    4.0   4.0- 4.0    8
 1:19.50 -  1:20.50  gold      2.0   2.0- 2.0    3
 1:21.00 -  1:21.00  gold      2.0   2.0- 2.0    1
 1:21.50 -  1:21.50  gold      2.0   2.0- 2.0    1
 1:21.50 -  1:21.50  gold      2.0   2.0- 2.0    1
 1:22.00 -  1:23.00  gold      2.0   2.0- 2.0    3
 1:23.00 -  1:23.00  gold      2.0   2.0- 2.0    1
 1:23.50 -  1:23.50  gold      2.0   2.0- 2.0    1
 1:23.50 -  1:23.50  gold      2.0   2.0- 2.0    1
 1:23.50 -  1:23.50  gold      2.0   2.0- 2.0    1
 1:26.00 -  1:26.00  gold      2.0   2.0- 2.0    1
 1:26.00 -  1:26.00  gold      2.0   2.0- 2.0    1
 1:27.00 -  1:28.00  blue      4.0   4.0- 4.0    3
 1:28.50 -  1:28.50  blue      4.0   4.0- 4.0    1
 1:29.00 -  1:29.00  blue      4.0   4.0- 4.0    1
 1:29.50 -  1:39.50  blue      4.0   4.0- 4.0   21
 1:40.00 -  1:44.00  blue      4.0   4.0- 4.0    9
 1:46.50 -  1:48.50  gold      2.0   2.0- 2.0    5
 2:23.00 -  2:23.00  gold      3.0   3.0- 3.0    1
 2:23.00 -  2:23.00  gold      2.0   2.0- 2.0    1
 2:23.00 -  2:23.00  gold      3.0   3.0- 3.0    1
 2:33.00 -  2:37.50  gold      2.0   2.0- 2.0   12
 2:37.50 -  2:37.50  gold      2.0   2.0- 2.0    1
 2:38.00 -  2:38.00  gold      2.0   2.0- 2.0    1
 2:38.00 -  2:38.00  gold      2.0   2.0- 2.0    1
 2:38.50 -  2:38.50  gold      2.0   2.0- 2.0    1
 2:38.50 -  2:38.50  gold      2.0   2.0- 2.0    1
 2:39.00 -  2:39.00  gold      2.0   2.0- 2.0    1
 2:39.00 -  2:39.00  gold      2.0   2.0- 2.0    1
 2:39.50 -  2:39.50  gold      2.0   2.0- 2.0    1
 2:39.50 -  2:39.50  gold      2.0   2.0- 2.0    1
 2:40.00 -  2:40.00  gold      2.0   2.0- 2.0    1
 2:40.00 -  2:40.00  gold      2.0   2.0- 2.0    1
 2:40.50 -  2:40.50  gold      2.0   2.0- 2.0    1
 2:40.50 -  2:40.50  gold      2.0   2.0- 2.0    1
 2:41.00 -  2:41.00  gold      2.0   2.0- 2.0    1
 2:41.00 -  2:41.00  gold      2.0   2.0- 2.0    1
 2:41.50 -  2:41.50  gold      2.0   2.0- 2.0    1
 2:41.50 -  2:41.50  gold      2.0   2.0- 2.0    1
 2:42.00 -  2:42.00  gold      2.0   2.0- 2.0    1
 2:42.00 -  2:42.00  gold      2.0   2.0- 2.0    1
 2:42.00 -  2:42.00  gold      2.0   2.0- 2.0    1
 2:42.50 -  2:42.50  gold      3.0   3.0- 3.0    1
 2:42.50 -  2:42.50  gold      2.0   2.0- 2.0    1
 2:42.50 -  2:42.50  gold      2.0   2.0- 2.0    1
 2:42.50 -  2:42.50  gold      2.0   2.0- 2.0    1
 2:44.00 -  2:45.00  amber     4.5   4.0- 4.5    3
 2:45.50 -  2:45.50  amber     4.0   4.0- 4.0    1
 2:46.00 -  2:46.00  amber     4.0   4.0- 4.0    1
 2:46.50 -  2:54.00  amber     4.0   4.0- 5.0   16
 3:09.50 -  3:09.50  gold      2.0   2.0- 2.0    1
 3:10.00 -  3:10.00  gold      2.0   2.0- 2.0    1
 3:10.00 -  3:10.00  gold      2.0   2.0- 2.0    1
 3:10.50 -  3:10.50  gold      2.0   2.0- 2.0    1
 3:10.50 -  3:10.50  gold      2.0   2.0- 2.0    1
 3:11.00 -  3:11.00  gold      2.0   2.0- 2.0    1
 3:11.00 -  3:11.00  gold      2.0   2.0- 2.0    1
 3:11.50 -  3:11.50  gold      2.0   2.0- 2.0    1
 3:11.50 -  3:11.50  gold      2.0   2.0- 2.0    1
 3:12.00 -  3:12.00  gold      2.0   2.0- 2.0    1
 3:12.00 -  3:12.00  gold      2.0   2.0- 2.0    1
 3:12.50 -  3:12.50  gold      2.0   2.0- 2.0    1
 3:12.50 -  3:12.50  gold      2.0   2.0- 2.0    1
 3:13.00 -  3:13.00  gold      2.0   2.0- 2.0    1
 3:13.00 -  3:13.00  gold      2.0   2.0- 2.0    1
 3:13.50 -  3:13.50  gold      2.0   2.0- 2.0    1
 3:13.50 -  3:13.50  gold      2.0   2.0- 2.0    1
 3:14.00 -  3:14.00  gold      2.0   2.0- 2.0    1
 3:14.00 -  3:14.00  gold      2.0   2.0- 2.0    1
 3:14.50 -  3:14.50  gold      2.0   2.0- 2.0    1
 3:14.50 -  3:14.50  gold      2.0   2.0- 2.0    1
 3:15.00 -  3:15.00  gold      2.0   2.0- 2.0    1
 3:15.00 -  3:15.00  gold      2.0   2.0- 2.0    1
 3:16.50 -  3:17.00  gold      2.0   2.0- 2.0    2
 3:18.00 -  3:18.50  gold      2.0   2.0- 2.0    2
 3:30.50 -  3:32.00  gold      3.2   3.0- 3.5    4
 3:32.50 -  3:32.50  gold      3.5   3.5- 3.5    1
 3:34.00 -  3:35.50  gold      3.5   3.5- 3.5    4
