# context-window.mp4  1280x720  duration=4:08.70  step=0.5s  thr=45.0
# target: fixed 4 px at 720p (6 px at 1080p), Edit Spec section 5 (2026-09-26); widths are SOLID pixels at thr, true width is about +0.5
# time      color    stroke   L    R    T    B    bbox(x,y,w,h)
 0:17.00  violet     4.0   4.0  4.0  4.0  4.0   (236, 90, 808, 72)
 0:17.50  violet     4.0   4.0  4.0  4.0  4.0   (236, 90, 808, 72)
 0:18.00  violet     4.0   4.0  4.0  4.0  4.0   (236, 90, 808, 72)
 0:18.50  violet     4.0   4.0  4.0  4.0  4.0   (236, 90, 808, 72)
 0:19.00  violet     4.0   4.0  4.0  4.0  4.0   (236, 90, 808, 72)
 0:19.50  violet     4.0   4.0  4.0  4.0  4.0   (236, 90, 808, 72)
 0:20.00  blue       4.0   4.0  4.0  4.0  4.0   (238, 170, 396, 438)
 0:20.50  blue       4.0   4.0  4.0  4.0  4.0   (238, 170, 396, 438)
 0:21.00  blue       4.0   4.0  4.0  4.0  4.0   (238, 170, 396, 438)
 0:21.50  blue       4.0   4.0  4.0  4.0  4.0   (238, 170, 396, 438)
 0:22.00  blue       4.0   4.0  4.0  4.0  4.0   (238, 170, 396, 438)
 0:22.50  blue       4.0   4.0  4.0  4.0  4.0   (238, 170, 396, 438)
 0:23.00  blue       4.0   4.0  4.0  4.0  4.0   (238, 170, 396, 438)
 0:23.50  blue       4.0   4.0  4.0  4.0  4.0   (238, 170, 396, 438)
 0:24.00  blue       4.0   4.0  4.0  4.0  4.0   (238, 170, 396, 438)
 0:24.50  blue       4.0   4.0  4.0  4.0  4.0   (238, 170, 396, 438)
 0:25.00  blue       4.0   4.0  4.0  4.0  4.0   (238, 170, 396, 438)
 0:25.50  blue       4.0   4.0  4.0  4.0  4.0   (238, 170, 396, 438)
 0:26.00  blue       4.0   4.0  4.0  4.0  4.0   (238, 170, 396, 438)
 0:26.50  blue       4.0   4.0  4.0  4.0  4.0   (238, 170, 396, 438)
 0:27.00  blue       4.0   4.0  4.0  4.0  4.0   (238, 170, 396, 438)
 0:27.50  blue       4.0   4.0  4.0  4.0  4.0   (238, 170, 396, 438)
 0:28.00  blue       4.0   4.0  4.0  4.0  4.0   (238, 170, 396, 438)
 0:28.50  blue       4.0   4.0  4.0  4.0  4.0   (238, 170, 396, 438)
 0:29.00  blue       4.0   4.0  4.0  4.0  4.0   (238, 170, 396, 438)
 0:29.50  blue       4.0   4.0  4.0  4.0  4.0   (238, 170, 396, 438)
 0:30.00  blue       4.0   4.0  4.0  4.0  4.0   (238, 170, 396, 438)
 0:30.50  blue       4.0   4.0  4.0  4.0  4.0   (238, 170, 396, 438)
 0:31.00  blue       4.0   4.0  4.0  4.0  4.0   (238, 170, 396, 438)
 0:31.50  blue       4.0   4.0  4.0  4.0  4.0   (238, 170, 396, 438)
 0:32.00  blue       4.0   4.0  4.0  4.0  4.0   (238, 170, 396, 438)
 0:32.50  blue       4.0   4.0  4.0  4.0  4.0   (238, 170, 396, 438)
 0:33.00  blue       4.0   4.0  4.0  4.0  4.0   (238, 170, 396, 438)
 0:39.00  blue       4.0   4.0  4.0  4.0  4.0   (238, 170, 396, 438)
 0:39.50  blue       4.0   4.0  4.0  4.0  4.0   (646, 170, 396, 438)
 0:40.00  blue       4.0   4.0  4.0  4.0  4.0   (646, 170, 396, 438)
 0:40.50  blue       4.0   4.0  4.0  4.0  4.0   (646, 170, 396, 438)
 0:41.00  blue       4.0   4.0  4.0  4.0  4.0   (646, 170, 396, 438)
 0:41.50  blue       4.0   4.0  4.0  4.0  4.0   (646, 170, 396, 438)
 0:42.00  blue       4.0   4.0  4.0  4.0  4.0   (646, 170, 396, 438)
 0:42.50  blue       4.0   4.0  4.0  4.0  4.0   (646, 170, 396, 438)
 0:43.00  blue       4.0   4.0  4.0  4.0  4.0   (646, 170, 396, 438)
 0:43.50  blue       4.0   4.0  4.0  4.0  4.0   (646, 170, 396, 438)
 0:44.00  blue       4.0   4.0  4.0  4.0  4.0   (646, 170, 396, 438)
 0:44.50  blue       4.0   4.0  4.0  4.0  4.0   (646, 170, 396, 438)
 0:45.00  blue       4.0   4.0  4.0  4.0  4.0   (646, 170, 396, 438)
 0:45.50  blue       4.0   4.0  4.0  4.0  4.0   (646, 170, 396, 438)
 0:46.00  blue       4.0   4.0  4.0  4.0  4.0   (646, 170, 396, 438)
 0:46.50  blue       4.0   4.0  4.0  4.0  4.0   (646, 170, 396, 438)
 0:47.00  blue       4.0   4.0  4.0  4.0  4.0   (646, 170, 396, 438)
 0:47.50  blue       4.0   4.0  4.0  4.0  4.0   (646, 170, 396, 438)
 0:48.00  blue       4.0   4.0  4.0  4.0  4.0   (646, 170, 396, 438)
 0:48.50  blue       4.0   4.0  4.0  4.0  4.0   (646, 170, 396, 438)
 0:49.00  violet     4.0   4.0  4.0  4.0  4.0   (236, 622, 808, 54)
 0:49.50  violet     4.0   4.0  4.0  4.0  4.0   (236, 622, 808, 54)
 0:50.00  violet     4.0   4.0  4.0  4.0  4.0   (236, 622, 808, 54)
 0:50.50  violet     4.0   4.0  4.0  4.0  4.0   (236, 622, 808, 54)
 0:51.00  violet     4.0   4.0  4.0  4.0  4.0   (236, 622, 808, 54)
 0:51.50  violet     4.0   4.0  4.0  4.0  4.0   (236, 622, 808, 54)
 0:53.00  gold       3.0   2.0  2.0  4.0  4.0   (92, 162, 484, 144)
 0:53.50  gold       3.2   2.5  2.0  4.0  4.0   (92, 162, 484, 144)
 0:54.00  gold       3.2   2.5  2.0  4.0  4.0   (92, 162, 484, 144)
 0:54.50  gold       3.2   2.5  2.0  4.0  4.0   (92, 162, 484, 144)
 0:55.00  gold       3.2   2.5  2.0  4.0  4.0   (92, 162, 484, 144)
 0:55.50  gold       3.2   2.5  2.0  4.0  4.0   (92, 162, 484, 144)
 0:56.00  gold       3.2   2.5  2.0  4.0  4.0   (92, 162, 484, 144)
 0:56.50  gold       3.2   2.5  2.0  4.0  4.0   (92, 162, 484, 144)
 0:57.00  gold       3.2   2.5  2.0  4.0  4.0   (92, 162, 484, 144)
 0:57.50  gold       3.2   2.5  2.0  4.0  4.0   (92, 162, 484, 144)
 0:58.00  gold       3.2   2.5  2.0  4.0  4.0   (92, 162, 484, 144)
 0:58.50  gold       3.2   2.5  2.0  4.0  4.0   (92, 162, 484, 144)
 0:59.00  gold       4.0   4.0  4.0  4.0  3.0   (90, 162, 488, 144)
 1:56.50  purple     4.0   4.0  4.0  4.0  4.0   (230, 258, 254, 188)
 1:57.00  purple     4.0   4.0  4.0  4.0  4.0   (270, 252, 296, 218)
 1:57.50  purple     4.0   4.0  4.0  4.0  4.0   (290, 248, 316, 234)
 1:58.00  purple     4.0   4.0  4.0  4.0  4.0   (290, 248, 316, 234)
 1:58.50  purple     4.0   4.0  4.0  4.0  4.0   (290, 248, 316, 234)
 1:59.00  purple     4.0   4.0  4.0  4.0  4.0   (290, 248, 316, 234)
 1:59.50  purple     4.0   4.0  4.0  4.0  4.0   (290, 248, 316, 234)
 2:00.00  purple     4.0   4.0  4.0  4.0  4.0   (290, 248, 316, 234)
 2:00.50  purple     4.0   4.0  4.0  4.0  4.0   (290, 248, 316, 234)
 2:01.00  purple     4.0   4.0  4.0  4.0  4.0   (290, 248, 316, 234)
 2:01.50  purple     4.0   4.0  4.0  4.0  4.0   (290, 248, 316, 234)
 2:02.00  purple     4.0   4.0  4.0  4.0  4.0   (290, 248, 316, 234)
 2:02.50  purple     4.0   4.0  4.0  4.0  4.0   (290, 248, 316, 234)
 2:03.00  purple     4.0   4.0  4.0  4.0  4.0   (290, 248, 316, 234)
 2:03.50  purple     4.0   4.0  4.0  4.0  4.0   (290, 248, 316, 234)
 2:04.00  purple     4.0   4.0  4.0  4.0  4.0   (290, 482, 316, 182)
 2:04.50  purple     4.0   4.0  4.0  4.0  4.0   (290, 482, 316, 182)
 2:05.00  purple     4.0   4.0  4.0  4.0  4.0   (290, 482, 316, 182)
 2:05.50  purple     4.0   4.0  4.0  4.0  4.0   (290, 482, 316, 182)
 2:06.00  purple     4.0   4.0  4.0  4.0  4.0   (290, 482, 316, 182)
 2:06.50  purple     4.0   4.0  4.0  4.0  4.0   (290, 482, 316, 182)
 2:07.00  purple     4.0   4.0  4.0  4.0  4.0   (290, 482, 316, 182)
 2:07.50  purple     4.0   4.0  4.0  4.0  4.0   (290, 482, 316, 182)
 2:08.00  purple     4.0   4.0  4.0  4.0  4.0   (290, 482, 316, 182)
 2:08.50  purple     4.0   4.0  4.0  4.0  4.0   (290, 482, 316, 182)
 2:09.00  purple     4.0   4.0  4.0  4.0  4.0   (290, 482, 316, 182)
 2:09.50  purple     4.0   4.0  4.0  4.0  4.0   (290, 482, 316, 182)
 2:10.00  purple     4.0   4.0  4.0  4.0  4.0   (290, 482, 316, 182)
 2:10.50  purple     4.0   4.0  4.0  4.0  4.0   (290, 482, 316, 182)
 2:11.00  purple     4.0   4.0  4.0  4.0  4.0   (290, 482, 316, 182)
 2:11.50  purple     4.0   4.0  4.0  4.0  4.0   (290, 482, 316, 182)
 2:12.00  blue       4.0   4.0  4.0  4.0  4.0   (644, 248, 316, 234)
 2:12.50  blue       4.0   4.0  4.0  4.0  4.0   (542, 248, 316, 234)
 2:13.00  blue       4.0   4.0  4.0  4.0  4.0   (482, 248, 316, 234)
 2:13.50  blue       4.0   4.0  4.0  4.0  4.0   (482, 248, 316, 234)
 2:14.00  blue       4.0   4.0  4.0  4.0  4.0   (482, 248, 316, 234)
 2:14.50  blue       4.0   4.0  4.0  4.0  4.0   (482, 248, 316, 234)
 2:15.00  blue       4.0   4.0  4.0  4.0  4.0   (482, 248, 316, 234)
 2:15.50  blue       4.0   4.0  4.0  4.0  4.0   (482, 248, 316, 234)
 2:16.00  blue       4.0   4.0  4.0  4.0  4.0   (482, 248, 316, 234)
 2:16.50  blue       4.0   4.0  4.0  4.0  4.0   (482, 248, 316, 234)
 2:22.50  gold       3.5   3.0  3.0  4.0  4.0   (92, 162, 484, 142)
 2:23.00  gold       3.5   3.0  2.0  4.0  4.0   (92, 162, 484, 144)
 2:27.00  blue       4.0   4.0  4.0  4.0  4.0   (482, 482, 316, 182)
 2:27.50  teal       4.0   4.0  4.0  4.0  4.0   (834, 248, 316, 234)
 2:28.00  teal       4.0   4.0  4.0  4.0  4.0   (674, 248, 316, 234)
 2:28.50  teal       4.0   4.0  4.0  4.0  4.0   (674, 248, 316, 234)
 2:29.00  teal       4.0   4.0  4.0  4.0  4.0   (674, 248, 316, 234)
 2:29.50  teal       4.0   4.0  4.0  4.0  4.0   (674, 248, 316, 234)
 2:30.00  teal       4.0   4.0  4.0  4.0  4.0   (674, 248, 316, 234)
 2:30.50  teal       4.0   4.0  4.0  4.0  4.0   (674, 248, 316, 234)
 2:31.00  teal       4.0   4.0  4.0  4.0  4.0   (674, 248, 316, 234)
 2:31.50  teal       4.0   4.0  4.0  4.0  4.0   (674, 248, 316, 234)
 2:32.00  teal       4.0   4.0  4.0  4.0  4.0   (674, 248, 316, 234)
 2:32.50  teal       4.0   4.0  4.0  4.0  4.0   (674, 248, 316, 234)
 2:33.00  teal       4.0   4.0  4.0  4.0  4.0   (674, 248, 316, 234)
 2:33.50  teal       4.0   4.0  4.0  4.0  4.0   (674, 248, 316, 234)
 2:34.00  teal       4.0   4.0  4.0  4.0  4.0   (674, 248, 316, 234)
 2:34.50  teal       4.0   4.0  4.0  4.0  4.0   (674, 248, 316, 234)
 2:35.00  teal       4.0   4.0  4.0  4.0  4.0   (674, 248, 316, 234)
 2:35.50  teal       4.0   4.0  4.0  4.0  4.0   (674, 248, 316, 234)
 2:36.00  teal       4.0   4.0  4.0  4.0  4.0   (674, 248, 316, 234)
 2:36.50  teal       4.0   4.0  4.0  4.0  4.0   (674, 482, 316, 182)
 2:37.00  teal       4.0   4.0  4.0  4.0  4.0   (674, 482, 316, 182)
 2:37.50  teal       4.0   4.0  4.0  4.0  4.0   (674, 482, 316, 182)
 2:38.00  teal       4.0   4.0  4.0  4.0  4.0   (674, 482, 316, 182)
 2:38.50  teal       4.0   4.0  4.0  4.0  4.0   (674, 482, 316, 182)
 2:39.00  teal       4.0   4.0  4.0  4.0  4.0   (674, 482, 316, 182)
 2:39.50  teal       4.0   4.0  4.0  4.0  4.0   (674, 482, 316, 182)
 2:40.00  teal       4.0   4.0  4.0  4.0  4.0   (674, 482, 316, 182)
 2:40.50  teal       4.0   4.0  4.0  4.0  4.0   (674, 482, 316, 182)
 2:41.00  teal       4.0   4.0  4.0  4.0  4.0   (674, 482, 316, 182)
 2:41.50  teal       4.0   4.0  4.0  4.0  4.0   (674, 482, 316, 182)
 2:42.00  teal       4.0   4.0  4.0  4.0  4.0   (674, 482, 316, 182)
 2:43.00  violet     4.0   4.0  4.0  4.0  4.0   (124, 648, 914, 62)
 2:43.50  violet     4.0   4.0  4.0  4.0  4.0   (222, 618, 836, 56)
 2:44.00  violet     4.0   4.0  4.0  4.0  4.0   (222, 618, 836, 56)
 2:44.50  violet     4.0   4.0  4.0  4.0  4.0   (222, 618, 836, 56)
 2:45.00  violet     4.0   4.0  4.0  4.0  4.0   (222, 618, 836, 56)
 2:45.50  violet     4.0   4.0  4.0  4.0  4.0   (222, 618, 836, 56)
 2:46.00  violet     4.0   4.0  4.0  4.0  4.0   (222, 618, 836, 56)
 2:46.50  violet     4.0   4.0  4.0  4.0  4.0   (222, 618, 836, 56)
 2:51.00  green      4.5   7.0  7.0  2.0  2.0   (328, 413, 104, 68)
 2:51.50  green      4.5   7.0  7.0  2.0  2.0   (328, 413, 104, 68)
 2:52.00  green      4.5   7.0  7.0  2.0  2.0   (328, 413, 104, 68)
 2:52.50  green      4.5   7.0  7.0  2.0  2.0   (328, 413, 104, 68)
 2:53.00  green      4.5   7.0  7.0  2.0  2.0   (328, 413, 104, 68)
 2:53.50  green      4.5   7.0  7.0  2.0  2.0   (328, 413, 104, 68)
 2:54.00  green      4.5   7.0  7.0  2.0  2.0   (328, 413, 104, 68)
 2:54.50  green      5.0   8.0  8.0  2.0  2.0   (327, 435, 111, 73)
 2:54.50  purple     4.0   4.0  4.0  4.0  4.0   (308, 74, 348, 308)
 2:55.00  purple     4.0   4.0  4.0  4.0  4.0   (278, 44, 690, 604)
 2:55.50  purple     4.0   4.0  4.0  4.0  4.0   (274, 40, 732, 640)
 2:56.00  purple     4.0   4.0  4.0  4.0  4.0   (274, 40, 732, 640)
 2:56.50  purple     4.0   4.0  4.0  4.0  4.0   (274, 40, 732, 640)
 2:57.00  purple     4.0   4.0  4.0  4.0  4.0   (274, 40, 732, 640)
 2:57.50  purple     4.0   4.0  4.0  4.0  4.0   (274, 40, 732, 640)
 2:58.00  purple     4.0   4.0  4.0  4.0  4.0   (274, 40, 732, 640)
 2:58.50  purple     4.0   4.0  4.0  4.0  4.0   (274, 40, 732, 640)
 2:59.00  purple     4.0   4.0  4.0  4.0  4.0   (274, 40, 732, 640)
 2:59.50  purple     4.0   4.0  4.0  4.0  4.0   (274, 40, 732, 640)
 3:00.00  purple     4.0   4.0  4.0  4.0  4.0   (274, 40, 732, 640)
 3:00.50  purple     4.0   4.0  4.0  4.0  4.0   (274, 40, 732, 640)
 3:01.00  purple     4.0   4.0  4.0  4.0  4.0   (274, 40, 732, 640)
 3:01.50  purple     4.0   4.0  4.0  4.0  4.0   (274, 40, 732, 640)
 3:02.00  purple     4.0   4.0  4.0  4.0  4.0   (274, 40, 732, 640)
 3:02.50  purple     4.0   4.0  4.0  4.0  4.0   (274, 40, 732, 640)
 3:03.00  purple     4.0   4.0  4.0  4.0  4.0   (274, 40, 732, 640)
 3:03.50  purple     4.0   4.0  4.0  4.0  4.0   (274, 40, 732, 640)
 3:04.00  blue       4.0   4.0  4.0  4.0  4.0   (580, 40, 700, 640)
 3:04.50  blue       4.0   4.0  4.0  4.0  4.0   (274, 40, 732, 640)
 3:05.00  blue       4.0   4.0  4.0  4.0  4.0   (274, 40, 732, 640)
 3:05.50  blue       4.0   4.0  4.0  4.0  4.0   (274, 40, 732, 640)
 3:06.00  blue       4.0   4.0  4.0  4.0  4.0   (274, 40, 732, 640)
 3:06.50  blue       4.0   4.0  4.0  4.0  4.0   (274, 40, 732, 640)
 3:07.00  blue       4.0   4.0  4.0  4.0  4.0   (274, 40, 732, 640)
 3:07.50  blue       4.0   4.0  4.0  4.0  4.0   (274, 40, 732, 640)
 3:08.00  blue       4.0   4.0  4.0  4.0  4.0   (274, 40, 732, 640)
 3:08.50  blue       4.0   4.0  4.0  4.0  4.0   (274, 40, 732, 640)
 3:09.00  blue       4.0   4.0  4.0  4.0  4.0   (274, 40, 732, 640)
 3:09.50  blue       4.0   4.0  4.0  4.0  4.0   (274, 40, 732, 640)
 3:10.00  blue       4.0   4.0  4.0  4.0  4.0   (274, 40, 732, 640)
 3:10.50  blue       4.0   4.0  4.0  4.0  4.0   (274, 40, 732, 640)
 3:11.00  blue       4.0   4.0  4.0  4.0  4.0   (274, 40, 732, 640)
 3:11.50  blue       4.0   4.0  4.0  4.0  4.0   (274, 40, 732, 640)
 3:12.00  blue       4.0   4.0  4.0  4.0  4.0   (274, 40, 732, 640)
 3:12.50  teal       7.8   7.5  8.0  6.0 28.0   (0, 457, 298, 168)
 3:12.50  gold       2.0   2.0  2.0  2.0  5.0   (1174, 586, 106, 52)
 3:13.00  green      4.0  16.0  2.0  4.0  4.0   (311, 159, 245, 156)
 3:13.00  teal       4.0   4.0  4.0  4.0  4.0   (274, 68, 732, 584)
 3:13.00  teal       7.0   8.0  8.0  6.0  1.0   (308, 159, 345, 181)
 3:13.00  gold       9.5  12.0  7.0  2.5 26.5   (1075, 208, 205, 142)
 3:13.50  teal       4.0   4.0  4.0  4.0  4.0   (274, 68, 732, 584)
 3:13.50  teal       7.0   8.0  8.0  6.0  1.0   (308, 159, 345, 181)
 3:13.50  gold       9.5  12.0  7.0  2.5 26.5   (1075, 208, 205, 142)
 3:14.00  teal       4.0   4.0  4.0  4.0  4.0   (274, 68, 732, 584)
 3:14.00  teal       7.0   8.0  8.0  6.0  1.0   (308, 159, 345, 181)
 3:14.00  gold       9.5  12.0  7.0  2.5 26.5   (1075, 208, 205, 142)
 3:14.50  teal       4.0   4.0  4.0  4.0  4.0   (274, 68, 732, 584)
 3:14.50  teal       7.0   8.0  8.0  6.0  1.0   (308, 159, 345, 181)
 3:14.50  gold       9.5  12.0  7.0  2.5 26.5   (1075, 208, 205, 142)
 3:19.50  teal       4.0   4.0  4.0  4.0  4.0   (274, 68, 732, 584)
 3:19.50  teal       5.0   8.0  8.0  2.0  1.0   (308, 159, 248, 181)
 3:20.00  teal       4.0   4.0  4.0  4.0  4.0   (274, 68, 732, 584)
 3:20.00  teal       5.0   8.0  8.0  2.0  1.0   (308, 159, 248, 181)
 3:20.50  green      4.0   1.0 16.0  4.0  4.0   (183, 159, 237, 156)
 3:20.50  teal       5.0   8.0  8.0  2.0  1.0   (179, 159, 249, 181)
 3:20.50  teal       8.0   7.0  9.0  6.0 16.0   (212, 159, 216, 132)
 3:20.50  amber      4.0   4.0  4.0  4.0  4.0   (906, 68, 374, 584)
 3:20.50  gold      15.5  13.0 14.0 17.0 17.0   (920, 74, 360, 374)
 3:21.00  amber      4.0   4.0  4.0  4.0  4.0   (292, 68, 728, 584)
 3:21.50  amber      4.0   4.0  4.0  4.0  4.0   (276, 68, 728, 584)
 3:22.00  amber      4.0   4.0  4.0  4.0  4.0   (276, 68, 728, 584)
 3:22.50  amber      4.0   4.0  4.0  4.0  4.0   (276, 68, 728, 584)
 3:23.00  amber      4.0   4.0  4.0  4.0  4.0   (276, 68, 728, 584)
 3:23.50  amber      4.0   4.0  4.0  4.0  4.0   (276, 68, 728, 584)
 3:24.00  amber      4.0   4.0  4.0  4.0  4.0   (276, 68, 728, 584)
 3:24.50  amber      4.0   4.0  4.0  4.0  4.0   (276, 68, 728, 584)
 3:25.00  amber      4.0   4.0  4.0  4.0  4.0   (276, 68, 728, 584)
 3:25.50  amber      4.0   4.0  4.0  4.0  4.0   (276, 68, 728, 584)
 3:26.00  amber      4.0   4.0  4.0  4.0  4.0   (276, 68, 728, 584)
 3:26.50  amber      4.0   4.0  4.0  4.0  4.0   (276, 68, 728, 584)
 3:27.00  amber      4.0   4.0  4.0  4.0  4.0   (276, 68, 728, 584)
 3:27.50  amber      4.0   4.0  4.0  4.0  4.0   (276, 68, 728, 584)
 3:28.00  amber      4.0   4.0  4.0  4.0  4.0   (276, 68, 728, 584)
 3:28.50  amber      4.0   4.0  4.0  4.0  4.0   (276, 68, 728, 584)
 3:29.00  amber      4.0   4.0  4.0  4.0  4.0   (276, 68, 728, 584)
 3:29.50  gold       2.0   2.0  1.0  2.0  5.0   (771, 290, 118, 52)
 3:30.00  green      6.8  10.5 10.5  3.0  2.5   (138, 351, 107, 90)
 3:30.00  teal       4.5   4.0  5.0  3.0 10.0   (149, 351, 186, 97)
 3:30.00  violet     4.0   4.0  4.0  4.0  4.0   (114, 640, 866, 58)
 3:30.50  gold      15.2  18.0 12.5 21.5  9.5   (648, 376, 121, 121)
 3:30.50  gold       7.0   2.0 12.0 14.0  1.0   (839, 406, 111, 97)
 3:31.00  gold      15.2  18.0 12.5 21.5  9.5   (648, 376, 121, 121)
 3:31.00  gold       7.0   2.0 12.0 14.0  1.5   (844, 406, 106, 97)
 3:31.50  gold      15.2  18.0 12.5 21.5  9.5   (648, 376, 121, 121)
 3:31.50  gold       7.0   2.0 12.0 14.0  1.5   (844, 406, 106, 97)
 3:32.00  gold      15.2  18.0 12.5 21.5  9.5   (648, 376, 121, 121)
 3:32.00  gold       7.0   2.0 12.0 14.0  1.5   (844, 406, 106, 97)
 3:32.50  gold      15.2  18.0 12.5 21.5  9.5   (648, 376, 121, 121)
 3:32.50  gold       7.0   2.0 12.0 14.0  1.5   (844, 406, 106, 97)

# 253 ring samples in 61 runs; stroke histogram (rounded px): 2 px: 2, 3 px: 12, 4 px: 213, 5 px: 4, 7 px: 10, 8 px: 2, 10 px: 4, 15 px: 5, 16 px: 1
# runs (start, end, color, median stroke, min-max, samples)
 0:17.00 -  0:19.50  violet    4.0   4.0- 4.0    6
 0:20.00 -  0:33.00  blue      4.0   4.0- 4.0   27
 0:39.00 -  0:39.00  blue      4.0   4.0- 4.0    1
 0:39.50 -  0:48.50  blue      4.0   4.0- 4.0   19
 0:49.00 -  0:51.50  violet    4.0   4.0- 4.0    6
 0:53.00 -  0:59.00  gold      3.2   3.0- 4.0   13
 1:56.50 -  1:56.50  purple    4.0   4.0- 4.0    1
 1:57.00 -  2:03.50  purple    4.0   4.0- 4.0   14
 2:04.00 -  2:11.50  purple    4.0   4.0- 4.0   16
 2:12.00 -  2:12.00  blue      4.0   4.0- 4.0    1
 2:12.50 -  2:12.50  blue      4.0   4.0- 4.0    1
 2:13.00 -  2:16.50  blue      4.0   4.0- 4.0    8
 2:22.50 -  2:23.00  gold      3.5   3.5- 3.5    2
 2:27.00 -  2:27.00  blue      4.0   4.0- 4.0    1
 2:27.50 -  2:27.50  teal      4.0   4.0- 4.0    1
 2:28.00 -  2:36.00  teal      4.0   4.0- 4.0   17
 2:36.50 -  2:42.00  teal      4.0   4.0- 4.0   12
 2:43.00 -  2:43.00  violet    4.0   4.0- 4.0    1
 2:43.50 -  2:46.50  violet    4.0   4.0- 4.0    7
 2:51.00 -  2:54.50  green     4.5   4.5- 5.0    8
 2:54.50 -  2:54.50  purple    4.0   4.0- 4.0    1
 2:55.00 -  2:55.00  purple    4.0   4.0- 4.0    1
 2:55.50 -  3:03.50  purple    4.0   4.0- 4.0   17
 3:04.00 -  3:04.00  blue      4.0   4.0- 4.0    1
 3:04.50 -  3:12.00  blue      4.0   4.0- 4.0   16
 3:12.50 -  3:12.50  teal      7.8   7.8- 7.8    1
 3:12.50 -  3:12.50  gold      2.0   2.0- 2.0    1
 3:13.00 -  3:13.00  green     4.0   4.0- 4.0    1
 3:13.00 -  3:13.00  teal      4.0   4.0- 4.0    1
 3:13.00 -  3:13.00  teal      7.0   7.0- 7.0    1
 3:13.00 -  3:14.50  gold      9.5   9.5- 9.5    4
 3:13.50 -  3:13.50  teal      4.0   4.0- 4.0    1
 3:13.50 -  3:13.50  teal      7.0   7.0- 7.0    1
 3:14.00 -  3:14.00  teal      4.0   4.0- 4.0    1
 3:14.00 -  3:14.00  teal      7.0   7.0- 7.0    1
 3:14.50 -  3:14.50  teal      4.0   4.0- 4.0    1
 3:14.50 -  3:14.50  teal      7.0   7.0- 7.0    1
 3:19.50 -  3:19.50  teal      4.0   4.0- 4.0    1
 3:19.50 -  3:19.50  teal      5.0   5.0- 5.0    1
 3:20.00 -  3:20.00  teal      4.0   4.0- 4.0    1
 3:20.00 -  3:20.00  teal      5.0   5.0- 5.0    1
 3:20.50 -  3:20.50  green     4.0   4.0- 4.0    1
 3:20.50 -  3:20.50  teal      5.0   5.0- 5.0    1
 3:20.50 -  3:20.50  teal      8.0   8.0- 8.0    1
 3:20.50 -  3:20.50  amber     4.0   4.0- 4.0    1
 3:20.50 -  3:20.50  gold     15.5  15.5-15.5    1
 3:21.00 -  3:29.00  amber     4.0   4.0- 4.0   17
 3:29.50 -  3:29.50  gold      2.0   2.0- 2.0    1
 3:30.00 -  3:30.00  green     6.8   6.8- 6.8    1
 3:30.00 -  3:30.00  teal      4.5   4.5- 4.5    1
 3:30.00 -  3:30.00  violet    4.0   4.0- 4.0    1
 3:30.50 -  3:30.50  gold     15.2  15.2-15.2    1
 3:30.50 -  3:30.50  gold      7.0   7.0- 7.0    1
 3:31.00 -  3:31.00  gold     15.2  15.2-15.2    1
 3:31.00 -  3:31.00  gold      7.0   7.0- 7.0    1
 3:31.50 -  3:31.50  gold     15.2  15.2-15.2    1
 3:31.50 -  3:31.50  gold      7.0   7.0- 7.0    1
 3:32.00 -  3:32.00  gold     15.2  15.2-15.2    1
 3:32.00 -  3:32.00  gold      7.0   7.0- 7.0    1
 3:32.50 -  3:32.50  gold     15.2  15.2-15.2    1
 3:32.50 -  3:32.50  gold      7.0   7.0- 7.0    1
