    0.00     0.60 0.85  Artificial
    0.60     1.44 0.91  intelligence
    1.44     1.90 0.99  makes
    1.90     2.34 1.00  mistakes,
    2.84     3.08 0.99  but
    3.08     3.32 0.96  when
    3.32     3.46 1.00  it
    3.46     3.70 1.00  writes,
    4.16     4.16 0.98  it
    4.16     4.38 0.99  uses
    4.38     4.66 1.00  the
    4.66     5.16 0.99  exact
    5.16     5.58 1.00  same
    5.58     6.10 0.99  confident
    6.10     6.52 1.00  tone
    6.52     6.90 0.88  whether
    6.90     7.20 0.98  its
    7.20     7.46 1.00  facts
    7.46     7.80 1.00  are
    7.80     8.22 0.99  perfectly
    8.22     8.76 1.00  accurate
    8.76     9.20 0.92  or
    9.20     9.70 1.00  completely
    9.70    10.12 1.00  wrong.
   11.06    11.26 0.99  Even
   11.26    11.48 1.00  an
   11.48    11.76 1.00  answer
   11.76    12.02 1.00  with
   12.02    12.40 0.96  zero
   12.40    12.84 0.99  factual
   12.84    13.32 1.00  errors
   13.32    13.64 1.00  can
   13.64    13.94 1.00  still
   13.94    14.12 1.00  fall
   14.12    14.44 1.00  short.
   15.06    15.14 0.99  A
   15.14    15.30 1.00  joke
   15.30    15.56 0.99  might
   15.56    15.76 1.00  not
   15.76    15.92 1.00  be
   15.92    16.14 1.00  funny.
   16.64    16.74 0.99  An
   16.74    17.24 1.00  explanation
   17.24    17.82 1.00  might
   17.82    18.08 1.00  leave
   18.08    18.28 1.00  you
   18.28    18.64 1.00  confused.
   19.24    19.36 1.00  A
   19.36    19.64 0.99  project
   19.64    20.04 1.00  plan
   20.04    20.56 0.97  simply
   20.56    20.82 1.00  might
   20.82    21.00 1.00  not
   21.00    21.26 1.00  work.
   22.04    22.28 0.98  Whenever
   22.28    22.66 1.00  you
   22.66    23.24 1.00  evaluate
   23.24    23.50 0.99  an
   23.50    23.92 0.96  AI's
   23.92    24.28 1.00  response,
   24.28    24.88 0.22  you
   24.88    25.04 0.98  need
   25.04    25.20 1.00  to
   25.20    25.44 1.00  ask
   25.44    25.90 0.92  two
   25.90    26.36 1.00  specific
   26.36    26.84 1.00  questions.
   27.54    27.62 0.70  Is
   27.62    27.76 1.00  it
   27.76    28.02 0.99  right?
   28.54    28.74 0.92  And
   28.74    29.02 0.89  is
   29.02    29.18 0.99  it
   29.18    29.38 1.00  good
   29.38    29.62 1.00  enough
   29.62    29.92 1.00  for
   29.92    30.08 1.00  what
   30.08    30.20 1.00  I
   30.20    30.40 1.00  need?
   30.98    31.26 0.99  This
   31.26    31.78 0.99  infographic
   31.78    32.38 1.00  outlines
   32.38    32.62 1.00  what
   32.62    32.74 1.00  we
   32.74    33.00 1.00  call
   33.00    33.28 0.94  the
   33.28    33.52 0.60  quick
   33.52    33.78 0.91  pass.
   34.88    35.06 0.99  First,
   35.34    35.42 1.00  you
   35.42    35.64 1.00  have
   35.64    35.82 1.00  to
   35.82    36.02 1.00  read
   36.02    36.20 1.00  the
   36.20    36.50 1.00  answer.
   37.08    37.24 1.00  If
   37.24    37.36 1.00  you
   37.36    37.68 1.00  copy
   37.68    37.90 0.98  an
   37.90    38.18 0.99  AI
   38.18    38.60 1.00  output
   38.60    38.82 0.99  and
   38.82    39.06 1.00  pass
   39.06    39.20 1.00  it
   39.20    39.48 1.00  along,
   39.86    40.18 1.00  you
   40.18    40.42 1.00  are
   40.42    40.80 1.00  responsible
   40.80    41.20 1.00  for
   41.20    41.56 1.00  whatever
   41.56    41.80 1.00  it
   41.80    42.06 1.00  says.
   42.74    43.02 1.00  Next,
   43.26    43.48 1.00  make
   43.48    43.70 1.00  sure
   43.70    43.88 1.00  you
   43.88    44.38 1.00  actually
   44.38    44.90 1.00  understand
   44.90    45.16 1.00  it.
   45.56    45.72 1.00  You
   45.72    46.06 0.98  cannot
   46.06    46.30 1.00  judge
   46.30    46.50 0.99  an
   46.50    46.80 1.00  answer
   46.80    47.04 0.99  that
   47.04    47.20 1.00  you
   47.20    47.48 0.97  cannot
   47.48    47.94 1.00  comprehend.
   48.54    48.76 1.00  If
   48.76    49.08 0.99  dense,
   49.08    49.66 0.04  ask
   49.66    49.92 0.99  the
   49.92    50.22 0.98  AI
   50.22    50.42 1.00  to
   50.42    50.76 1.00  explain
   50.76    51.18 1.00  it.
   52.22    52.22 0.99  Finally,
   52.90    52.90 0.99  validate
   52.90    53.10 1.00  the
   53.10    53.40 1.00  text.
   54.26    54.26 0.99  Compare
   54.26    54.44 1.00  the
   54.44    54.82 1.00  response
   54.82    55.16 1.00  against
   55.16    55.40 1.00  what
   55.40    55.54 1.00  you
   55.54    55.88 1.00  already
   55.88    56.20 1.00  know.
   56.88    57.02 0.99  Look
   57.02    57.40 1.00  closely
   57.40    57.66 1.00  for
   57.66    58.02 1.00  anything
   58.02    58.44 1.00  wrong
   58.44    58.70 0.99  or
   58.70    59.00 1.00  missing.
   59.72    59.96 0.98  Before
   59.96    60.16 1.00  you
   60.16    60.42 1.00  use
   60.42    60.82 0.99  any
   60.82    61.20 0.99  AI
   61.20    61.60 1.00  output,
   61.88    62.16 0.99  strictly
   62.16    62.70 0.99  read,
   63.16    63.62 1.00  understand,
   64.00    64.14 1.00  and
   64.14    64.52 1.00  validate.
   65.26    65.52 0.99  This
   65.52    65.74 1.00  graphic
   65.74    66.14 1.00  helps
   66.14    66.54 0.94  decide
   66.54    66.78 1.00  if
   66.78    66.96 1.00  an
   66.96    67.22 1.00  answer
   67.22    67.66 1.00  requires
   67.66    67.94 1.00  a
   67.94    68.24 1.00  closer
   68.24    68.58 1.00  look
   68.58    68.90 0.94  based
   68.90    69.18 1.00  on
   69.18    69.44 0.93  three
   69.44    69.84 1.00  questions.
   70.50    70.64 0.97  First,
   71.06    71.16 0.97  can
   71.16    71.34 1.00  you
   71.34    71.52 1.00  judge
   71.52    71.78 1.00  it?
   72.18    72.30 0.99  If
   72.30    72.46 1.00  you
   72.46    72.66 1.00  lack
   72.66    73.00 0.98  baseline
   73.00    73.44 1.00  knowledge,
   73.44    73.98 0.26  keep
   73.98    74.42 0.99  checking.
   75.22    75.36 0.95  Second,
   75.78    75.88 0.97  what
   75.88    76.22 1.00  task
   76.22    76.46 1.00  is
   76.46    76.72 1.00  it?
   77.20    77.36 0.98  A
   77.36    77.72 0.99  factual
   77.72    78.26 1.00  request
   78.26    78.74 1.00  requires
   78.74    79.36 1.00  accuracy.
   79.82    80.02 0.99  A
   80.02    80.34 0.99  draft
   80.34    80.72 1.00  needs
   80.72    81.14 1.00  clarity.
   81.74    81.94 1.00  Check
   81.94    82.16 1.00  the
   82.16    82.52 1.00  qualities
   82.52    82.76 1.00  that
   82.76    83.04 1.00  matter.
   83.90    84.20 0.99  Third,
   84.52    84.72 0.99  how
   84.72    84.88 1.00  much
   84.88    85.10 1.00  is
   85.10    85.36 0.62  writing
   85.36    85.56 1.00  on
   85.56    85.78 1.00  it?
   86.18    86.40 0.99  A
   86.40    86.58 0.99  bad
   86.58    86.78 1.00  movie
   86.78    87.30 1.00  recommendation
   87.30    87.70 1.00  is
   87.70    87.90 0.99  low
   87.90    88.16 0.88  stakes.
   88.76    88.90 1.00  A
   88.90    89.30 1.00  scholarship
   89.30    89.90 1.00  application
   89.90    90.26 0.97  or
   90.26    90.56 1.00  medical
   90.56    90.98 1.00  advice
   90.98    91.40 1.00  carries
   91.40    91.80 0.99  real
   91.80    92.16 1.00  risk.
   92.76    92.94 1.00  You
   92.94    93.04 1.00  have
   93.04    93.16 1.00  to
   93.16    93.38 1.00  ask
   93.38    93.70 1.00  yourself,
   94.00    94.34 0.55  what
   94.34    94.72 1.00  happens
   94.72    94.94 1.00  if
   94.94    95.10 1.00  the
   95.10    95.40 0.98  AI
   95.40    95.62 1.00  is
   95.62    95.90 1.00  wrong?
   96.58    96.86 0.99  Your
   96.86    97.16 1.00  level
   97.16    97.42 1.00  of
   97.42    97.92 1.00  investigative
   97.92    98.36 1.00  effort
   98.36    98.74 1.00  must
   98.74    99.04 1.00  match
   99.04    99.30 1.00  the
   99.30    99.54 1.00  risk
   99.54    99.82 1.00  level
   99.82   100.04 0.25  of
  100.04   100.18 0.95  your
  100.18   100.52 0.97  task.
  101.06   101.26 0.98  Give
  101.26   101.44 1.00  the
  101.44   101.74 1.00  answer
  101.74   101.96 0.99  the
  101.96   102.40 1.00  exact
  102.40   102.90 1.00  attention
  102.90   103.16 1.00  it
  103.16   103.48 1.00  deserves.
  104.26   104.42 0.96  This
  104.42   104.64 0.96  board
  104.64   105.06 0.99  provides
  105.06   105.44 0.76  five
  105.44   105.80 1.00  different
  105.80   106.30 0.99  verification
  106.30   106.78 1.00  tactics
  106.78   107.06 1.00  at
  107.06   107.20 1.00  your
  107.20   107.52 1.00  disposal.
  108.18   108.40 0.99  You
  108.40   108.60 0.98  do
  108.60   108.84 0.98  not
  108.84   109.06 1.00  have
  109.06   109.20 1.00  to
  109.20   109.36 1.00  use
  109.36   109.64 0.97  all
  109.64   109.94 0.98  five
  109.94   110.20 0.99  every
  110.20   110.46 1.00  time.
  111.10   111.22 0.99  Choose
  111.22   111.40 1.00  the
  111.40   111.56 0.99  ones
  111.56   111.76 1.00  that
  111.76   111.92 1.00  fit
  111.92   112.10 0.99  the
  112.10   112.50 1.00  specific
  112.50   112.92 0.99  problem
  112.92   113.20 1.00  you
  113.20   113.32 0.97  are
  113.32   113.54 1.00  trying
  113.54   113.68 1.00  to
  113.68   113.86 1.00  solve.
  114.58   114.72 0.99  The
  114.72   114.96 1.00  first
  114.96   115.36 1.00  tactic
  115.36   115.62 1.00  is
  115.62   115.82 1.00  to
  115.82   116.02 0.99  check
  116.02   116.24 1.00  the
  116.24   116.58 0.99  sources.
  117.52   117.62 0.96  Prompt
  117.62   117.86 1.00  the
  117.86   118.14 0.98  AI
  118.14   118.42 1.00  to
  118.42   118.74 1.00  provide
  118.74   119.00 0.99  its
  119.00   119.38 1.00  sources.
  119.90   120.04 1.00  Then
  120.04   120.58 0.81  manually
  120.58   121.00 1.00  open
  121.00   121.18 0.99  those
  121.18   121.48 1.00  links.
  122.46   122.54 0.99  Verify
  122.54   122.88 1.00  that
  122.88   123.16 1.00  each
  123.16   123.48 1.00  source
  123.48   124.04 1.00  actually
  124.04   124.48 1.00  supports
  124.48   124.70 1.00  the
  124.70   124.92 1.00  claim
  124.92   125.54 0.38  and
  125.54   125.82 1.00  check
  125.82   126.12 0.99  that
  126.12   126.24 1.00  the
  126.24   126.46 1.00  source
  126.46   126.82 1.00  itself
  126.82   127.16 1.00  is
  127.16   127.58 1.00  reliable.
  128.22   128.46 1.00  You
  128.46   128.60 1.00  can
  128.60   128.86 1.00  also
  128.86   129.34 0.39  challenge
  129.34   129.62 0.99  the
  129.62   129.94 0.99  answer
  129.94   130.34 0.91  by
  130.34   130.70 1.00  asking
  130.70   130.92 1.00  for
  130.92   131.04 1.00  the
  131.04   131.44 1.00  strongest
  131.44   131.90 1.00  counter
  131.90   132.30 0.45  argument
  132.30   132.62 0.92  to
  132.62   132.98 1.00  expose
  132.98   133.22 0.99  blind
  133.22   133.60 0.96  spots.
  134.62   134.62 0.98  Next,
  135.08   135.24 0.99  ask
  135.24   135.46 0.99  what
  135.46   135.86 1.00  important
  135.86   136.34 1.00  information
  136.34   136.58 0.99  the
  136.58   136.88 0.98  AI
  136.88   137.10 1.00  left
  137.10   137.44 1.00  out.
  138.22   138.40 0.99  Finally,
  139.02   139.18 1.00  ask
  139.18   139.34 1.00  it
  139.34   139.48 1.00  to
  139.48   139.72 1.00  search
  139.72   139.98 0.99  the
  139.98   140.28 0.80  live
  140.28   140.60 0.91  web
  140.60   141.08 0.88  and
  141.08   141.68 1.00  independently
  141.68   142.26 0.99  verify
  142.26   142.56 0.99  those
  142.56   142.94 0.99  recent
  142.94   143.40 0.99  sources.
  144.42   144.74 1.00  Finally,
  145.34   145.44 1.00  check
  145.44   145.60 1.00  it
  145.60   145.98 1.00  yourself.
  146.72   146.92 0.98  Step
  146.92   147.44 1.00  outside
  147.44   147.74 0.99  the
  147.74   148.06 1.00  AI
  148.06   148.56 1.00  environment
  148.56   149.12 1.00  entirely.
  149.80   150.38 0.98  Recalculate
  150.38   150.50 1.00  the
  150.50   150.76 0.99  math,
  151.16   151.32 1.00  test
  151.32   151.52 1.00  the
  151.52   151.82 1.00  code,
  152.06   152.30 1.00  or
  152.30   152.72 1.00  consult
  152.72   152.96 1.00  a
  152.96   153.22 1.00  human
  153.22   153.62 1.00  expert
  153.62   153.92 0.99  who
  153.92   154.10 1.00  knows
  154.10   154.42 1.00  the
  154.42   154.64 0.05  subject.
  155.46   155.72 0.99  You
  155.72   155.86 1.00  can
  155.86   156.04 1.00  use
  156.04   156.30 0.98  AI
  156.30   156.56 1.00  to
  156.56   156.72 0.99  help
  156.72   156.92 1.00  you
  156.92   157.12 0.99  check
  157.12   157.28 0.97  its
  157.28   157.44 0.99  own
  157.44   157.74 1.00  work,
  158.02   158.18 1.00  but
  158.18   158.64 0.99  remember
  158.64   158.88 0.99  that
  158.88   159.04 0.99  the
  159.04   159.24 1.00  tool
  159.24   159.70 0.94  cannot
  159.70   160.20 1.00  verify
  160.20   160.60 1.00  itself.
  161.32   161.62 0.99  You
  161.62   161.82 1.00  must
  161.82   162.04 1.00  make
  162.04   162.24 1.00  the
  162.24   162.50 1.00  final
  162.50   162.86 1.00  decision
  162.86   163.36 0.99  on
  163.36   163.58 1.00  whether
  163.58   163.80 1.00  the
  163.80   164.00 1.00  answer
  164.00   164.24 1.00  holds
  164.24   164.52 1.00  up.
  165.22   165.46 0.99  This
  165.46   165.72 1.00  chart
  165.72   166.14 1.00  outlines
  166.14   166.32 1.00  your
  166.32   166.60 1.00  final
  166.60   167.02 1.00  options
  167.02   167.34 0.98  once
  167.34   167.74 1.00  verification
  167.74   168.16 1.00  is
  168.16   168.50 1.00  complete.
  169.12   169.32 0.99  If
  169.32   169.44 1.00  the
  169.44   169.58 1.00  answer
  169.58   169.74 1.00  is
  169.74   169.96 0.97  right
  169.96   170.30 0.69  and
  170.30   170.44 1.00  good
  170.44   170.62 1.00  enough
  170.62   170.74 1.00  for
  170.74   170.84 1.00  your
  170.84   171.14 1.00  needs,
  171.60   171.72 1.00  use
  171.72   171.92 1.00  it.
  172.50   172.70 0.99  If
  172.70   172.82 1.00  the
  172.82   173.16 0.99  AI
  173.16   173.42 1.00  is
  173.42   174.14 1.00  consistently
  174.14   174.54 1.00  failing
  174.54   174.74 1.00  to
  174.74   174.84 1.00  help
  174.84   174.98 1.00  you
  174.98   175.12 1.00  get
  175.12   175.38 1.00  there,
  175.76   176.02 1.00  walk
  176.02   176.30 1.00  away
  176.30   176.54 0.99  and
  176.54   176.74 1.00  try
  176.74   176.94 1.00  a
  176.94   177.32 0.99  completely
  177.32   177.66 1.00  different
  177.66   178.02 1.00  approach.
  178.80   179.06 1.00  Often,
  179.18   179.32 1.00  you
  179.32   179.46 0.99  will
  179.46   179.64 1.00  land
  179.64   179.88 1.00  on
  179.88   180.00 0.99  a
  180.00   180.16 0.99  middle
  180.16   180.54 1.00  option.
  181.18   181.28 0.97  Fix
  181.28   181.50 0.99  it.
  182.04   182.22 1.00  You
  182.22   182.34 1.00  can
  182.34   182.52 1.00  either
  182.52   182.90 0.11  instruct
  182.90   183.12 0.99  the
  183.12   183.42 0.98  AI
  183.42   183.68 0.99  on
  183.68   184.00 1.00  exactly
  184.00   184.20 1.00  what
  184.20   184.36 0.99  needs
  184.36   184.58 1.00  to
  184.58   184.94 1.00  change
  184.94   185.42 0.40  or
  185.42   185.64 0.99  you
  185.64   185.82 1.00  can
  185.82   186.18 0.99  manually
  186.18   186.72 0.97  rewrite
  186.72   186.88 1.00  the
  186.88   187.18 1.00  errors
  187.18   187.56 0.99  yourself.
  188.28   188.52 0.97  Whenever
  188.52   188.74 1.00  you
  188.74   188.88 1.00  make
  188.88   189.36 0.99  corrections,
  189.80   190.04 0.99  always
  190.04   190.40 1.00  review
  190.40   190.64 1.00  the
  190.64   190.84 1.00  newly
  190.84   191.22 0.91  revised
  191.22   191.58 1.00  answer
  191.58   192.04 0.97  one
  192.04   192.28 1.00  last
  192.28   192.60 1.00  time
  192.60   192.94 0.99  before
  192.94   193.20 1.00  putting
  193.20   193.34 1.00  it
  193.34   193.42 1.00  to
  193.42   193.62 1.00  work.
  194.26   194.48 0.99  This
  194.48   194.72 0.99  flow
  194.72   194.90 0.22  chart
  194.90   195.26 1.00  walks
  195.26   195.50 0.99  through
  195.50   195.66 0.99  a
  195.66   196.04 1.00  concrete
  196.04   196.48 1.00  example.
  197.38   197.40 0.98  Suppose
  197.40   197.58 1.00  you
  197.58   197.76 0.99  ask
  197.76   197.98 1.00  about
  197.98   198.14 1.00  a
  198.14   198.46 1.00  scholarship
  198.46   198.94 0.57  and
  198.94   199.06 1.00  the
  199.06   199.38 1.00  AI
  199.38   199.92 1.00  confidently
  199.92   200.32 1.00  claims
  200.32   200.54 0.99  the
  200.54   200.84 1.00  deadline
  200.84   201.10 1.00  is
  201.10   201.26 0.99  March
  201.26   201.96 0.84  1st.
  202.26   202.62 1.00  Because
  202.62   202.82 0.67  a
  202.82   203.14 1.00  scholarship
  203.14   203.42 1.00  is
  203.42   203.54 1.00  a
  203.54   203.72 1.00  high
  203.72   203.92 0.89  -stakes
  203.92   204.48 1.00  application,
  204.84   204.98 1.00  you
  204.98   205.22 1.00  check
  205.22   205.40 1.00  the
  205.40   205.66 1.00  sources.
  206.46   206.62 1.00  Both
  206.62   206.84 1.00  the
  206.84   207.18 0.83  official
  207.18   207.54 0.97  program
  207.54   207.86 1.00  page
  207.86   208.22 0.83  and
  208.22   208.38 0.98  the
  208.38   208.58 0.99  school
  208.58   209.00 1.00  calendar
  209.00   209.34 0.90  state
  209.34   209.52 0.97  the
  209.52   209.84 1.00  deadline
  209.84   210.12 1.00  is
  210.12   210.56 0.99  actually
  210.56   210.88 0.95  February
  210.88   212.04 0.81  15th.
  212.32   212.54 0.98  Faced
  212.54   212.70 1.00  with
  212.70   212.84 0.99  this
  212.84   213.24 1.00  contradiction,
  213.64   213.82 1.00  you
  213.82   213.98 1.00  must
  213.98   214.32 0.98  fix
  214.32   214.56 0.99  the
  214.56   214.88 0.98  AI's
  214.88   215.22 1.00  output.
  215.92   216.08 0.99  The
  216.08   216.42 1.00  external
  216.42   216.84 1.00  evidence
  216.84   217.18 1.00  clearly
  217.18   217.52 1.00  points
  217.52   217.74 1.00  to
  217.74   217.94 0.99  February
  217.94   218.82 0.99  15th.
  219.12   219.44 1.00  This
  219.44   219.88 1.00  demonstrates
  219.88   220.16 1.00  a
  220.16   220.38 1.00  strict
  220.38   220.70 1.00  rule
  220.70   220.90 1.00  for
  220.90   221.12 1.00  working
  221.12   221.36 1.00  with
  221.36   221.52 1.00  these
  221.52   221.74 1.00  tools.
  222.20   222.38 0.99  The
  222.38   222.80 1.00  AI's
  222.80   223.10 1.00  answer
  223.10   223.34 1.00  is
  223.34   223.64 1.00  not
  223.64   224.02 1.00  evidence
  224.02   224.22 0.99  in
  224.22   224.54 1.00  itself.
  225.32   225.64 0.94  AI
  225.64   225.92 1.00  is
  225.92   226.46 1.00  incredibly
  226.46   226.96 1.00  powerful,
  227.14   227.34 1.00  but
  227.34   227.48 1.00  it
  227.48   227.88 1.00  requires
  227.88   228.38 1.00  active
  228.38   228.84 1.00  management.
  229.36   229.58 0.99  The
  229.58   229.78 1.00  tool
  229.78   230.12 1.00  provides
  230.12   230.32 1.00  the
  230.32   230.68 1.00  answers,
  230.94   231.16 1.00  but
  231.16   231.54 0.98  you
  231.54   232.02 1.00  evaluate
  232.02   232.36 1.00  them.
  232.88   233.16 1.00  Before
  233.16   233.36 1.00  you
  233.36   233.64 1.00  use
  233.64   233.96 1.00  any
  233.96   234.34 1.00  AI
  234.34   234.74 1.00  output,
  234.74   235.46 0.14  read,
  236.02   236.56 1.00  understand,
  237.02   237.36 0.99  validate.
