# ai-is-different.mp4  1280x720  duration=5:22.47  step=0.5s  thr=45.0
# target: fixed 4 px at 720p (6 px at 1080p), Edit Spec section 5 (2026-09-26); widths are SOLID pixels at thr, true width is about +0.5
# time      color    stroke   L    R    T    B    bbox(x,y,w,h)
 0:32.00  violet     6.0   6.0  6.0  6.0  6.0   (480, 144, 322, 74)
 0:32.50  violet     6.0   6.0  6.0  6.0  6.0   (480, 144, 322, 74)
 0:33.00  violet     6.0   6.0  6.0  6.0  6.0   (480, 144, 322, 74)
 0:33.50  violet     6.0   6.0  6.0  6.0  6.0   (480, 144, 322, 74)
 0:34.00  violet     6.0   6.0  6.0  6.0  6.0   (480, 142, 322, 76)
 0:34.50  violet     6.0   6.0  6.0  6.0  6.0   (480, 142, 322, 76)
 0:35.00  violet     6.0   6.0  6.0  6.0  6.0   (480, 142, 322, 76)
 0:35.50  violet     6.0   6.0  6.0  6.0  6.0   (480, 142, 322, 76)
 0:36.00  blue       6.0   6.0  6.0  6.0  6.0   (458, 270, 366, 76)
 0:36.50  blue       6.0   6.0  6.0  6.0  6.0   (458, 270, 366, 76)
 0:37.00  blue       6.0   6.0  6.0  6.0  6.0   (458, 270, 366, 76)
 0:37.50  green      7.0   7.0  7.0  7.0  7.0   (145, 447, 433, 91)
 0:38.00  green      7.0   7.0  7.0  7.0  7.0   (144, 447, 434, 91)
 0:38.50  green      7.0   7.0  7.0  7.0  7.0   (144, 448, 434, 90)
 0:39.00  green      7.0   7.0  7.0  7.0  7.0   (143, 448, 435, 90)
 0:39.50  green      7.0   7.0  7.0  7.0  7.0   (143, 448, 435, 90)
 0:40.00  red        6.0   7.0  6.0  6.0  6.0   (638, 424, 530, 134)
 0:40.50  red        6.0   7.0  6.0  6.0  6.0   (638, 424, 530, 134)
 0:41.00  red        6.0   7.0  6.0  6.0  6.0   (638, 426, 532, 132)
 0:41.50  red        6.0   7.0  6.0  6.0  6.0   (638, 426, 532, 132)
 0:42.00  red        6.0   7.0  6.0  6.0  6.0   (638, 426, 532, 132)
 0:42.50  red        6.0   7.0  6.0  6.0  6.0   (638, 425, 532, 133)
 0:43.00  red        6.0   7.0  6.0  6.0  6.0   (638, 426, 534, 132)
 0:43.50  red        6.0   7.0  6.0  6.0  6.0   (638, 426, 534, 132)
 0:44.00  red        6.0   7.0  6.0  6.0  6.0   (638, 426, 534, 132)
 0:44.50  violet     6.0   6.0  6.0  6.0  6.0   (76, 602, 1130, 76)
 0:45.00  violet     6.0   6.0  6.0  6.0  6.0   (76, 602, 1130, 76)
 0:45.50  violet     6.0   6.0  6.0  6.0  6.0   (74, 602, 1132, 76)
 0:46.00  violet     6.0   6.0  6.0  6.0  6.0   (74, 602, 1132, 76)
 0:46.50  violet     6.0   6.0  6.0  6.0  6.0   (74, 604, 1134, 76)
 0:47.00  violet     6.0   6.0  6.0  6.0  6.0   (74, 604, 1134, 76)
 0:47.50  violet     6.0   6.0  6.0  6.0  6.0   (72, 604, 1136, 76)
 0:48.00  violet     6.0   6.0  6.0  6.0  6.0   (72, 604, 1136, 76)
 0:48.50  violet     6.0   6.0  6.0  6.0  6.0   (72, 604, 1138, 76)
 0:49.00  violet     6.0   6.0  6.0  6.0  6.0   (72, 604, 1138, 76)
 0:49.50  violet     6.0   6.0  6.0  6.0  6.0   (72, 604, 1138, 76)
 0:50.00  violet     6.0   6.0  6.0  6.0  6.0   (70, 604, 1140, 76)
 0:50.50  violet     6.0   6.0  6.0  6.0  6.0   (70, 604, 1140, 78)
 0:51.00  violet     6.0   6.0  6.0  6.0  6.0   (70, 604, 1140, 78)
 0:51.50  violet     6.0   6.0  6.0  6.0  6.0   (70, 604, 1142, 78)
 0:52.00  violet     6.0   6.0  6.0  6.0  6.0   (70, 604, 1142, 78)
 0:52.50  violet     6.0   6.0  6.0  6.0  6.0   (70, 606, 1142, 76)
 0:53.00  violet     6.0   6.0  6.0  6.0  6.0   (70, 606, 1142, 76)
 0:53.50  violet     6.0   6.0  6.0  6.0  6.0   (70, 606, 1142, 76)
 0:54.00  violet     6.0   6.0  6.0  6.0  6.0   (68, 606, 1144, 76)
 0:54.50  violet     6.0   6.0  6.0  6.0  6.0   (68, 606, 1144, 76)
 1:09.00  purple     6.0   6.0  6.0  6.0  6.0   (40, 130, 484, 236)
 1:09.50  purple     6.0   6.0  6.0  6.0  6.0   (40, 130, 484, 236)
 1:10.00  purple     6.0   6.0  6.0  6.0  6.0   (40, 130, 484, 236)
 1:10.50  purple     6.0   6.0  6.0  6.0  6.0   (40, 130, 484, 236)
 1:11.00  purple     6.0   6.0  6.0  6.0  6.0   (38, 130, 486, 236)
 1:11.50  purple     6.0   6.0  6.0  6.0  6.0   (38, 130, 486, 236)
 1:12.00  purple     6.0   6.0  6.0  6.0  6.0   (38, 130, 486, 236)
 1:12.50  purple     6.0   6.0  6.0  6.0  6.0   (38, 130, 486, 236)
 1:13.00  purple     6.0   6.0  6.0  6.0  6.0   (38, 130, 486, 236)
 1:13.50  purple     6.0   6.0  6.0  6.0  6.0   (36, 376, 488, 192)
 1:14.00  purple     6.0   6.0  6.0  6.0  6.0   (36, 376, 488, 194)
 1:14.50  purple     6.0   6.0  6.0  6.0  6.0   (36, 376, 486, 194)
 1:15.00  purple     6.0   6.0  6.0  6.0  6.0   (36, 376, 486, 194)
 1:15.50  purple     6.0   6.0  6.0  6.0  6.0   (36, 376, 486, 194)
 1:16.00  purple     6.0   6.0  6.0  6.0  6.0   (34, 376, 488, 194)
 1:16.50  purple     6.0   6.0  6.0  6.0  6.0   (34, 376, 488, 194)
 1:17.00  purple     6.0   6.0  6.0  6.0  6.0   (34, 376, 488, 194)
 1:17.50  purple     6.0   6.0  6.0  6.0  6.0   (34, 376, 488, 194)
 1:18.00  purple     6.0   6.0  6.0  6.0  6.0   (32, 376, 490, 194)
 1:18.50  purple     6.0   7.0  6.0  6.0  6.0   (32, 376, 490, 194)
 1:19.00  purple     6.0   6.0  6.0  6.0  6.0   (32, 376, 490, 194)
 1:19.50  purple     6.0   6.0  6.0  6.0  6.0   (32, 376, 490, 194)
 1:20.00  purple     6.0   6.0  6.0  6.0  6.0   (30, 376, 492, 196)
 1:20.50  purple     6.0   6.0  6.0  6.0  6.0   (30, 376, 492, 196)
 1:21.00  violet     6.0   6.0  6.0  6.0  6.0   (540, 246, 200, 166)
 1:21.50  violet     6.0   6.0  6.0  6.0  6.0   (540, 246, 200, 166)
 1:22.00  violet     6.0   6.0  6.0  6.0  6.0   (540, 246, 200, 166)
 1:22.50  violet     6.0   6.0  6.0  6.0  6.0   (540, 246, 200, 166)
 1:23.00  violet     6.0   6.0  6.0  6.0  6.0   (540, 246, 200, 166)
 1:23.50  violet     6.0   6.0  6.0  6.0  6.0   (540, 244, 200, 168)
 1:24.00  violet     6.0   6.0  6.0  6.0  6.0   (540, 244, 200, 168)
 1:24.50  violet     6.0   6.0  6.0  6.0  6.0   (540, 244, 200, 168)
 1:25.00  violet     6.0   6.0  6.0  6.0  6.0   (540, 244, 200, 168)
 1:25.50  violet     6.0   6.0  6.0  6.0  6.0   (540, 244, 200, 168)
 1:26.00  violet     6.0   6.0  6.0  6.0  6.0   (540, 244, 200, 168)
 1:26.50  amber      6.0   7.0  6.0  6.0  6.0   (760, 124, 497, 243)
 1:27.00  amber      7.0   7.0  6.0  7.0  7.0   (760, 124, 498, 243)
 1:27.50  amber      7.0   7.0  6.0  7.0  7.0   (760, 124, 498, 243)
 1:28.00  amber      7.0   7.0  6.0  7.0  7.0   (760, 124, 498, 243)
 1:28.50  amber      7.0   7.0  6.0  7.0  7.0   (760, 124, 498, 243)
 1:29.00  amber      7.0   7.0  6.0  7.0  7.0   (760, 124, 498, 243)
 1:29.50  amber      6.5   7.0  6.0  6.0  7.0   (760, 124, 498, 243)
 1:30.00  amber      6.5   7.0  6.0  6.0  7.0   (760, 124, 500, 243)
 1:30.50  amber      6.0   6.0  6.0  6.0  7.0   (762, 124, 498, 243)
 1:31.00  amber      7.0   7.0  6.0  7.0  7.0   (761, 376, 499, 199)
 1:31.50  amber      7.0   7.0  6.0  7.0  7.0   (761, 376, 499, 199)
 1:32.00  amber      7.0   7.0  6.0  7.0  7.0   (761, 376, 499, 199)
 1:32.50  amber      7.0   7.0  6.0  7.0  7.0   (761, 376, 499, 199)
 1:33.00  amber      7.0   7.0  6.0  7.0  7.0   (761, 376, 499, 199)
 1:33.50  amber      7.0   7.0  7.0  7.0  7.0   (761, 376, 501, 199)
 1:34.00  amber      7.0   7.0  7.0  7.0  7.0   (761, 376, 501, 199)
 1:34.50  amber      7.0   7.0  7.0  7.0  7.0   (761, 376, 501, 199)
 1:35.00  amber      6.0   6.0  6.0  7.0  6.0   (761, 376, 501, 199)
 1:35.50  amber      6.0   6.0  6.0  7.0  6.0   (761, 376, 501, 199)
 1:36.00  amber      6.0   6.0  6.0  7.0  6.0   (761, 376, 501, 199)
 1:36.50  amber      6.0   6.0  6.0  7.0  6.0   (761, 376, 501, 199)
 1:37.00  amber      6.0   6.0  6.0  7.0  6.0   (761, 376, 501, 199)
 2:12.50  purple     5.0   6.0  5.0  4.0  5.0   (278, 84, 729, 66)
 2:13.00  purple     4.5   6.0  5.0  4.0  4.0   (278, 84, 729, 66)
 2:13.50  purple     4.5   7.0  4.0  4.0  5.0   (185, 106, 911, 81)
 2:14.00  purple     5.0   6.0  4.0  5.0  5.0   (136, 117, 1008, 90)
 2:14.50  purple     5.0   6.0  4.0  5.0  5.0   (136, 117, 1008, 90)
 2:15.00  purple     5.0   6.0  4.0  5.0  5.0   (136, 117, 1008, 90)
 2:15.50  purple     5.0   6.0  4.0  5.0  5.0   (136, 117, 1008, 90)
 2:16.00  purple     5.0   6.0  4.0  5.0  5.0   (136, 117, 1008, 90)
 2:16.50  purple     5.0   6.0  4.0  5.0  5.0   (136, 117, 1008, 90)
 2:17.00  purple     5.0   6.0  4.0  5.0  5.0   (136, 117, 1008, 90)
 2:17.50  purple     5.0   6.0  4.0  5.0  5.0   (136, 117, 1008, 90)
 2:18.00  blue       4.0   4.0  4.0  4.0  4.0   (136, 214, 496, 506)
 2:18.50  blue       4.0   4.0  4.0  4.0  4.0   (336, 124, 494, 596)
 2:19.00  blue       4.0   4.0  4.0  4.0  4.0   (384, 42, 494, 638)
 2:19.50  blue       4.0   4.0  4.0  4.0  4.0   (384, 42, 494, 638)
 2:20.00  blue       4.0   4.0  4.0  4.0  4.0   (384, 42, 494, 638)
 2:20.50  blue       4.0   4.0  4.0  4.0  4.0   (384, 42, 494, 638)
 2:21.00  blue       4.0   4.0  4.0  4.0  4.0   (384, 42, 494, 638)
 2:21.50  blue       4.0   4.0  4.0  4.0  4.0   (384, 42, 494, 638)
 2:22.00  blue       4.0   4.0  4.0  4.0  4.0   (384, 42, 494, 638)
 2:22.50  blue       4.0   4.0  4.0  4.0  4.0   (384, 42, 494, 638)
 2:23.00  blue       4.0   4.0  4.0  4.0  4.0   (384, 42, 494, 638)
 2:23.50  blue       4.0   4.0  4.0  4.0  4.0   (392, 442, 480, 68)
 2:24.00  blue       4.0   4.0  4.0  4.0  4.0   (392, 442, 480, 68)
 2:24.50  blue       4.0   4.0  4.0  4.0  4.0   (392, 442, 480, 68)
 2:25.00  blue       4.0   4.0  4.0  4.0  4.0   (392, 442, 480, 68)
 2:25.50  blue       4.0   4.0  4.0  4.0  4.0   (392, 442, 480, 68)
 2:26.00  blue       4.0   4.0  4.0  4.0  4.0   (392, 442, 480, 68)
 2:26.50  blue       4.0   4.0  4.0  4.0  4.0   (392, 442, 480, 68)
 2:27.00  blue       4.0   4.0  4.0  4.0  4.0   (392, 512, 480, 68)
 2:27.50  blue       4.0   4.0  4.0  4.0  4.0   (392, 512, 480, 68)
 2:28.00  blue       4.0   4.0  4.0  4.0  4.0   (392, 512, 480, 68)
 2:28.50  blue       4.0   4.0  4.0  4.0  4.0   (392, 512, 480, 68)
 2:29.00  blue       4.0   4.0  4.0  4.0  4.0   (392, 512, 480, 68)
 2:29.50  blue       4.0   4.0  4.0  4.0  4.0   (392, 512, 480, 68)
 2:30.00  blue       4.0   4.0  4.0  4.0  4.0   (392, 582, 480, 68)
 2:30.50  blue       4.0   4.0  4.0  4.0  4.0   (392, 582, 480, 68)
 2:31.00  blue       4.0   4.0  4.0  4.0  4.0   (392, 582, 480, 68)
 2:31.50  blue       4.0   4.0  4.0  4.0  4.0   (392, 582, 480, 68)
 2:32.00  blue       4.0   4.0  4.0  4.0  4.0   (392, 582, 480, 68)
 2:32.50  blue       4.0   4.0  4.0  4.0  4.0   (392, 582, 480, 68)
 2:33.00  purple     4.0   4.0  4.0  4.0  4.0   (818, 41, 462, 639)
 2:33.50  purple     4.5   5.0  5.0  4.0  4.0   (403, 41, 496, 639)
 2:34.00  purple     4.0   4.0  4.0  4.0  4.0   (402, 41, 496, 639)
 2:34.50  purple     4.0   4.0  4.0  4.0  4.0   (402, 41, 496, 639)
 2:35.00  purple     4.0   4.0  4.0  4.0  4.0   (402, 41, 496, 639)
 2:35.50  purple     4.0   4.0  4.0  4.0  4.0   (411, 442, 479, 68)
 2:36.00  purple     4.0   4.0  4.0  4.0  4.0   (411, 442, 479, 68)
 2:36.50  purple     4.0   4.0  4.0  4.0  4.0   (411, 442, 479, 68)
 2:37.00  purple     4.0   4.0  4.0  4.0  4.0   (411, 442, 479, 68)
 2:37.50  purple     4.0   4.0  4.0  4.0  4.0   (411, 442, 479, 68)
 2:38.00  purple     4.0   4.0  4.0  4.0  4.0   (411, 442, 479, 68)
 2:38.50  purple     4.0   4.0  4.0  4.0  4.0   (411, 442, 479, 68)
 2:39.00  purple     4.0   4.0  4.0  4.0  4.0   (411, 442, 479, 68)
 2:39.50  purple     4.0   4.0  4.0  4.0  5.0   (411, 512, 479, 68)
 2:40.00  purple     4.0   4.0  4.0  4.0  5.0   (411, 512, 479, 68)
 2:40.50  purple     4.0   4.0  4.0  4.0  5.0   (411, 512, 479, 68)
 2:41.00  purple     4.0   4.0  4.0  4.0  5.0   (411, 512, 479, 68)
 2:41.50  purple     4.0   4.0  4.0  4.0  5.0   (411, 512, 479, 68)
 2:42.00  purple     4.0   4.0  4.0  4.0  5.0   (411, 512, 479, 68)
 2:42.50  purple     4.0   4.0  4.0  4.0  5.0   (411, 512, 479, 68)
 2:43.00  purple     4.0   4.0  4.0  4.0  5.0   (411, 512, 479, 68)
 2:43.50  purple     4.0   4.0  4.0  4.0  5.0   (411, 512, 479, 68)
 2:44.00  purple     4.0   4.0  4.0  4.0  5.0   (411, 512, 479, 68)
 2:44.50  purple     4.0   4.0  4.0  4.0  5.0   (411, 512, 479, 68)
 2:45.00  purple     4.0   4.0  4.0  4.0  5.0   (411, 512, 479, 68)
 2:45.50  purple     4.0   4.0  4.0  4.0  4.0   (411, 582, 479, 68)
 2:46.00  purple     4.0   4.0  4.0  4.0  4.0   (411, 582, 479, 68)
 2:46.50  purple     4.0   4.0  4.0  4.0  4.0   (411, 582, 479, 68)
 2:47.00  purple     4.0   4.0  4.0  4.0  4.0   (411, 582, 479, 68)
 2:47.50  purple     4.0   4.0  4.0  4.0  4.0   (411, 582, 479, 68)
 2:48.00  purple     4.0   4.0  4.0  4.0  4.0   (411, 582, 479, 68)
 2:48.50  purple     4.0   4.0  4.0  4.0  4.0   (558, 558, 398, 58)
 2:57.50  blue       4.0   4.0  4.0  4.0  4.0   (258, 88, 376, 524)
 2:58.00  blue       4.0   4.0  4.0  4.0  4.0   (258, 88, 376, 524)
 2:58.50  blue       4.0   4.0  4.0  4.0  4.0   (258, 88, 376, 524)
 2:59.00  blue       4.0   4.0  4.0  4.0  4.0   (258, 88, 376, 524)
 2:59.50  blue       4.0   4.0  4.0  4.0  4.0   (270, 76, 398, 552)
 3:00.00  blue       4.0   4.0  4.0  4.0  4.0   (314, 42, 460, 638)
 3:00.50  blue       4.0   4.0  4.0  4.0  4.0   (314, 42, 460, 638)
 3:01.00  blue       4.0   4.0  4.0  4.0  4.0   (314, 42, 460, 638)
 3:01.50  blue       4.0   4.0  4.0  4.0  4.0   (314, 42, 460, 638)
 3:02.00  blue       4.0   4.0  4.0  4.0  4.0   (314, 42, 460, 638)
 3:02.50  blue       4.0   4.0  4.0  4.0  4.0   (314, 42, 460, 638)
 3:03.00  blue       4.0   4.0  4.0  4.0  4.0   (314, 42, 460, 638)
 3:03.50  blue       4.0   4.0  4.0  4.0  4.0   (314, 42, 460, 638)
 3:10.50  blue       4.0   4.0  4.0  4.0  4.0   (314, 42, 460, 638)
 3:11.00  blue       4.0   4.0  4.0  4.0  4.0   (314, 42, 460, 638)
 3:11.50  blue       4.0   4.0  4.0  4.0  4.0   (314, 42, 460, 638)
 3:12.00  purple     4.0   4.0  4.0  4.0  5.0   (663, 41, 461, 639)
 3:12.50  purple     4.5   4.0  5.0  4.0  5.0   (508, 41, 461, 639)
 3:13.00  purple     4.5   4.0  5.0  4.0  5.0   (508, 41, 461, 639)
 3:13.50  purple     4.5   4.0  5.0  4.0  5.0   (508, 41, 461, 639)
 3:14.00  purple     4.5   4.0  5.0  4.0  5.0   (508, 41, 461, 639)
 3:14.50  purple     4.5   4.0  5.0  4.0  5.0   (508, 41, 461, 639)
 3:15.00  purple     4.5   4.0  5.0  4.0  5.0   (508, 41, 461, 639)
 3:15.50  purple     4.5   4.0  5.0  4.0  5.0   (508, 41, 461, 639)
 3:16.00  purple     4.5   4.0  5.0  4.0  5.0   (508, 41, 461, 639)
 3:16.50  purple     4.5   4.0  5.0  4.0  5.0   (508, 41, 461, 639)
 3:17.00  purple     4.5   4.0  5.0  4.0  5.0   (508, 41, 461, 639)
 3:17.50  purple     4.5   4.0  5.0  4.0  5.0   (508, 41, 461, 639)
 3:18.00  purple     4.5   4.0  5.0  4.0  5.0   (508, 41, 461, 639)
 3:18.50  purple     4.5   4.0  5.0  4.0  5.0   (508, 41, 461, 639)
 3:19.00  purple     4.0   4.0  5.0  4.0  4.0   (508, 41, 461, 639)
 3:19.50  purple     4.0   4.0  5.0  4.0  4.0   (508, 41, 461, 639)
 3:20.00  purple     4.0   4.0  5.0  4.0  4.0   (508, 41, 461, 639)
 3:20.50  purple     4.0   4.0  5.0  4.0  4.0   (508, 41, 461, 639)
 3:21.00  purple     4.0   4.0  5.0  4.0  4.0   (508, 41, 461, 639)
 3:21.50  purple     4.0   4.0  5.0  4.0  4.0   (508, 41, 461, 639)
 3:22.00  purple     4.0   4.0  5.0  4.0  4.0   (508, 41, 461, 639)
 3:22.50  purple     4.0   4.0  5.0  4.0  4.0   (508, 41, 461, 639)
 3:23.00  purple     4.0   4.0  5.0  4.0  4.0   (508, 41, 461, 639)
 3:30.00  gold       2.0   2.0  2.0  2.0  2.0   (740, 336, 434, 66)
 4:15.00  blue       6.5   7.0  7.0  6.0  6.0   (28, 130, 398, 428)
 4:15.50  blue       6.5   7.0  7.0  6.0  6.0   (28, 130, 398, 428)
 4:16.00  blue       6.5   7.0  7.0  6.0  6.0   (28, 130, 398, 428)
 4:16.50  blue       6.5   7.0  7.0  6.0  6.0   (28, 130, 398, 428)
 4:17.00  blue       6.5   7.0  7.0  6.0  6.0   (28, 130, 398, 428)
 4:17.50  blue       6.5   7.0  7.0  6.0  6.0   (28, 130, 398, 428)
 4:18.00  blue       6.5   7.0  7.0  6.0  6.0   (28, 130, 398, 428)
 4:18.50  blue       6.5   7.0  7.0  6.0  6.0   (28, 130, 398, 428)
 4:19.00  blue       6.5   7.0  7.0  6.0  6.0   (28, 130, 398, 428)
 4:19.50  blue       6.0   7.0  6.0  6.0  6.0   (28, 130, 398, 428)
 4:20.00  blue       6.0   7.0  6.0  6.0  6.0   (28, 130, 398, 428)
 4:20.50  blue       6.0   7.0  6.0  6.0  6.0   (28, 130, 398, 428)
 4:21.00  blue       6.0   7.0  6.0  6.0  6.0   (28, 130, 398, 428)
 4:21.50  blue       6.0   7.0  6.0  6.0  6.0   (28, 130, 398, 428)
 4:22.00  blue       6.0   7.0  6.0  6.0  6.0   (28, 130, 398, 428)
 4:22.50  blue       6.0   7.0  6.0  6.0  6.0   (28, 130, 398, 428)
 4:23.00  blue       6.0   7.0  6.0  6.0  6.0   (28, 130, 398, 428)
 4:23.50  blue       6.0   7.0  6.0  6.0  6.0   (28, 130, 398, 428)
 4:24.00  blue       6.0   7.0  6.0  6.0  6.0   (28, 130, 398, 428)
 4:24.50  blue       6.0   7.0  6.0  6.0  6.0   (28, 130, 398, 428)
 4:25.00  purple     6.0   7.0  6.0  6.0  6.0   (442, 129, 396, 429)
 4:25.50  purple     6.0   7.0  6.0  6.0  6.0   (442, 129, 396, 429)
 4:26.00  purple     6.0   7.0  6.0  6.0  6.0   (442, 129, 396, 429)
 4:26.50  purple     6.0   7.0  6.0  6.0  6.0   (442, 129, 396, 429)
 4:27.00  purple     6.0   7.0  6.0  6.0  6.0   (442, 129, 396, 429)
 4:27.50  purple     6.5   7.0  6.0  7.0  6.0   (442, 129, 397, 429)
 4:28.00  purple     6.5   7.0  6.0  7.0  6.0   (442, 129, 397, 429)
 4:28.50  purple     6.5   7.0  6.0  7.0  6.0   (442, 129, 397, 429)
 4:29.00  purple     6.5   7.0  6.0  7.0  6.0   (442, 129, 397, 429)
 4:29.50  purple     6.5   7.0  6.0  7.0  6.0   (442, 129, 397, 429)
 4:30.00  purple     6.5   7.0  6.0  7.0  6.0   (442, 129, 397, 429)
 4:30.50  purple     6.5   7.0  6.0  7.0  6.0   (442, 129, 397, 429)
 4:31.00  purple     6.5   7.0  6.0  7.0  6.0   (442, 129, 397, 429)
 4:31.50  purple     6.5   7.0  6.0  7.0  6.0   (442, 129, 397, 429)
 4:32.00  purple     6.5   7.0  6.0  7.0  6.0   (442, 129, 397, 429)
 4:32.50  purple     6.5   7.0  6.0  7.0  6.0   (442, 129, 397, 429)
 4:33.00  purple     6.5   7.0  6.0  7.0  6.0   (442, 129, 397, 429)
 4:33.50  purple     6.5   7.0  6.0  7.0  6.0   (442, 129, 397, 429)
 4:34.00  purple     6.5   7.0  6.0  7.0  6.0   (442, 129, 397, 429)
 4:34.50  purple     6.5   7.0  6.0  7.0  6.0   (442, 129, 397, 429)
 4:35.00  teal       7.0   7.0  7.0  7.0  7.0   (855, 129, 398, 429)
 4:35.50  teal       7.0   7.0  7.0  7.0  7.0   (855, 129, 398, 429)
 4:36.00  teal       7.0   7.0  7.0  7.0  7.0   (855, 129, 398, 429)
 4:36.50  teal       7.0   7.0  7.0  7.0  7.0   (855, 129, 398, 429)
 4:37.00  teal       7.0   7.0  7.0  7.0  7.0   (855, 129, 398, 429)
 4:37.50  teal       7.0   7.0  7.0  7.0  7.0   (855, 129, 398, 429)
 4:38.00  teal       7.0   7.0  7.0  7.0  7.0   (855, 129, 398, 429)
 4:38.50  teal       7.0   7.0  7.0  7.0  7.0   (855, 129, 398, 429)
 4:39.00  teal       7.0   7.0  7.0  7.0  7.0   (855, 129, 398, 429)
 4:39.50  teal       7.0   7.0  7.0  7.0  7.0   (855, 129, 398, 429)
 4:40.00  teal       7.0   7.0  7.0  7.0  7.0   (855, 129, 398, 429)
 4:40.50  teal       7.0   7.0  7.0  7.0  7.0   (855, 129, 398, 429)
 4:41.00  teal       7.0   7.0  7.0  7.0  7.0   (855, 129, 398, 429)
 4:41.50  teal       7.0   7.0  7.0  7.0  7.0   (855, 129, 398, 429)
 4:42.00  teal       7.0   7.0  7.0  7.0  7.0   (855, 129, 398, 429)
 4:42.50  teal       7.0   7.0  7.0  7.0  7.0   (855, 129, 398, 429)
 4:43.00  teal       7.0   7.0  7.0  7.0  7.0   (855, 129, 398, 429)
 4:43.50  teal       7.0   7.0  7.0  7.0  7.0   (855, 129, 398, 429)
 4:44.00  teal       7.0   7.0  7.0  7.0  7.0   (855, 129, 398, 429)
 4:44.50  teal       7.0   7.0  7.0  7.0  7.0   (855, 129, 398, 429)
 4:45.00  teal       7.0   7.0  7.0  7.0  7.0   (855, 129, 398, 429)
 4:45.50  teal       7.0   7.0  7.0  7.0  7.0   (855, 129, 398, 429)
 4:46.00  violet     6.0   6.0  6.0  6.0  6.0   (28, 580, 1226, 82)
 4:46.50  violet     6.0   6.0  6.0  6.0  6.0   (28, 580, 1226, 82)
 4:47.00  violet     6.0   6.0  6.0  6.0  6.0   (28, 580, 1226, 82)
 4:47.50  violet     6.0   6.0  6.0  6.0  6.0   (28, 580, 1226, 82)
 4:48.00  violet     6.0   6.0  6.0  6.0  6.0   (28, 580, 1226, 82)
 4:48.50  violet     6.0   6.0  6.0  6.0  6.0   (28, 580, 1226, 82)
 4:49.00  violet     6.0   6.0  6.0  6.0  6.0   (28, 580, 1226, 82)
 4:49.50  violet     6.0   6.0  6.0  6.0  6.0   (28, 580, 1226, 82)
 4:50.00  violet     6.0   6.0  6.0  6.0  6.0   (28, 580, 1226, 82)
 4:50.50  violet     6.0   6.0  6.0  6.0  6.0   (28, 580, 1226, 82)
 4:51.00  violet     6.0   6.0  6.0  6.0  6.0   (28, 580, 1226, 82)
 4:51.50  violet     6.0   6.0  6.0  6.0  6.0   (28, 580, 1226, 82)
 4:52.00  violet     6.0   6.0  6.0  6.0  6.0   (28, 580, 1226, 82)
 4:52.50  violet     6.0   6.0  6.0  6.0  6.0   (28, 580, 1226, 82)

# 292 ring samples in 35 runs; stroke histogram (rounded px): 2 px: 1, 4 px: 103, 5 px: 9, 6 px: 139, 7 px: 40
# runs (start, end, color, median stroke, min-max, samples)
 0:32.00 -  0:35.50  violet    6.0   6.0- 6.0    8
 0:36.00 -  0:37.00  blue      6.0   6.0- 6.0    3
 0:37.50 -  0:39.50  green     7.0   7.0- 7.0    5
 0:40.00 -  0:44.00  red       6.0   6.0- 6.0    9
 0:44.50 -  0:54.50  violet    6.0   6.0- 6.0   21
 1:09.00 -  1:13.00  purple    6.0   6.0- 6.0    9
 1:13.50 -  1:20.50  purple    6.0   6.0- 6.0   15
 1:21.00 -  1:26.00  violet    6.0   6.0- 6.0   11
 1:26.50 -  1:30.50  amber     7.0   6.0- 7.0    9
 1:31.00 -  1:37.00  amber     7.0   6.0- 7.0   13
 2:12.50 -  2:13.00  purple    4.8   4.5- 5.0    2
 2:13.50 -  2:13.50  purple    4.5   4.5- 4.5    1
 2:14.00 -  2:17.50  purple    5.0   5.0- 5.0    8
 2:18.00 -  2:18.00  blue      4.0   4.0- 4.0    1
 2:18.50 -  2:18.50  blue      4.0   4.0- 4.0    1
 2:19.00 -  2:23.00  blue      4.0   4.0- 4.0    9
 2:23.50 -  2:26.50  blue      4.0   4.0- 4.0    7
 2:27.00 -  2:29.50  blue      4.0   4.0- 4.0    6
 2:30.00 -  2:32.50  blue      4.0   4.0- 4.0    6
 2:33.00 -  2:33.00  purple    4.0   4.0- 4.0    1
 2:33.50 -  2:35.00  purple    4.0   4.0- 4.5    4
 2:35.50 -  2:39.00  purple    4.0   4.0- 4.0    8
 2:39.50 -  2:45.00  purple    4.0   4.0- 4.0   12
 2:45.50 -  2:48.00  purple    4.0   4.0- 4.0    6
 2:48.50 -  2:48.50  purple    4.0   4.0- 4.0    1
 2:57.50 -  2:59.50  blue      4.0   4.0- 4.0    5
 3:00.00 -  3:03.50  blue      4.0   4.0- 4.0    8
 3:10.50 -  3:11.50  blue      4.0   4.0- 4.0    3
 3:12.00 -  3:12.00  purple    4.0   4.0- 4.0    1
 3:12.50 -  3:23.00  purple    4.5   4.0- 4.5   22
 3:30.00 -  3:30.00  gold      2.0   2.0- 2.0    1
 4:15.00 -  4:24.50  blue      6.0   6.0- 6.5   20
 4:25.00 -  4:34.50  purple    6.5   6.0- 6.5   20
 4:35.00 -  4:45.50  teal      7.0   7.0- 7.0   22
 4:46.00 -  4:52.50  violet    6.0   6.0- 6.0   14
