# your-home-base.mp4  1280x720  duration=3:58.93  step=0.5s  thr=45.0
# target: fixed 4 px at 720p (6 px at 1080p), Edit Spec section 5 (2026-09-26); widths are SOLID pixels at thr, true width is about +0.5
# time      color    stroke   L    R    T    B    bbox(x,y,w,h)
 1:16.50  green      7.0   7.0  7.0  7.0  7.0   (175, 98, 304, 576)
 1:17.00  green      7.0   7.0  7.0  7.0  7.0   (175, 98, 304, 576)
 1:17.50  green      7.0   7.0  7.0  7.0  7.0   (175, 98, 304, 576)
 1:18.00  green      7.0   7.0  7.0  7.0  7.0   (175, 98, 304, 576)
 1:18.50  green      7.0   7.0  7.0  7.0  7.0   (175, 98, 304, 576)
 1:19.00  green      7.0   7.0  7.0  7.0  7.0   (175, 98, 304, 576)
 1:19.50  green      7.0   7.0  7.0  7.0  7.0   (175, 98, 304, 576)
 1:20.00  green      7.0   7.0  7.0  7.0  7.0   (175, 352, 304, 210)
 1:20.50  green      7.0   7.0  7.0  7.0  7.0   (175, 352, 304, 210)
 1:21.00  green      7.0   7.0  7.0  7.0  7.0   (175, 352, 304, 210)
 1:21.50  green      7.0   7.0  7.0  7.0  7.0   (175, 352, 304, 210)
 1:22.00  green      7.0   7.0  7.0  7.0  7.0   (175, 352, 304, 210)
 1:22.50  green      7.0   7.0  7.0  7.0  7.0   (175, 352, 304, 210)
 1:23.00  green      7.0   7.0  7.0  7.0  7.0   (175, 352, 304, 210)
 1:23.50  green      7.0   7.0  7.0  7.0  7.0   (175, 352, 304, 210)
 1:24.00  green      7.0   7.0  7.0  7.0  7.0   (175, 352, 304, 210)
 1:24.50  green      7.0   7.0  7.0  7.0  7.0   (175, 352, 304, 210)
 1:25.00  green      7.0   7.0  7.0  7.0  7.0   (175, 352, 304, 210)
 1:25.50  green      7.0   7.0  7.0  7.0  7.0   (175, 352, 304, 210)
 1:26.00  green      7.0   7.0  7.0  7.0  7.0   (175, 352, 304, 210)
 1:26.50  green      7.0   7.0  7.0  7.0  7.0   (175, 352, 304, 210)
 1:27.00  green      7.0   7.0  7.0  7.0  7.0   (175, 352, 304, 210)
 1:27.50  green      7.0   7.0  7.0  7.0  7.0   (175, 352, 304, 210)
 1:28.00  green      7.0   7.0  7.0  7.0  7.0   (175, 352, 304, 210)
 1:28.50  green      7.0   7.0  7.0  7.0  7.0   (175, 352, 304, 210)
 1:29.00  green      7.0   7.0  7.0  7.0  7.0   (175, 352, 304, 210)
 1:29.50  green      7.0   7.0  7.0  7.0  7.0   (175, 352, 304, 210)
 1:30.00  green      7.0   7.0  7.0  7.0  7.0   (175, 352, 304, 210)
 1:30.50  green      7.0   7.0  7.0  7.0  7.0   (175, 352, 304, 210)
 1:31.00  green      7.0   7.0  7.0  7.0  7.0   (175, 352, 304, 210)
 1:31.50  green      7.0   7.0  7.0  7.0  7.0   (175, 352, 304, 210)
 1:32.00  green      7.0   7.0  7.0  7.0  7.0   (175, 551, 304, 123)
 1:32.50  green      7.0   7.0  7.0  7.0  7.0   (175, 551, 304, 123)
 1:33.00  green      7.0   7.0  7.0  7.0  7.0   (175, 551, 304, 123)
 1:33.50  green      7.0   7.0  7.0  7.0  7.0   (175, 551, 304, 123)
 1:34.00  green      7.0   7.0  7.0  7.0  7.0   (175, 551, 304, 123)
 1:34.50  green      7.0   7.0  7.0  7.0  7.0   (175, 551, 304, 123)
 1:35.00  green      7.0   7.0  7.0  7.0  7.0   (175, 551, 304, 123)
 1:35.50  green      7.0   7.0  7.0  7.0  7.0   (175, 551, 304, 123)
 1:36.00  purple     6.5   7.0  6.0  7.0  6.0   (489, 98, 302, 576)
 1:36.50  purple     6.5   7.0  6.0  7.0  6.0   (489, 98, 302, 576)
 1:37.00  purple     6.5   7.0  6.0  7.0  6.0   (489, 98, 302, 576)
 1:37.50  purple     6.5   7.0  6.0  7.0  6.0   (489, 98, 302, 576)
 1:38.00  purple     6.0   6.0  6.0  6.0  6.0   (489, 352, 302, 210)
 1:38.50  purple     6.0   6.0  6.0  6.0  6.0   (489, 352, 302, 210)
 1:39.00  purple     6.0   6.0  6.0  6.0  6.0   (489, 352, 302, 210)
 1:39.50  purple     6.0   6.0  6.0  6.0  6.0   (489, 352, 302, 210)
 1:40.00  purple     6.0   6.0  6.0  6.0  6.0   (489, 352, 302, 210)
 1:40.50  purple     6.0   6.0  6.0  6.0  6.0   (489, 352, 302, 210)
 1:41.00  purple     6.0   6.0  6.0  6.0  6.0   (489, 352, 302, 210)
 1:41.50  purple     6.0   6.0  6.0  6.0  6.0   (489, 352, 302, 210)
 1:42.00  purple     6.0   6.0  6.0  6.0  6.0   (489, 352, 302, 210)
 1:42.50  purple     6.0   6.0  6.0  6.0  6.0   (489, 352, 302, 210)
 1:43.00  purple     6.0   6.0  6.0  6.0  6.0   (489, 352, 302, 210)
 1:43.50  purple     6.0   6.0  6.0  6.0  6.0   (489, 352, 302, 210)
 1:44.00  purple     6.0   6.0  6.0  6.0  6.0   (489, 352, 302, 210)
 1:44.50  purple     6.0   6.0  6.0  6.0  6.0   (489, 352, 302, 210)
 1:45.00  purple     6.0   6.0  6.0  6.0  6.0   (489, 352, 302, 210)
 1:45.50  purple     6.0   6.0  6.0  6.0  6.0   (489, 352, 302, 210)
 1:46.00  purple     6.0   6.0  6.0  6.0  6.0   (489, 352, 302, 210)
 1:46.50  purple     6.0   6.0  6.0  6.0  6.0   (489, 352, 302, 210)
 1:47.00  purple     6.0   6.0  6.0  6.0  6.0   (489, 352, 302, 210)
 1:47.50  purple     6.0   6.0  6.0  6.0  6.0   (489, 352, 302, 210)
 1:48.00  purple     6.0   6.0  6.0  6.0  6.0   (489, 352, 302, 210)
 1:48.50  purple     6.0   6.0  6.0  6.0  6.0   (489, 352, 302, 210)
 1:49.00  purple     6.0   6.0  6.0  6.0  6.0   (489, 352, 302, 210)
 1:49.50  purple     6.0   6.0  7.0  6.0  6.0   (489, 552, 302, 122)
 1:50.00  purple     6.0   6.0  7.0  6.0  6.0   (489, 552, 302, 122)
 1:50.50  purple     6.0   6.0  7.0  6.0  6.0   (489, 552, 302, 122)
 1:51.00  purple     6.0   6.0  7.0  6.0  6.0   (489, 552, 302, 122)
 1:51.50  purple     6.0   6.0  7.0  6.0  6.0   (489, 552, 302, 122)
 1:52.00  purple     6.0   6.0  7.0  6.0  6.0   (489, 552, 302, 122)
 1:52.50  purple     6.0   6.0  7.0  6.0  6.0   (489, 552, 302, 122)
 1:53.00  blue       6.0   6.0  6.0  6.0  6.0   (802, 98, 302, 576)
 1:53.50  blue       6.0   6.0  6.0  6.0  6.0   (802, 98, 302, 576)
 1:54.00  blue       6.0   6.0  6.0  6.0  6.0   (802, 98, 302, 576)
 1:54.50  blue       6.0   6.0  6.0  6.0  6.0   (802, 352, 302, 210)
 1:55.00  blue       6.0   6.0  6.0  6.0  6.0   (802, 352, 302, 210)
 1:55.50  blue       6.0   6.0  6.0  6.0  6.0   (802, 352, 302, 210)
 1:56.00  blue       6.0   6.0  6.0  6.0  6.0   (802, 352, 302, 210)
 1:56.50  blue       6.0   6.0  6.0  6.0  6.0   (802, 352, 302, 210)
 1:57.00  blue       6.0   6.0  6.0  6.0  6.0   (802, 352, 302, 210)
 1:57.50  blue       6.0   6.0  6.0  6.0  6.0   (802, 352, 302, 210)
 1:58.00  blue       6.0   6.0  6.0  6.0  6.0   (802, 352, 302, 210)
 1:58.50  blue       6.0   6.0  6.0  6.0  6.0   (802, 352, 302, 210)
 1:59.00  blue       6.0   6.0  6.0  6.0  6.0   (802, 352, 302, 210)
 1:59.50  blue       6.0   6.0  6.0  6.0  6.0   (802, 352, 302, 210)
 2:00.00  blue       6.0   6.0  6.0  6.0  6.0   (802, 352, 302, 210)
 2:00.50  blue       6.0   6.0  6.0  6.0  6.0   (802, 352, 302, 210)
 2:01.00  blue       6.0   6.0  6.0  6.0  6.0   (802, 352, 302, 210)
 2:01.50  blue       6.0   6.0  6.0  6.0  6.0   (802, 352, 302, 210)
 2:02.00  blue       6.0   6.0  6.0  6.0  6.0   (802, 352, 302, 210)
 2:02.50  blue       6.0   6.0  6.0  6.0  6.0   (802, 352, 302, 210)
 2:03.00  blue       6.0   6.0  6.0  6.0  6.0   (802, 352, 302, 210)
 2:03.50  blue       6.0   6.0  6.0  6.0  6.0   (802, 352, 302, 210)
 2:04.00  blue       6.0   6.0  6.0  6.0  6.0   (802, 352, 302, 210)
 2:04.50  blue       6.0   6.0  6.0  6.0  6.0   (802, 352, 302, 210)
 2:05.00  blue       6.0   6.0  6.0  6.0  6.0   (802, 352, 302, 210)
 2:05.50  blue       6.0   6.0  6.0  6.0  6.0   (802, 352, 302, 210)
 2:06.00  blue       6.0   6.0  6.0  6.0  6.0   (802, 352, 302, 210)
 2:06.50  blue       6.0   6.0  6.0  6.0  6.0   (802, 552, 302, 122)
 2:07.00  blue       6.0   6.0  6.0  6.0  6.0   (802, 552, 302, 122)
 2:07.50  blue       6.0   6.0  6.0  6.0  6.0   (802, 552, 302, 122)
 2:08.00  blue       6.0   6.0  6.0  6.0  6.0   (802, 552, 302, 122)
 2:08.50  blue       6.0   6.0  6.0  6.0  6.0   (802, 552, 302, 122)
 2:09.00  blue       6.0   6.0  6.0  6.0  6.0   (802, 552, 302, 122)
 2:09.50  blue       6.0   6.0  6.0  6.0  6.0   (802, 552, 302, 122)
 3:23.00  green      7.0   7.0  7.0  7.0  7.0   (130, 106, 332, 565)
 3:23.50  green      7.0   7.0  7.0  7.0  7.0   (130, 106, 332, 565)
 3:24.00  green      7.0   7.0  7.0  7.0  7.0   (130, 106, 332, 565)
 3:24.50  green      7.0   7.0  7.0  7.0  7.0   (130, 106, 332, 565)
 3:25.00  green      7.0   7.0  7.0  7.0  7.0   (130, 106, 332, 565)
 3:25.50  green      7.0   7.0  7.0  7.0  7.0   (130, 106, 332, 565)
 3:26.00  green      7.0   7.0  7.0  7.0  7.0   (130, 106, 332, 565)
 3:26.50  green      7.0   7.0  7.0  7.0  7.0   (130, 106, 332, 565)
 3:27.00  green      7.0   7.0  7.0  7.0  7.0   (130, 106, 332, 565)
 3:27.50  green      7.0   7.0  7.0  7.0  7.0   (130, 106, 332, 565)
 3:28.00  green      7.0   7.0  7.0  7.0  7.0   (130, 106, 332, 565)
 3:28.50  green      7.0   7.0  7.0  7.0  7.0   (130, 106, 332, 565)
 3:29.00  green      7.0   7.0  7.0  7.0  7.0   (130, 106, 332, 565)
 3:29.50  green      7.0   7.0  7.0  7.0  7.0   (130, 106, 332, 565)
 3:30.00  green      7.0   7.0  7.0  7.0  7.0   (130, 106, 332, 565)
 3:30.50  green      7.0   7.0  7.0  7.0  7.0   (130, 106, 332, 565)
 3:31.00  green      7.0   7.0  7.0  7.0  7.0   (130, 106, 332, 565)
 3:31.50  green      7.0   7.0  7.0  7.0  7.0   (130, 106, 332, 565)
 3:32.00  green      7.0   7.0  7.0  7.0  7.0   (130, 106, 332, 565)
 3:32.50  purple     6.5   6.0  6.0  7.0  7.0   (474, 106, 332, 565)
 3:33.00  purple     6.5   6.0  6.0  7.0  7.0   (474, 106, 332, 565)
 3:33.50  purple     6.5   6.0  6.0  7.0  7.0   (474, 106, 332, 565)
 3:34.00  purple     6.5   6.0  6.0  7.0  7.0   (474, 106, 332, 565)
 3:34.50  purple     6.5   6.0  6.0  7.0  7.0   (474, 106, 332, 565)
 3:35.00  purple     6.5   6.0  6.0  7.0  7.0   (474, 106, 332, 565)
 3:35.50  purple     6.5   6.0  6.0  7.0  7.0   (474, 106, 332, 565)
 3:36.00  purple     6.5   6.0  6.0  7.0  7.0   (474, 106, 332, 565)
 3:36.50  purple     6.5   6.0  6.0  7.0  7.0   (474, 106, 332, 565)
 3:37.00  purple     6.5   6.0  6.0  7.0  7.0   (474, 106, 332, 565)
 3:37.50  purple     6.5   6.0  6.0  7.0  7.0   (474, 106, 332, 565)
 3:38.00  purple     6.5   6.0  6.0  7.0  7.0   (474, 106, 332, 565)
 3:38.50  purple     6.5   6.0  6.0  7.0  7.0   (474, 106, 332, 565)
 3:39.00  purple     6.5   6.0  6.0  7.0  7.0   (474, 106, 332, 565)
 3:39.50  purple     6.5   6.0  6.0  7.0  7.0   (474, 106, 332, 565)
 3:40.00  blue       6.0   6.0  6.0  6.0  6.0   (820, 106, 330, 564)
 3:40.50  blue       6.0   6.0  6.0  6.0  6.0   (820, 106, 330, 564)
 3:41.00  blue       6.0   6.0  6.0  6.0  6.0   (820, 106, 330, 564)
 3:41.50  blue       6.0   6.0  6.0  6.0  6.0   (820, 106, 330, 564)
 3:42.00  blue       6.0   6.0  6.0  6.0  6.0   (820, 106, 330, 564)
 3:42.50  blue       6.0   6.0  6.0  6.0  6.0   (820, 106, 330, 564)
 3:43.00  blue       6.0   6.0  6.0  6.0  6.0   (820, 106, 330, 564)
 3:43.50  blue       6.0   6.0  6.0  6.0  6.0   (820, 106, 330, 564)
 3:44.00  blue       6.0   6.0  6.0  6.0  6.0   (820, 106, 330, 564)
 3:44.50  blue       6.0   6.0  6.0  6.0  6.0   (820, 106, 330, 564)
 3:45.00  blue       6.0   6.0  6.0  6.0  6.0   (820, 106, 330, 564)
 3:45.50  blue       6.0   6.0  6.0  6.0  6.0   (820, 106, 330, 564)
 3:46.00  blue       6.0   6.0  6.0  6.0  6.0   (820, 106, 330, 564)
 3:46.50  blue       6.0   6.0  6.0  6.0  6.0   (820, 106, 330, 564)
 3:47.00  blue       6.0   6.0  6.0  6.0  6.0   (820, 106, 330, 564)
 3:47.50  blue       6.0   6.0  6.0  6.0  6.0   (820, 106, 330, 564)
 3:48.00  blue       6.0   6.0  6.0  6.0  6.0   (820, 106, 330, 564)

# 158 ring samples in 12 runs; stroke histogram (rounded px): 6 px: 100, 7 px: 58
# runs (start, end, color, median stroke, min-max, samples)
 1:16.50 -  1:19.50  green     7.0   7.0- 7.0    7
 1:20.00 -  1:31.50  green     7.0   7.0- 7.0   24
 1:32.00 -  1:35.50  green     7.0   7.0- 7.0    8
 1:36.00 -  1:37.50  purple    6.5   6.5- 6.5    4
 1:38.00 -  1:49.00  purple    6.0   6.0- 6.0   23
 1:49.50 -  1:52.50  purple    6.0   6.0- 6.0    7
 1:53.00 -  1:54.00  blue      6.0   6.0- 6.0    3
 1:54.50 -  2:06.00  blue      6.0   6.0- 6.0   24
 2:06.50 -  2:09.50  blue      6.0   6.0- 6.0    7
 3:23.00 -  3:32.00  green     7.0   7.0- 7.0   19
 3:32.50 -  3:39.50  purple    6.5   6.5- 6.5   15
 3:40.00 -  3:48.00  blue      6.0   6.0- 6.0   17
