# context-window.mp4  1280x720  duration=4:25.47  step=0.5s  thr=45.0
# target: fixed 4 px at 720p (6 px at 1080p), Edit Spec section 5 (2026-09-26); widths are SOLID pixels at thr, true width is about +0.5
# time      color    stroke   L    R    T    B    bbox(x,y,w,h)
 0:17.00  violet     4.0   5.0  4.0  4.0  4.0   (236, 90, 808, 72)
 0:17.50  violet     4.0   5.0  4.0  4.0  4.0   (236, 90, 808, 72)
 0:18.00  violet     4.0   5.0  4.0  4.0  4.0   (236, 90, 808, 72)
 0:18.50  violet     4.0   5.0  4.0  4.0  4.0   (236, 90, 808, 72)
 0:19.00  violet     4.0   5.0  4.0  4.0  4.0   (236, 90, 808, 72)
 0:19.50  violet     4.0   5.0  4.0  4.0  4.0   (236, 90, 808, 72)
 0:20.00  blue       4.0   4.0  4.0  4.0  4.0   (238, 170, 396, 438)
 0:20.50  blue       4.0   4.0  4.0  4.0  4.0   (238, 170, 396, 438)
 0:21.00  blue       4.0   4.0  4.0  4.0  4.0   (238, 170, 396, 438)
 0:21.50  blue       4.0   4.0  4.0  4.0  4.0   (238, 170, 396, 438)
 0:22.00  blue       4.0   4.0  4.0  4.0  4.0   (238, 170, 396, 438)
 0:22.50  blue       4.0   4.0  4.0  4.0  4.0   (238, 170, 396, 438)
 0:23.00  blue       4.0   4.0  4.0  4.0  4.0   (238, 170, 396, 438)
 0:23.50  blue       4.0   4.0  4.0  4.0  4.0   (238, 170, 396, 438)
 0:24.00  blue       4.0   4.0  4.0  4.0  4.0   (238, 170, 396, 438)
 0:24.50  blue       4.0   4.0  4.0  4.0  4.0   (238, 170, 396, 438)
 0:25.00  blue       4.0   4.0  4.0  4.0  4.0   (238, 170, 396, 438)
 0:25.50  blue       4.0   4.0  4.0  4.0  4.0   (238, 170, 396, 438)
 0:26.00  blue       4.0   4.0  4.0  4.0  4.0   (238, 170, 396, 438)
 0:26.50  blue       4.0   4.0  4.0  4.0  4.0   (238, 170, 396, 438)
 0:27.00  blue       4.0   4.0  4.0  4.0  4.0   (238, 170, 396, 438)
 0:27.50  blue       4.0   4.0  4.0  4.0  4.0   (238, 170, 396, 438)
 0:28.00  blue       4.0   4.0  4.0  4.0  4.0   (238, 170, 396, 438)
 0:28.50  blue       4.0   4.0  4.0  4.0  4.0   (238, 170, 396, 438)
 0:29.00  blue       4.0   4.0  4.0  4.0  4.0   (238, 170, 396, 438)
 0:29.50  blue       4.0   4.0  4.0  4.0  4.0   (238, 170, 396, 438)
 0:30.00  blue       4.0   4.0  4.0  4.0  4.0   (238, 170, 396, 438)
 0:30.50  blue       4.0   4.0  4.0  4.0  4.0   (238, 170, 396, 438)
 0:31.00  blue       4.0   4.0  4.0  4.0  4.0   (238, 170, 396, 438)
 0:31.50  blue       4.0   4.0  4.0  4.0  4.0   (238, 170, 396, 438)
 0:32.00  blue       4.0   4.0  4.0  4.0  4.0   (238, 170, 396, 438)
 0:32.50  blue       4.0   4.0  4.0  4.0  4.0   (238, 170, 396, 438)
 0:33.00  blue       4.0   4.0  4.0  4.0  4.0   (238, 170, 396, 438)
 0:33.50  blue       4.0   4.0  4.0  4.0  4.0   (238, 170, 396, 438)
 0:34.00  blue       4.0   4.0  4.0  4.0  4.0   (646, 170, 396, 438)
 0:34.50  blue       4.0   4.0  4.0  4.0  4.0   (646, 170, 396, 438)
 0:35.00  blue       4.0   4.0  4.0  4.0  4.0   (646, 170, 396, 438)
 0:35.50  blue       4.0   4.0  4.0  4.0  4.0   (646, 170, 396, 438)
 0:36.00  blue       4.0   4.0  4.0  4.0  4.0   (646, 170, 396, 438)
 0:36.50  blue       4.0   4.0  4.0  4.0  4.0   (646, 170, 396, 438)
 0:37.00  blue       4.0   4.0  4.0  4.0  4.0   (646, 170, 396, 438)
 0:37.50  blue       4.0   4.0  4.0  4.0  4.0   (646, 170, 396, 438)
 0:38.00  blue       4.0   4.0  4.0  4.0  4.0   (646, 170, 396, 438)
 0:38.50  blue       4.0   4.0  4.0  4.0  4.0   (646, 170, 396, 438)
 0:39.00  blue       4.0   4.0  4.0  4.0  4.0   (646, 170, 396, 438)
 0:39.50  blue       4.0   4.0  4.0  4.0  4.0   (646, 170, 396, 438)
 0:40.00  blue       4.0   4.0  4.0  4.0  4.0   (646, 170, 396, 438)
 0:40.50  blue       4.0   4.0  4.0  4.0  4.0   (646, 170, 396, 438)
 0:41.00  blue       4.0   4.0  4.0  4.0  4.0   (646, 170, 396, 438)
 0:41.50  blue       4.0   4.0  4.0  4.0  4.0   (646, 170, 396, 438)
 0:42.00  blue       4.0   4.0  4.0  4.0  4.0   (646, 170, 396, 438)
 0:42.50  blue       4.0   4.0  4.0  4.0  4.0   (646, 170, 396, 438)
 0:43.00  blue       4.0   4.0  4.0  4.0  4.0   (646, 170, 396, 438)
 0:43.50  blue       4.0   4.0  4.0  4.0  4.0   (646, 170, 396, 438)
 0:44.00  blue       4.0   4.0  4.0  4.0  4.0   (646, 170, 396, 438)
 0:44.50  blue       4.0   4.0  4.0  4.0  4.0   (646, 170, 396, 438)
 0:45.00  blue       4.0   4.0  4.0  4.0  4.0   (646, 170, 396, 438)
 0:45.50  blue       4.0   4.0  4.0  4.0  4.0   (646, 170, 396, 438)
 0:46.00  blue       4.0   4.0  4.0  4.0  4.0   (646, 170, 396, 438)
 0:46.50  blue       4.0   4.0  4.0  4.0  4.0   (646, 170, 396, 438)
 0:47.00  blue       4.0   4.0  4.0  4.0  4.0   (646, 170, 396, 438)
 0:47.50  blue       4.0   4.0  4.0  4.0  4.0   (646, 170, 396, 438)
 0:48.00  blue       4.0   4.0  4.0  4.0  4.0   (646, 170, 396, 438)
 0:48.50  blue       4.0   4.0  4.0  4.0  4.0   (646, 170, 396, 438)
 0:49.00  violet     4.0   4.0  4.0  4.0  4.0   (236, 622, 808, 54)
 0:49.50  violet     4.0   4.0  4.0  4.0  4.0   (236, 622, 808, 54)
 0:50.00  violet     4.0   4.0  4.0  4.0  4.0   (236, 622, 808, 54)
 0:50.50  violet     4.0   4.0  4.0  4.0  4.0   (236, 622, 808, 54)
 0:51.00  violet     4.0   4.0  4.0  4.0  4.0   (236, 622, 808, 54)
 0:51.50  violet     4.0   4.0  4.0  4.0  4.0   (236, 622, 808, 54)
 0:52.00  violet     4.0   4.0  4.0  4.0  4.0   (236, 622, 808, 54)
 0:52.50  violet     4.0   4.0  4.0  4.0  4.0   (236, 622, 808, 54)
 0:53.00  violet     4.0   4.0  4.0  4.0  4.0   (236, 622, 808, 54)
 0:53.50  violet     4.0   4.0  4.0  4.0  4.0   (236, 622, 808, 54)
 0:54.00  violet     4.0   4.0  4.0  4.0  4.0   (236, 622, 808, 54)
 0:54.50  violet     4.0   4.0  4.0  4.0  4.0   (236, 622, 808, 54)
 0:55.00  violet     4.0   4.0  4.0  4.0  4.0   (236, 622, 808, 54)
 0:55.50  violet     4.0   4.0  4.0  4.0  4.0   (236, 622, 808, 54)
 0:56.00  violet     4.0   4.0  4.0  4.0  4.0   (236, 622, 808, 54)
 0:56.50  violet     4.0   4.0  4.0  4.0  4.0   (236, 622, 808, 54)
 0:57.00  violet     4.0   4.0  4.0  4.0  4.0   (236, 622, 808, 54)
 0:58.50  gold       2.5   2.0  2.0  4.0  3.0   (92, 162, 484, 144)
 0:59.00  gold       4.0   4.0  4.0  4.0  2.0   (90, 162, 488, 144)
 1:56.50  purple     4.0   4.0  4.0  4.0  4.0   (231, 259, 255, 187)
 1:57.00  purple     4.0   4.0  4.0  4.0  4.0   (274, 252, 300, 220)
 1:57.50  purple     4.0   4.0  4.0  4.0  4.0   (289, 250, 316, 232)
 1:58.00  purple     4.0   4.0  4.0  4.0  4.0   (289, 250, 316, 232)
 1:58.50  purple     4.0   4.0  4.0  4.0  4.0   (289, 250, 316, 232)
 1:59.00  purple     4.0   4.0  4.0  4.0  4.0   (289, 250, 316, 232)
 1:59.50  purple     4.0   4.0  4.0  4.0  4.0   (289, 250, 316, 232)
 2:00.00  purple     4.0   4.0  4.0  4.0  4.0   (289, 250, 316, 232)
 2:00.50  purple     4.0   4.0  4.0  4.0  4.0   (289, 250, 316, 232)
 2:01.00  purple     4.0   4.0  4.0  4.0  4.0   (289, 250, 316, 232)
 2:01.50  purple     4.0   4.0  4.0  4.0  4.0   (289, 250, 316, 232)
 2:02.00  purple     4.0   4.0  4.0  4.0  4.0   (289, 250, 316, 232)
 2:02.50  purple     4.0   4.0  4.0  4.0  4.0   (289, 250, 316, 232)
 2:03.00  purple     4.0   4.0  4.0  4.0  4.0   (289, 250, 316, 232)
 2:03.50  purple     4.0   4.0  4.0  4.0  4.0   (289, 250, 316, 232)
 2:04.00  purple     4.0   4.0  4.0  4.0  4.0   (289, 482, 316, 182)
 2:04.50  purple     4.0   4.0  4.0  4.0  4.0   (289, 482, 316, 182)
 2:05.00  purple     4.0   4.0  4.0  4.0  4.0   (289, 482, 316, 182)
 2:05.50  purple     4.0   4.0  4.0  4.0  4.0   (289, 482, 316, 182)
 2:06.00  purple     4.0   4.0  4.0  4.0  4.0   (289, 482, 316, 182)
 2:06.50  purple     4.0   4.0  4.0  4.0  4.0   (289, 482, 316, 182)
 2:07.00  purple     4.0   4.0  4.0  4.0  4.0   (289, 482, 316, 182)
 2:07.50  purple     4.0   4.0  4.0  4.0  4.0   (289, 482, 316, 182)
 2:08.00  purple     4.0   4.0  4.0  4.0  4.0   (289, 482, 316, 182)
 2:08.50  purple     4.0   4.0  4.0  4.0  4.0   (289, 482, 316, 182)
 2:09.00  purple     4.0   4.0  4.0  4.0  4.0   (289, 482, 316, 182)
 2:09.50  purple     4.0   4.0  4.0  4.0  4.0   (289, 482, 316, 182)
 2:10.00  purple     4.0   4.0  4.0  4.0  4.0   (289, 482, 316, 182)
 2:10.50  purple     4.0   4.0  4.0  4.0  4.0   (289, 482, 316, 182)
 2:11.00  purple     4.0   4.0  4.0  4.0  4.0   (289, 482, 316, 182)
 2:11.50  purple     4.0   4.0  4.0  4.0  4.0   (289, 482, 316, 182)
 2:12.00  blue       4.0   4.0  4.0  4.0  4.0   (642, 250, 316, 232)
 2:12.50  blue       4.0   4.0  4.0  4.0  4.0   (526, 250, 316, 232)
 2:13.00  blue       4.0   4.0  4.0  4.0  4.0   (482, 250, 316, 232)
 2:13.50  blue       4.0   4.0  4.0  4.0  4.0   (482, 250, 316, 232)
 2:14.00  blue       4.0   4.0  4.0  4.0  4.0   (482, 250, 317, 232)
 2:14.50  blue       4.0   4.0  4.0  4.0  4.0   (482, 250, 317, 232)
 2:15.00  blue       4.0   4.0  4.0  4.0  4.0   (482, 250, 317, 232)
 2:15.50  blue       4.0   4.0  4.0  4.0  4.0   (482, 250, 317, 232)
 2:16.00  blue       4.0   4.0  4.0  4.0  4.0   (482, 250, 317, 232)
 2:16.50  blue       4.0   4.0  4.0  4.0  4.0   (482, 250, 317, 232)
 2:17.00  blue       4.0   4.0  4.0  4.0  4.0   (482, 250, 317, 232)
 2:17.50  blue       4.0   4.0  4.0  4.0  4.0   (482, 250, 317, 232)
 2:18.00  blue       4.0   4.0  4.0  4.0  4.0   (482, 250, 317, 232)
 2:18.50  blue       4.0   4.0  4.0  4.0  4.0   (482, 250, 317, 232)
 2:19.00  blue       4.0   4.0  4.0  4.0  4.0   (482, 250, 317, 232)
 2:19.50  blue       4.0   4.0  4.0  4.0  4.0   (482, 250, 317, 232)
 2:20.00  blue       4.0   4.0  4.0  4.0  4.0   (482, 250, 317, 232)
 2:20.50  blue       4.0   4.0  4.0  4.0  4.0   (482, 250, 317, 232)
 2:21.00  blue       4.0   4.0  4.0  4.0  4.0   (482, 482, 317, 182)
 2:21.50  blue       4.0   4.0  4.0  4.0  4.0   (482, 482, 317, 182)
 2:22.00  blue       4.0   4.0  4.0  4.0  4.0   (482, 482, 317, 182)
 2:22.50  blue       4.0   4.0  4.0  4.0  4.0   (482, 482, 317, 182)
 2:23.00  blue       4.0   4.0  4.0  4.0  4.0   (482, 482, 317, 182)
 2:23.50  blue       4.0   4.0  4.0  4.0  4.0   (482, 482, 317, 182)
 2:24.00  blue       4.0   4.0  4.0  4.0  4.0   (482, 482, 317, 182)
 2:24.50  blue       4.0   4.0  4.0  4.0  4.0   (482, 482, 317, 182)
 2:25.00  blue       4.0   4.0  4.0  4.0  4.0   (482, 482, 317, 182)
 2:25.50  blue       4.0   4.0  4.0  4.0  4.0   (482, 482, 317, 182)
 2:26.00  blue       4.0   4.0  4.0  4.0  4.0   (482, 482, 317, 182)
 2:26.50  blue       4.0   4.0  4.0  4.0  4.0   (482, 482, 317, 182)
 2:27.00  blue       4.0   4.0  4.0  4.0  4.0   (482, 482, 317, 182)
 2:27.50  teal       5.0   5.0  5.0  5.0  5.0   (792, 249, 316, 233)
 2:28.00  teal       5.0   5.0  5.0  5.0  5.0   (676, 249, 316, 233)
 2:28.50  teal       5.0   5.0  5.0  5.0  5.0   (676, 249, 316, 233)
 2:29.00  teal       5.0   5.0  5.0  5.0  5.0   (676, 249, 316, 233)
 2:29.50  teal       5.0   5.0  5.0  5.0  5.0   (676, 249, 316, 233)
 2:30.00  teal       5.0   5.0  5.0  5.0  5.0   (676, 249, 316, 233)
 2:30.50  teal       5.0   5.0  5.0  5.0  5.0   (676, 249, 316, 233)
 2:31.00  teal       5.0   5.0  5.0  5.0  5.0   (676, 249, 316, 233)
 2:31.50  teal       5.0   5.0  5.0  5.0  5.0   (676, 249, 316, 233)
 2:32.00  teal       5.0   5.0  5.0  5.0  5.0   (676, 249, 316, 233)
 2:32.50  teal       5.0   5.0  5.0  5.0  5.0   (676, 249, 316, 233)
 2:33.00  teal       5.0   5.0  5.0  5.0  5.0   (676, 249, 316, 233)
 2:33.50  teal       5.0   5.0  5.0  5.0  5.0   (676, 249, 316, 233)
 2:34.00  teal       5.0   5.0  5.0  5.0  5.0   (676, 249, 316, 233)
 2:34.50  teal       5.0   5.0  5.0  5.0  5.0   (676, 249, 316, 233)
 2:35.00  teal       5.0   5.0  5.0  5.0  5.0   (676, 249, 316, 233)
 2:35.50  teal       5.0   5.0  5.0  5.0  5.0   (676, 249, 316, 233)
 2:36.00  teal       5.0   5.0  5.0  5.0  5.0   (676, 249, 316, 233)
 2:36.50  teal       5.0   5.0  5.0  5.0  5.0   (676, 482, 316, 183)
 2:37.00  teal       5.0   5.0  5.0  5.0  5.0   (676, 482, 316, 183)
 2:37.50  teal       5.0   5.0  5.0  5.0  5.0   (676, 482, 316, 183)
 2:38.00  teal       5.0   5.0  5.0  5.0  5.0   (676, 482, 316, 183)
 2:38.50  teal       5.0   5.0  5.0  5.0  5.0   (676, 482, 316, 183)
 2:39.00  teal       5.0   5.0  5.0  5.0  5.0   (676, 482, 316, 183)
 2:39.50  teal       5.0   5.0  5.0  5.0  5.0   (676, 482, 316, 183)
 2:40.00  teal       5.0   5.0  5.0  5.0  5.0   (676, 482, 316, 183)
 2:40.50  teal       5.0   5.0  5.0  5.0  5.0   (676, 482, 316, 183)
 2:41.00  teal       5.0   5.0  5.0  5.0  5.0   (676, 482, 316, 183)
 2:41.50  teal       5.0   5.0  5.0  5.0  5.0   (676, 482, 316, 183)
 2:42.00  teal       5.0   5.0  5.0  5.0  5.0   (676, 482, 316, 183)
 2:43.00  violet     4.0   4.0  4.0  4.0  4.0   (125, 650, 914, 60)
 2:43.50  violet     4.0   4.0  4.0  4.0  4.0   (222, 620, 836, 55)
 2:44.00  violet     4.0   4.0  4.0  4.0  4.0   (222, 620, 836, 54)
 2:44.50  violet     4.0   4.0  4.0  4.0  4.0   (222, 620, 836, 54)
 2:45.00  violet     4.0   4.0  4.0  4.0  4.0   (222, 620, 836, 54)
 2:45.50  violet     4.0   4.0  4.0  4.0  4.0   (222, 620, 836, 54)
 2:46.00  violet     4.0   4.0  4.0  4.0  4.0   (222, 620, 836, 54)
 2:46.50  violet     4.0   4.0  4.0  4.0  4.0   (222, 620, 836, 54)
 2:49.50  green      4.5   7.0  7.0  2.0  2.0   (328, 413, 104, 68)
 2:50.00  green      4.5   7.0  7.0  2.0  2.0   (328, 413, 104, 68)
 2:50.50  green      4.5   7.0  7.0  2.0  2.0   (328, 413, 104, 68)
 2:51.00  green      4.5   7.0  7.0  2.0  2.0   (328, 413, 104, 68)
 2:51.50  green      4.5   7.0  7.0  2.0  2.0   (328, 413, 104, 68)
 2:52.00  green      4.5   7.0  7.0  2.0  2.0   (328, 413, 104, 68)
 2:52.50  green      4.5   7.0  7.0  2.0  2.0   (328, 413, 104, 68)
 2:53.00  green      4.5   7.0  7.0  2.0  2.0   (328, 413, 104, 68)
 2:53.50  green      4.5   7.0  7.0  2.0  2.0   (328, 413, 104, 68)
 2:54.00  green      4.5   7.0  7.0  2.0  2.0   (328, 413, 104, 68)
 2:54.50  green      2.0   1.0  8.0  2.0  2.0   (326, 445, 116, 75)
 2:54.50  teal       3.2   3.0  4.0  3.0  3.5   (325, 444, 167, 88)
 2:54.50  purple     4.0   4.0  4.0  4.0  4.0   (307, 75, 360, 315)
 2:55.00  purple     7.0   7.0  7.0  6.0  7.0   (276, 41, 714, 626)
 2:55.50  purple     6.5   7.0  7.0  6.0  6.0   (274, 39, 733, 643)
 2:56.00  purple     6.5   7.0  7.0  6.0  6.0   (274, 39, 733, 643)
 2:56.50  purple     6.5   7.0  7.0  6.0  6.0   (274, 39, 733, 643)
 2:57.00  purple     6.5   7.0  7.0  6.0  6.0   (274, 39, 733, 643)
 2:57.50  purple     6.5   7.0  7.0  6.0  6.0   (274, 39, 733, 643)
 2:58.00  purple     7.0   7.0  7.0  7.0  6.0   (274, 39, 733, 643)
 2:58.50  purple     7.0   7.0  7.0  7.0  6.0   (274, 39, 733, 643)
 2:59.00  purple     7.0   7.0  7.0  7.0  6.0   (274, 39, 733, 643)
 2:59.50  purple     7.0   7.0  7.0  7.0  6.0   (274, 39, 733, 643)
 3:00.00  purple     7.0   7.0  7.0  7.0  6.0   (274, 39, 733, 643)
 3:00.50  purple     7.0   7.0  7.0  7.0  6.0   (274, 39, 733, 643)
 3:01.00  purple     7.0   7.0  7.0  7.0  6.0   (274, 39, 733, 643)
 3:01.50  purple     7.0   7.0  7.0  7.0  6.0   (274, 39, 733, 643)
 3:02.00  purple     7.0   7.0  7.0  7.0  6.0   (274, 39, 733, 643)
 3:02.50  purple     7.0   7.0  7.0  7.0  6.0   (274, 39, 733, 643)
 3:03.00  purple     7.0   7.0  7.0  7.0  6.0   (274, 39, 733, 643)
 3:03.50  blue       6.0   6.0  6.0  6.0  6.0   (1031, 40, 249, 642)
 3:04.00  blue       6.0   6.0  7.0  6.0  6.0   (486, 40, 732, 642)
 3:04.50  blue       6.0   7.0  6.0  6.0  6.0   (274, 40, 733, 642)
 3:05.00  blue       6.0   7.0  6.0  6.0  6.0   (274, 40, 733, 642)
 3:05.50  blue       6.0   7.0  6.0  6.0  6.0   (274, 40, 733, 642)
 3:06.00  blue       6.0   7.0  6.0  6.0  6.0   (274, 40, 733, 642)
 3:06.50  blue       6.0   7.0  6.0  6.0  6.0   (274, 40, 733, 642)
 3:07.00  blue       6.0   7.0  6.0  6.0  6.0   (274, 40, 733, 642)
 3:07.50  blue       6.0   7.0  6.0  6.0  6.0   (274, 40, 733, 642)
 3:08.00  blue       6.0   7.0  6.0  6.0  6.0   (274, 40, 733, 642)
 3:08.50  blue       6.0   7.0  6.0  6.0  6.0   (274, 40, 733, 642)
 3:09.00  blue       6.0   7.0  6.0  6.0  6.0   (274, 40, 733, 642)
 3:09.50  blue       6.0   7.0  6.0  6.0  6.0   (274, 40, 733, 642)
 3:10.00  blue       6.0   7.0  6.0  6.0  6.0   (274, 40, 733, 642)
 3:10.50  blue       6.0   7.0  6.0  6.0  6.0   (274, 40, 733, 642)
 3:11.00  blue       6.0   7.0  6.0  6.0  6.0   (274, 40, 733, 642)
 3:11.50  blue       6.0   7.0  6.0  6.0  6.0   (274, 40, 733, 642)
 3:12.00  blue       6.0   7.0  6.0  6.0  6.0   (274, 40, 733, 642)
 3:13.00  teal       7.0   7.0  7.0  7.0  7.0   (270, 70, 733, 588)
 3:13.00  teal       7.8   7.5  8.0  7.0 17.5   (318, 163, 330, 168)
 3:13.50  green      3.8   2.0 16.0  3.5  4.0   (312, 160, 236, 155)
 3:13.50  teal       7.0   7.0  7.0  7.0  7.0   (274, 67, 733, 587)
 3:13.50  teal       7.8   7.5  8.0  6.0 18.0   (312, 159, 341, 169)
 3:13.50  gold       9.8  12.0  7.5  2.5 24.5   (1073, 208, 207, 142)
 3:14.00  green      3.8   2.0 16.0  3.5  4.0   (312, 160, 236, 155)
 3:14.00  teal       7.0   7.0  7.0  7.0  7.0   (274, 67, 733, 587)
 3:14.00  teal       7.8   7.5  8.0  6.0 18.0   (312, 159, 341, 169)
 3:14.00  gold       9.8  12.0  7.5  2.5 24.5   (1073, 208, 207, 142)
 3:14.50  green      3.8   2.0 16.0  3.5  4.0   (312, 160, 236, 155)
 3:14.50  teal       7.0   7.0  7.0  7.0  7.0   (274, 67, 733, 587)
 3:14.50  teal       7.8   7.5  8.0  6.0 18.0   (312, 159, 341, 169)
 3:14.50  gold       9.8  12.0  7.5  2.5 24.5   (1073, 208, 207, 142)
 3:15.00  green      3.8   2.0 16.0  3.5  4.0   (312, 160, 236, 155)
 3:15.00  teal       7.0   7.0  7.0  7.0  7.0   (274, 67, 733, 587)
 3:15.00  teal       7.8   7.5  8.0  6.0 18.0   (312, 159, 341, 169)
 3:15.00  gold       9.8  12.0  7.5  2.5 24.5   (1073, 208, 207, 142)
 3:15.50  green      3.8   2.0 16.0  3.5  4.0   (312, 160, 236, 155)
 3:15.50  teal       7.0   7.0  7.0  7.0  7.0   (274, 67, 733, 587)
 3:15.50  teal       7.8   7.5  8.0  6.0 18.0   (312, 159, 341, 169)
 3:15.50  gold       9.8  12.0  7.5  2.5 24.5   (1073, 208, 207, 142)
 3:16.00  green      3.8   2.0 16.0  3.5  4.0   (312, 160, 236, 155)
 3:16.00  teal       7.0   7.0  7.0  7.0  7.0   (274, 67, 733, 587)
 3:16.00  teal       7.8   7.5  8.0  6.0 18.0   (312, 159, 341, 169)
 3:16.00  gold       9.8  12.0  7.5  2.5 24.5   (1073, 208, 207, 142)
 3:16.50  green      3.8   2.0 16.0  3.5  4.0   (312, 160, 236, 155)
 3:16.50  teal       7.0   7.0  7.0  7.0  7.0   (274, 67, 733, 587)
 3:16.50  teal       7.8   7.5  8.0  6.0 18.0   (312, 159, 341, 169)
 3:16.50  gold       9.8  12.0  7.5  2.5 24.5   (1073, 208, 207, 142)
 3:17.00  green      3.8   2.0 16.0  3.5  4.0   (312, 160, 236, 155)
 3:17.00  teal       7.0   7.0  7.0  7.0  7.0   (274, 67, 733, 587)
 3:17.00  teal       7.8   7.5  8.0  6.0 18.0   (312, 159, 341, 169)
 3:17.00  gold       9.8  12.0  7.5  2.5 24.5   (1073, 208, 207, 142)
 3:17.50  green      3.8   2.0 16.0  3.5  4.0   (312, 160, 236, 155)
 3:17.50  teal       7.0   7.0  7.0  7.0  7.0   (274, 67, 733, 587)
 3:17.50  teal       7.8   7.5  8.0  6.0 18.0   (312, 159, 341, 169)
 3:17.50  gold       9.8  12.0  7.5  2.5 24.5   (1073, 208, 207, 142)
 3:18.00  green      3.8   2.0 16.0  3.5  4.0   (312, 160, 236, 155)
 3:18.00  teal       7.0   7.0  7.0  7.0  7.0   (274, 67, 733, 587)
 3:18.00  teal       7.8   7.5  8.0  6.0 18.0   (312, 159, 341, 169)
 3:18.00  gold       9.8  12.0  7.5  2.5 24.5   (1073, 208, 207, 142)
 3:18.50  green      3.8   2.0 16.0  3.5  4.0   (312, 160, 236, 155)
 3:18.50  teal       7.0   7.0  7.0  7.0  7.0   (274, 67, 733, 587)
 3:18.50  teal       7.8   7.5  8.0  6.0 18.0   (312, 159, 341, 169)
 3:18.50  gold       9.8  12.0  7.5  2.5 24.5   (1073, 208, 207, 142)
 3:19.00  green      3.8   2.0 16.0  3.5  4.0   (312, 160, 236, 155)
 3:19.00  teal       7.0   7.0  7.0  7.0  7.0   (274, 67, 733, 587)
 3:19.00  teal       7.8   7.5  8.0  6.0 18.0   (312, 159, 341, 169)
 3:19.00  gold       9.8  12.0  7.5  2.5 24.5   (1073, 208, 207, 142)
 3:19.50  green      3.8   2.0 16.0  3.5  4.0   (312, 160, 236, 155)
 3:19.50  teal       7.0   7.0  7.0  7.0  7.0   (274, 67, 733, 587)
 3:19.50  teal       7.8   7.5  8.0  6.0 18.0   (312, 159, 341, 169)
 3:19.50  gold       9.8  12.0  7.5  2.5 24.5   (1073, 208, 207, 142)
 3:20.00  green      3.8   2.0 16.0  3.5  4.0   (312, 160, 236, 155)
 3:20.00  teal       7.0   7.0  7.0  7.0  7.0   (274, 67, 733, 587)
 3:20.00  teal       7.8   7.5  8.0  6.0 18.0   (312, 159, 341, 169)
 3:20.00  gold       9.8  12.0  7.5  2.5 24.5   (1073, 208, 207, 142)
 3:20.50  green      3.8   2.0 16.0  3.5  4.0   (312, 160, 236, 155)
 3:20.50  teal       7.0   7.0  7.0  7.0  7.0   (274, 67, 733, 587)
 3:20.50  teal       7.8   7.5  8.0  6.0 18.0   (312, 159, 341, 169)
 3:20.50  gold       9.8  12.0  7.5  2.5 24.5   (1073, 208, 207, 142)
 3:21.00  teal       7.0   8.0  8.0  6.0  1.5   (0, 159, 201, 181)
 3:21.00  amber      6.0   6.0  6.0  6.0  6.0   (579, 67, 701, 587)
 3:21.00  gold       2.0   2.0  2.0  2.0  4.0   (1074, 289, 118, 53)
 3:21.50  amber      6.0   6.0  7.0  6.0  6.0   (275, 68, 731, 586)
 3:21.50  gold       1.5   1.0  1.0  2.0  4.0   (770, 289, 118, 53)
 3:22.00  amber      6.0   6.0  7.0  6.0  6.0   (275, 68, 731, 586)
 3:22.00  gold       1.5   1.0  1.0  2.0  4.0   (770, 289, 118, 53)
 3:22.50  amber      6.0   6.0  7.0  6.0  6.0   (275, 68, 731, 586)
 3:22.50  gold       1.5   1.0  1.0  2.0  4.0   (770, 289, 118, 53)
 3:23.00  amber      6.0   6.0  7.0  6.0  6.0   (275, 68, 731, 586)
 3:23.00  gold       1.5   1.0  1.0  2.0  4.0   (770, 289, 118, 53)
 3:23.50  amber      6.0   6.0  7.0  6.0  6.0   (275, 68, 731, 586)
 3:23.50  gold       1.5   1.0  1.0  2.0  4.0   (770, 289, 118, 53)
 3:24.00  amber      6.0   6.0  7.0  6.0  6.0   (275, 68, 731, 586)
 3:24.00  gold       1.5   1.0  1.0  2.0  4.0   (770, 289, 118, 53)
 3:24.50  amber      6.0   6.0  7.0  6.0  6.0   (275, 68, 731, 586)
 3:24.50  gold       1.5   1.0  1.0  2.0  4.0   (770, 289, 118, 53)
 3:25.00  amber      6.0   6.0  7.0  6.0  6.0   (275, 68, 731, 586)
 3:25.00  gold       1.5   1.0  1.0  2.0  4.0   (770, 289, 118, 53)
 3:25.50  amber      6.0   6.0  7.0  6.0  6.0   (275, 68, 731, 586)
 3:25.50  gold       1.5   1.0  1.0  2.0  4.0   (770, 289, 118, 53)
 3:26.00  amber      6.0   6.0  7.0  6.0  6.0   (275, 68, 731, 586)
 3:26.00  gold       1.5   1.0  1.0  2.0  4.0   (770, 289, 118, 53)
 3:26.50  amber      6.0   6.0  7.0  6.0  6.0   (275, 68, 731, 586)
 3:26.50  gold       1.5   1.0  1.0  2.0  4.0   (770, 289, 118, 53)
 3:27.00  amber      6.0   6.0  7.0  6.0  6.0   (275, 68, 731, 586)
 3:27.00  gold       1.5   1.0  1.0  2.0  4.0   (770, 289, 118, 53)
 3:27.50  amber      6.0   6.0  7.0  6.0  6.0   (275, 68, 731, 586)
 3:27.50  gold       1.5   1.0  1.0  2.0  4.0   (770, 289, 118, 53)
 3:28.00  amber      6.0   6.0  7.0  6.0  6.0   (275, 68, 731, 586)
 3:28.00  gold       1.5   1.0  1.0  2.0  4.0   (770, 289, 118, 53)
 3:28.50  amber      6.0   6.0  7.0  6.0  6.0   (275, 68, 731, 586)
 3:28.50  gold       1.5   1.0  1.0  2.0  4.0   (770, 289, 118, 53)
 3:29.00  amber      6.0   6.0  7.0  6.0  6.0   (275, 68, 731, 586)
 3:29.00  gold       1.5   1.0  1.0  2.0  4.0   (770, 289, 118, 53)
 3:29.50  amber      6.0   6.0  7.0  6.0  6.0   (275, 68, 731, 586)
 3:29.50  gold       1.5   1.0  1.0  2.0  4.0   (770, 289, 118, 52)
 3:30.00  gold      11.5  12.0  4.0 13.0 11.0   (360, 416, 109, 50)
 3:30.50  green      5.5   9.0  9.0  2.0  2.0   (257, 390, 116, 76)
 3:30.50  teal       4.0   4.0  4.0  3.0 10.0   (262, 389, 163, 83)
 3:30.50  teal       2.5   4.0  4.0  1.0  1.0   (255, 390, 117, 89)
 3:30.50  amber      5.5  11.5  2.0  9.0  2.0   (633, 443, 104, 59)
 3:30.50  gold      16.0   6.0 14.0 28.0 18.0   (622, 348, 348, 184)
 3:30.50  gold       8.0   1.0 14.0 16.0  2.0   (828, 382, 123, 108)
 3:31.00  green      4.2   6.5  6.5  2.0  2.0   (328, 413, 104, 68)
 3:31.00  gold      15.5  18.0 13.0 21.0  9.5   (648, 376, 120, 121)
 3:31.00  gold       7.0   2.0 12.0 14.0  1.0   (840, 406, 110, 97)
 3:31.50  green      4.2   6.5  6.5  2.0  2.0   (328, 413, 104, 68)
 3:31.50  gold      15.5  18.0 13.0 21.0  9.5   (648, 376, 120, 121)
 3:31.50  gold       7.0   2.0 12.0 14.0  1.0   (840, 406, 110, 97)
 3:32.00  green      4.2   6.5  6.5  2.0  2.0   (328, 413, 104, 68)
 3:32.00  gold      15.5  18.0 13.0 21.0  9.5   (648, 376, 120, 121)
 3:32.00  gold       7.0   2.0 12.0 14.0  1.0   (840, 406, 110, 97)
 3:32.50  green      4.2   6.5  6.5  2.0  2.0   (328, 413, 104, 68)
 3:32.50  gold      15.5  18.0 13.0 21.0  9.5   (648, 376, 120, 121)
 3:32.50  gold       7.0   2.0 12.0 14.0  1.0   (840, 406, 110, 97)

# 349 ring samples in 79 runs; stroke histogram (rounded px): 2 px: 21, 3 px: 1, 4 px: 183, 5 px: 30, 6 px: 43, 7 px: 33, 8 px: 17, 10 px: 15, 12 px: 1, 16 px: 5
# runs (start, end, color, median stroke, min-max, samples)
 0:17.00 -  0:19.50  violet    4.0   4.0- 4.0    6
 0:20.00 -  0:33.50  blue      4.0   4.0- 4.0   28
 0:34.00 -  0:48.50  blue      4.0   4.0- 4.0   30
 0:49.00 -  0:57.00  violet    4.0   4.0- 4.0   17
 0:58.50 -  0:59.00  gold      3.2   2.5- 4.0    2
 1:56.50 -  1:56.50  purple    4.0   4.0- 4.0    1
 1:57.00 -  2:03.50  purple    4.0   4.0- 4.0   14
 2:04.00 -  2:11.50  purple    4.0   4.0- 4.0   16
 2:12.00 -  2:12.00  blue      4.0   4.0- 4.0    1
 2:12.50 -  2:12.50  blue      4.0   4.0- 4.0    1
 2:13.00 -  2:20.50  blue      4.0   4.0- 4.0   16
 2:21.00 -  2:27.00  blue      4.0   4.0- 4.0   13
 2:27.50 -  2:27.50  teal      5.0   5.0- 5.0    1
 2:28.00 -  2:36.00  teal      5.0   5.0- 5.0   17
 2:36.50 -  2:42.00  teal      5.0   5.0- 5.0   12
 2:43.00 -  2:43.00  violet    4.0   4.0- 4.0    1
 2:43.50 -  2:46.50  violet    4.0   4.0- 4.0    7
 2:49.50 -  2:54.50  green     4.5   2.0- 4.5   11
 2:54.50 -  2:54.50  teal      3.2   3.2- 3.2    1
 2:54.50 -  2:54.50  purple    4.0   4.0- 4.0    1
 2:55.00 -  3:03.00  purple    7.0   6.5- 7.0   17
 3:03.50 -  3:03.50  blue      6.0   6.0- 6.0    1
 3:04.00 -  3:04.00  blue      6.0   6.0- 6.0    1
 3:04.50 -  3:12.00  blue      6.0   6.0- 6.0   16
 3:13.00 -  3:13.00  teal      7.0   7.0- 7.0    1
 3:13.00 -  3:13.00  teal      7.8   7.8- 7.8    1
 3:13.50 -  3:20.50  green     3.8   3.8- 3.8   15
 3:13.50 -  3:13.50  teal      7.0   7.0- 7.0    1
 3:13.50 -  3:13.50  teal      7.8   7.8- 7.8    1
 3:13.50 -  3:20.50  gold      9.8   9.8- 9.8   15
 3:14.00 -  3:14.00  teal      7.0   7.0- 7.0    1
 3:14.00 -  3:14.00  teal      7.8   7.8- 7.8    1
 3:14.50 -  3:14.50  teal      7.0   7.0- 7.0    1
 3:14.50 -  3:14.50  teal      7.8   7.8- 7.8    1
 3:15.00 -  3:15.00  teal      7.0   7.0- 7.0    1
 3:15.00 -  3:15.00  teal      7.8   7.8- 7.8    1
 3:15.50 -  3:15.50  teal      7.0   7.0- 7.0    1
 3:15.50 -  3:15.50  teal      7.8   7.8- 7.8    1
 3:16.00 -  3:16.00  teal      7.0   7.0- 7.0    1
 3:16.00 -  3:16.00  teal      7.8   7.8- 7.8    1
 3:16.50 -  3:16.50  teal      7.0   7.0- 7.0    1
 3:16.50 -  3:16.50  teal      7.8   7.8- 7.8    1
 3:17.00 -  3:17.00  teal      7.0   7.0- 7.0    1
 3:17.00 -  3:17.00  teal      7.8   7.8- 7.8    1
 3:17.50 -  3:17.50  teal      7.0   7.0- 7.0    1
 3:17.50 -  3:17.50  teal      7.8   7.8- 7.8    1
 3:18.00 -  3:18.00  teal      7.0   7.0- 7.0    1
 3:18.00 -  3:18.00  teal      7.8   7.8- 7.8    1
 3:18.50 -  3:18.50  teal      7.0   7.0- 7.0    1
 3:18.50 -  3:18.50  teal      7.8   7.8- 7.8    1
 3:19.00 -  3:19.00  teal      7.0   7.0- 7.0    1
 3:19.00 -  3:19.00  teal      7.8   7.8- 7.8    1
 3:19.50 -  3:19.50  teal      7.0   7.0- 7.0    1
 3:19.50 -  3:19.50  teal      7.8   7.8- 7.8    1
 3:20.00 -  3:20.00  teal      7.0   7.0- 7.0    1
 3:20.00 -  3:20.00  teal      7.8   7.8- 7.8    1
 3:20.50 -  3:20.50  teal      7.0   7.0- 7.0    1
 3:20.50 -  3:20.50  teal      7.8   7.8- 7.8    1
 3:21.00 -  3:21.00  teal      7.0   7.0- 7.0    1
 3:21.00 -  3:21.00  amber     6.0   6.0- 6.0    1
 3:21.00 -  3:21.00  gold      2.0   2.0- 2.0    1
 3:21.50 -  3:29.50  amber     6.0   6.0- 6.0   17
 3:21.50 -  3:29.50  gold      1.5   1.5- 1.5   17
 3:30.00 -  3:30.00  gold     11.5  11.5-11.5    1
 3:30.50 -  3:30.50  green     5.5   5.5- 5.5    1
 3:30.50 -  3:30.50  teal      4.0   4.0- 4.0    1
 3:30.50 -  3:30.50  teal      2.5   2.5- 2.5    1
 3:30.50 -  3:30.50  amber     5.5   5.5- 5.5    1
 3:30.50 -  3:30.50  gold     16.0  16.0-16.0    1
 3:30.50 -  3:30.50  gold      8.0   8.0- 8.0    1
 3:31.00 -  3:32.50  green     4.2   4.2- 4.2    4
 3:31.00 -  3:31.00  gold     15.5  15.5-15.5    1
 3:31.00 -  3:31.00  gold      7.0   7.0- 7.0    1
 3:31.50 -  3:31.50  gold     15.5  15.5-15.5    1
 3:31.50 -  3:31.50  gold      7.0   7.0- 7.0    1
 3:32.00 -  3:32.00  gold     15.5  15.5-15.5    1
 3:32.00 -  3:32.00  gold      7.0   7.0- 7.0    1
 3:32.50 -  3:32.50  gold     15.5  15.5-15.5    1
 3:32.50 -  3:32.50  gold      7.0   7.0- 7.0    1
