97.200  -40.3
97.210  -26.9
97.220  -16.0
97.230  -38.3
97.240  -16.6
97.250  -27.5
97.260  -47.1
97.270  -52.0
97.280  -54.4
97.290  -53.9
97.300  -52.4
97.310  -50.0
97.320  -47.5
97.330  -42.1
97.340  -32.5
97.350  -40.1
97.360  -26.6
97.370  -22.1
97.380  -19.2
97.390  -18.9
97.400  -20.0
97.410  -21.8
97.420  -23.1
97.430  -27.9
97.440  -46.6
97.450  -56.3
97.460  -59.5
97.470  -59.2
97.480  -55.1
97.490  -47.4
97.500  -45.6
97.510  -43.0
97.520  -42.8
97.530  -41.9
97.540  -43.1
97.550  -43.9
97.560  -43.6
97.570  -45.9
97.580  -45.4
97.590  -46.6
97.600  -50.2
97.610  -49.8
97.620  -48.9
97.630  -50.2
97.640  -51.5
97.650  -51.6
97.660  -52.5
97.670  -52.2
97.680  -54.4
97.690  -54.8
97.700  -56.8
97.710  -58.2
97.720  -58.4
97.730  -61.0
97.740  -60.1
97.750  -61.6
97.760  -62.3
97.770  -62.9
97.780  -66.0
97.790  -68.5
97.800  -68.4
97.810  -62.4
97.820  -61.6
97.830  -65.9
97.840  -64.8
97.850  -57.9
97.860  -43.7
97.870  -33.9
97.880  -19.9
97.890   -9.9
97.900   -8.9
97.910   -8.6
97.920  -10.0
97.930   -8.9
97.940  -10.2
102.900  -37.9
102.910  -40.0
102.920  -41.8
102.930  -42.3
102.940  -42.2
102.950  -42.1
102.960  -43.0
102.970  -44.3
102.980  -45.3
102.990  -46.4
103.000  -46.9
103.010  -48.0
103.020  -49.0
103.030  -50.9
103.040  -51.4
103.050  -50.8
103.060  -50.4
103.070  -49.9
103.080  -50.4
103.090  -50.6
103.100  -49.0
103.110  -49.7
103.120  -25.5
103.130  -19.9
103.140  -23.2
103.150  -11.1
103.160   -9.4
103.170  -11.5
103.180  -23.8
103.190  -32.3
104.100  -14.4
104.110  -16.6
104.120  -21.0
104.130  -27.4
104.140  -17.7
104.150  -13.4
104.160  -20.4
104.170  -26.7
104.180  -32.2
104.190  -33.7
104.200  -18.6
104.210  -12.8
104.220  -13.5
104.230  -12.9
104.240  -12.4
104.250  -14.2
104.260  -16.7
104.270  -22.2
104.280  -23.2
104.290  -26.3
104.300  -31.2
104.310  -38.5
104.320  -27.4
104.330  -20.8
104.340  -20.6
104.350  -21.7
104.360  -24.5
104.370  -34.5
104.380  -31.9
104.390  -29.3
104.400  -31.6
104.410  -27.7
104.420  -15.1
104.430  -13.7
104.440  -14.0
104.450  -13.9
104.460  -13.3
104.470  -13.3
104.480  -13.0
104.490  -13.9
104.500  -12.7
104.510  -12.6
104.520  -13.7
104.530  -14.1
104.540  -14.7
104.550  -13.4
104.560  -13.1
104.570  -13.2
104.580  -13.2
104.590  -13.9
104.600  -13.6
104.610  -15.7
104.620  -18.1
104.630  -21.6
104.640  -26.1
104.650  -28.5
104.660  -29.9
104.670  -21.5
104.680  -20.4
104.690  -21.3
104.700  -21.3
104.710  -19.8
104.720  -18.2
104.730  -17.3
104.740  -23.9
104.750  -34.5
104.760  -37.8
104.770  -39.5
104.780  -39.7
104.790  -40.2
104.800  -40.4
104.810  -41.0
104.820  -42.7
104.830  -34.3
104.840  -27.2
104.850  -14.8
104.860  -13.9
104.870  -13.7
104.880  -14.7
104.890  -15.7
104.900  -16.0
104.910  -16.6
104.920  -17.3
104.930  -16.9
104.940  -18.5
104.950  -19.0
104.960  -21.9
104.970  -26.6
104.980  -35.6
104.990  -42.3
105.000  -40.9
105.010  -14.2
105.020  -24.3
105.030  -32.3
105.040  -33.5
105.050  -30.8
105.060  -30.7
105.070  -28.9
105.080  -30.8
105.090  -31.0
105.100  -30.2
105.110  -29.6
105.120  -29.8
105.130  -29.7
105.140  -31.3
105.150  -31.0
105.160  -18.2
105.170  -13.3
105.180  -12.4
105.190  -12.7
105.200  -12.8
105.210  -11.8
105.220  -13.2
105.230  -14.6
105.240  -15.4
105.250  -15.1
105.260  -15.2
105.270  -15.4
105.280  -15.7
105.290  -15.8
105.300  -16.0
105.310  -15.6
105.320  -13.3
105.330  -14.2
105.340  -12.4
105.350  -12.6
105.360  -12.8
105.370  -13.5
105.380  -14.2
105.390  -13.1
105.400  -16.5
105.410  -19.2
105.420  -22.0
105.430  -21.1
105.440  -23.1
105.450  -21.2
105.460  -18.8
105.470  -16.1
105.480  -13.8
105.490  -16.5
105.500  -15.9
105.510  -16.7
105.520  -18.9
105.530  -18.1
105.540  -20.1
105.550  -19.0
105.560  -19.6
105.570  -28.1
105.580  -34.6
105.590  -35.9
105.600  -35.5
105.610  -36.4
105.620  -25.8
105.630  -13.2
105.640  -26.4
105.650  -33.1
105.660  -19.3
105.670  -14.5
105.680  -15.2
105.690  -28.1
105.700  -28.7
105.710  -35.9
105.720  -38.8
105.730  -28.2
105.740  -24.9
105.750  -12.9
105.760  -14.9
105.770  -28.6
105.780  -38.1
105.790  -39.3
105.800  -41.0
106.200  -13.0
106.210  -15.0
106.220  -17.4
106.230  -20.3
106.240  -25.2
106.250  -28.1
106.260  -31.0
106.270  -32.8
106.280  -31.8
106.290  -27.0
106.300  -16.5
106.310  -12.1
106.320  -11.4
106.330  -13.0
106.340  -15.1
106.350  -20.2
106.360  -29.6
106.370  -34.9
106.380  -36.0
106.390  -37.6
106.400  -38.8
106.410  -34.4
106.420  -27.3
106.430  -30.9
106.440  -32.8
106.450  -32.5
106.460  -29.6
106.470  -15.5
106.480  -14.3
106.490  -14.8
106.500  -15.9
106.510  -17.5
106.520  -17.2
106.530  -18.6
106.540  -18.9
106.550  -18.7
106.560  -19.2
106.570  -18.2
106.580  -18.6
106.590  -16.7
106.600  -17.4
106.610  -15.9
106.620  -17.5
106.630  -15.6
106.640  -17.4
106.650  -15.6
106.660  -18.4
106.670  -15.8
106.680  -16.8
106.690  -15.5